5.470000000000000000e+03
5.471000000000000000e+03
5.472000000000000000e+03
5.474000000000000000e+03
5.478000000000000000e+03
5.482000000000000000e+03
5.486000000000000000e+03
5.490000000000000000e+03
5.491000000000000000e+03
5.492000000000000000e+03
5.494000000000000000e+03
5.496000000000000000e+03
5.498000000000000000e+03
5.500000000000000000e+03
5.502000000000000000e+03
5.503000000000000000e+03
5.504000000000000000e+03
5.505000000000000000e+03
5.506000000000000000e+03
5.507000000000000000e+03
5.508000000000000000e+03
5.509000000000000000e+03
5.510000000000000000e+03
5.512000000000000000e+03
5.513000000000000000e+03
5.514000000000000000e+03
5.516000000000000000e+03
5.518000000000000000e+03
5.520000000000000000e+03
5.522000000000000000e+03
5.524000000000000000e+03
5.525000000000000000e+03
5.526000000000000000e+03
5.528000000000000000e+03
5.529000000000000000e+03
5.530000000000000000e+03
5.532000000000000000e+03
5.534000000000000000e+03
5.536000000000000000e+03
5.537000000000000000e+03
5.538000000000000000e+03
5.540000000000000000e+03
5.541000000000000000e+03
5.542000000000000000e+03
5.544000000000000000e+03
5.545000000000000000e+03
5.546000000000000000e+03
5.547000000000000000e+03
5.548000000000000000e+03
5.549000000000000000e+03
5.550000000000000000e+03
5.552000000000000000e+03
5.553000000000000000e+03
5.554000000000000000e+03
5.556000000000000000e+03
5.557000000000000000e+03
5.558000000000000000e+03
5.559000000000000000e+03
5.560000000000000000e+03
5.561000000000000000e+03
5.562000000000000000e+03
5.563000000000000000e+03
5.564000000000000000e+03
5.565000000000000000e+03
5.566000000000000000e+03
5.567000000000000000e+03
5.568000000000000000e+03
5.569000000000000000e+03
5.570000000000000000e+03
5.571000000000000000e+03
5.572000000000000000e+03
5.573000000000000000e+03
5.574000000000000000e+03
5.575000000000000000e+03
5.576000000000000000e+03
5.577000000000000000e+03
5.578000000000000000e+03
5.579000000000000000e+03
5.580000000000000000e+03
5.581000000000000000e+03
5.582000000000000000e+03
5.583000000000000000e+03
5.584000000000000000e+03
5.585000000000000000e+03
5.586000000000000000e+03
5.587000000000000000e+03
5.588000000000000000e+03
5.589000000000000000e+03
5.590000000000000000e+03
5.591000000000000000e+03
5.592000000000000000e+03
5.593000000000000000e+03
5.594000000000000000e+03
5.595000000000000000e+03
5.596000000000000000e+03
5.597000000000000000e+03
5.598000000000000000e+03
5.599000000000000000e+03
5.600000000000000000e+03
5.601000000000000000e+03
5.602000000000000000e+03
5.603000000000000000e+03
5.604000000000000000e+03
5.605000000000000000e+03
5.606000000000000000e+03
5.607000000000000000e+03
5.608000000000000000e+03
5.609000000000000000e+03
5.610000000000000000e+03
5.611000000000000000e+03
5.612000000000000000e+03
5.613000000000000000e+03
5.614000000000000000e+03
5.615000000000000000e+03
5.616000000000000000e+03
5.617000000000000000e+03
5.618000000000000000e+03
5.619000000000000000e+03
5.620000000000000000e+03
5.621000000000000000e+03
5.622000000000000000e+03
5.623000000000000000e+03
5.624000000000000000e+03
5.625000000000000000e+03
5.626000000000000000e+03
5.627000000000000000e+03
5.628000000000000000e+03
5.629000000000000000e+03
5.630000000000000000e+03
5.631000000000000000e+03
5.632000000000000000e+03
5.633000000000000000e+03
5.634000000000000000e+03
5.635000000000000000e+03
5.636000000000000000e+03
5.637000000000000000e+03
5.638000000000000000e+03
5.639000000000000000e+03
5.640000000000000000e+03
5.641000000000000000e+03
5.642000000000000000e+03
5.643000000000000000e+03
5.644000000000000000e+03
5.645000000000000000e+03
5.646000000000000000e+03
5.647000000000000000e+03
5.648000000000000000e+03
5.650000000000000000e+03
5.651000000000000000e+03
5.652000000000000000e+03
5.654000000000000000e+03
5.655000000000000000e+03
5.656000000000000000e+03
5.657000000000000000e+03
5.658000000000000000e+03
5.660000000000000000e+03
5.662000000000000000e+03
5.663000000000000000e+03
5.664000000000000000e+03
5.668000000000000000e+03
5.672000000000000000e+03
5.673000000000000000e+03
5.674000000000000000e+03
5.675000000000000000e+03
5.676000000000000000e+03
5.677000000000000000e+03
5.678000000000000000e+03
5.679000000000000000e+03
5.680000000000000000e+03
5.681000000000000000e+03
5.682000000000000000e+03
5.683000000000000000e+03
5.684000000000000000e+03
5.685000000000000000e+03
5.686000000000000000e+03
5.687000000000000000e+03
5.688000000000000000e+03
5.689000000000000000e+03
5.690000000000000000e+03
5.691000000000000000e+03
5.692000000000000000e+03
5.693000000000000000e+03
5.694000000000000000e+03
5.695000000000000000e+03
5.696000000000000000e+03
5.697000000000000000e+03
5.698000000000000000e+03
5.699000000000000000e+03
5.700000000000000000e+03
5.701000000000000000e+03
5.702000000000000000e+03
5.703000000000000000e+03
5.704000000000000000e+03
5.705000000000000000e+03
5.706000000000000000e+03
5.707000000000000000e+03
5.708000000000000000e+03
5.709000000000000000e+03
5.710000000000000000e+03
5.711000000000000000e+03
5.712000000000000000e+03
5.713000000000000000e+03
5.714000000000000000e+03
5.715000000000000000e+03
5.716000000000000000e+03
5.717000000000000000e+03
5.718000000000000000e+03
5.719000000000000000e+03
5.720000000000000000e+03
5.721000000000000000e+03
5.722000000000000000e+03
5.723000000000000000e+03
5.724000000000000000e+03
5.725000000000000000e+03
5.726000000000000000e+03
5.727000000000000000e+03
5.728000000000000000e+03
5.729000000000000000e+03
5.730000000000000000e+03
5.731000000000000000e+03
5.732000000000000000e+03
5.733000000000000000e+03
5.734000000000000000e+03
5.735000000000000000e+03
5.736000000000000000e+03
5.737000000000000000e+03
5.738000000000000000e+03
5.739000000000000000e+03
5.740000000000000000e+03
5.741000000000000000e+03
5.742000000000000000e+03
5.743000000000000000e+03
5.744000000000000000e+03
5.745000000000000000e+03
5.746000000000000000e+03
5.747000000000000000e+03
5.748000000000000000e+03
5.749000000000000000e+03
5.750000000000000000e+03
5.751000000000000000e+03
5.752000000000000000e+03
5.753000000000000000e+03
5.754000000000000000e+03
5.755000000000000000e+03
5.756000000000000000e+03
5.757000000000000000e+03
5.758000000000000000e+03
5.759000000000000000e+03
5.760000000000000000e+03
5.761000000000000000e+03
5.762000000000000000e+03
5.763000000000000000e+03
5.764000000000000000e+03
5.765000000000000000e+03
5.766000000000000000e+03
5.767000000000000000e+03
5.768000000000000000e+03
5.769000000000000000e+03
5.770000000000000000e+03
5.771000000000000000e+03
5.772000000000000000e+03
5.773000000000000000e+03
5.774000000000000000e+03
5.775000000000000000e+03
5.776000000000000000e+03
5.777000000000000000e+03
5.778000000000000000e+03
5.779000000000000000e+03
5.780000000000000000e+03
5.781000000000000000e+03
5.782000000000000000e+03
5.783000000000000000e+03
5.784000000000000000e+03
5.785000000000000000e+03
5.786000000000000000e+03
5.787000000000000000e+03
5.788000000000000000e+03
5.789000000000000000e+03
5.790000000000000000e+03
5.791000000000000000e+03
5.792000000000000000e+03
5.793000000000000000e+03
5.794000000000000000e+03
5.795000000000000000e+03
5.796000000000000000e+03
5.797000000000000000e+03
5.798000000000000000e+03
5.799000000000000000e+03
5.800000000000000000e+03
5.801000000000000000e+03
5.802000000000000000e+03
5.803000000000000000e+03
5.804000000000000000e+03
5.805000000000000000e+03
5.806000000000000000e+03
5.807000000000000000e+03
5.808000000000000000e+03
5.809000000000000000e+03
5.810000000000000000e+03
5.811000000000000000e+03
5.812000000000000000e+03
5.813000000000000000e+03
5.814000000000000000e+03
5.815000000000000000e+03
5.816000000000000000e+03
5.817000000000000000e+03
5.818000000000000000e+03
5.819000000000000000e+03
5.820000000000000000e+03
5.821000000000000000e+03
5.822000000000000000e+03
5.823000000000000000e+03
5.824000000000000000e+03
5.825000000000000000e+03
5.826000000000000000e+03
5.827000000000000000e+03
5.828000000000000000e+03
5.829000000000000000e+03
5.830000000000000000e+03
5.831000000000000000e+03
5.832000000000000000e+03
5.833000000000000000e+03
5.834000000000000000e+03
5.835000000000000000e+03
5.836000000000000000e+03
5.837000000000000000e+03
5.838000000000000000e+03
5.839000000000000000e+03
5.840000000000000000e+03
5.841000000000000000e+03
5.842000000000000000e+03
5.843000000000000000e+03
5.844000000000000000e+03
5.845000000000000000e+03
5.846000000000000000e+03
5.847000000000000000e+03
5.848000000000000000e+03
5.849000000000000000e+03
5.850000000000000000e+03
5.851000000000000000e+03
5.852000000000000000e+03
5.853000000000000000e+03
5.854000000000000000e+03
5.855000000000000000e+03
5.856000000000000000e+03
5.857000000000000000e+03
5.858000000000000000e+03
5.859000000000000000e+03
5.860000000000000000e+03
5.861000000000000000e+03
5.862000000000000000e+03
5.863000000000000000e+03
5.864000000000000000e+03
5.865000000000000000e+03
5.866000000000000000e+03
5.867000000000000000e+03
5.868000000000000000e+03
5.869000000000000000e+03
5.870000000000000000e+03
5.871000000000000000e+03
5.872000000000000000e+03
5.873000000000000000e+03
5.874000000000000000e+03
5.875000000000000000e+03
5.876000000000000000e+03
5.877000000000000000e+03
5.878000000000000000e+03
5.879000000000000000e+03
5.880000000000000000e+03
5.881000000000000000e+03
5.882000000000000000e+03
5.883000000000000000e+03
5.884000000000000000e+03
5.885000000000000000e+03
5.886000000000000000e+03
5.887000000000000000e+03
5.888000000000000000e+03
5.889000000000000000e+03
5.890000000000000000e+03
5.891000000000000000e+03
5.892000000000000000e+03
5.893000000000000000e+03
5.894000000000000000e+03
5.895000000000000000e+03
5.896000000000000000e+03
5.897000000000000000e+03
5.898000000000000000e+03
5.899000000000000000e+03
5.900000000000000000e+03
5.901000000000000000e+03
5.902000000000000000e+03
5.903000000000000000e+03
5.904000000000000000e+03
5.905000000000000000e+03
5.906000000000000000e+03
5.907000000000000000e+03
5.908000000000000000e+03
5.909000000000000000e+03
5.910000000000000000e+03
5.911000000000000000e+03
5.912000000000000000e+03
5.913000000000000000e+03
5.914000000000000000e+03
5.915000000000000000e+03
5.916000000000000000e+03
5.917000000000000000e+03
5.918000000000000000e+03
5.919000000000000000e+03
5.920000000000000000e+03
5.921000000000000000e+03
5.922000000000000000e+03
5.923000000000000000e+03
5.924000000000000000e+03
5.925000000000000000e+03
5.926000000000000000e+03
5.927000000000000000e+03
5.928000000000000000e+03
5.929000000000000000e+03
5.930000000000000000e+03
5.931000000000000000e+03
5.932000000000000000e+03
5.933000000000000000e+03
5.934000000000000000e+03
5.935000000000000000e+03
5.936000000000000000e+03
5.937000000000000000e+03
5.938000000000000000e+03
5.939000000000000000e+03
5.940000000000000000e+03
5.941000000000000000e+03
5.942000000000000000e+03
5.943000000000000000e+03
5.944000000000000000e+03
5.945000000000000000e+03
5.946000000000000000e+03
5.947000000000000000e+03
5.948000000000000000e+03
5.949000000000000000e+03
5.950000000000000000e+03
5.951000000000000000e+03
5.952000000000000000e+03
5.953000000000000000e+03
5.954000000000000000e+03
5.955000000000000000e+03
5.956000000000000000e+03
5.957000000000000000e+03
5.958000000000000000e+03
5.959000000000000000e+03
5.960000000000000000e+03
5.961000000000000000e+03
5.962000000000000000e+03
5.963000000000000000e+03
5.964000000000000000e+03
5.965000000000000000e+03
5.966000000000000000e+03
5.967000000000000000e+03
5.968000000000000000e+03
5.969000000000000000e+03
5.970000000000000000e+03
5.971000000000000000e+03
5.972000000000000000e+03
5.973000000000000000e+03
5.974000000000000000e+03
5.975000000000000000e+03
5.976000000000000000e+03
5.977000000000000000e+03
5.978000000000000000e+03
5.979000000000000000e+03
5.980000000000000000e+03
5.981000000000000000e+03
5.982000000000000000e+03
5.983000000000000000e+03
5.984000000000000000e+03
5.985000000000000000e+03
5.986000000000000000e+03
5.987000000000000000e+03
5.988000000000000000e+03
5.989000000000000000e+03
5.990000000000000000e+03
5.991000000000000000e+03
5.992000000000000000e+03
5.993000000000000000e+03
5.994000000000000000e+03
5.995000000000000000e+03
5.996000000000000000e+03
5.997000000000000000e+03
5.998000000000000000e+03
5.999000000000000000e+03
6.000000000000000000e+03
6.001000000000000000e+03
6.002000000000000000e+03
6.003000000000000000e+03
6.004000000000000000e+03
6.005000000000000000e+03
6.006000000000000000e+03
6.007000000000000000e+03
6.008000000000000000e+03
6.009000000000000000e+03
6.010000000000000000e+03
6.011000000000000000e+03
6.012000000000000000e+03
6.013000000000000000e+03
6.014000000000000000e+03
6.015000000000000000e+03
6.016000000000000000e+03
6.017000000000000000e+03
6.018000000000000000e+03
6.019000000000000000e+03
6.020000000000000000e+03
6.021000000000000000e+03
6.022000000000000000e+03
6.023000000000000000e+03
6.024000000000000000e+03
6.025000000000000000e+03
6.026000000000000000e+03
6.027000000000000000e+03
6.028000000000000000e+03
6.029000000000000000e+03
6.030000000000000000e+03
6.031000000000000000e+03
6.032000000000000000e+03
6.033000000000000000e+03
6.034000000000000000e+03
6.035000000000000000e+03
6.036000000000000000e+03
6.037000000000000000e+03
6.038000000000000000e+03
6.039000000000000000e+03
6.040000000000000000e+03
6.041000000000000000e+03
6.042000000000000000e+03
6.043000000000000000e+03
6.044000000000000000e+03
6.045000000000000000e+03
6.046000000000000000e+03
6.047000000000000000e+03
6.048000000000000000e+03
6.049000000000000000e+03
6.050000000000000000e+03
6.051000000000000000e+03
6.052000000000000000e+03
6.053000000000000000e+03
6.054000000000000000e+03
6.055000000000000000e+03
6.056000000000000000e+03
6.057000000000000000e+03
6.058000000000000000e+03
6.059000000000000000e+03
6.060000000000000000e+03
6.061000000000000000e+03
6.062000000000000000e+03
6.063000000000000000e+03
6.064000000000000000e+03
6.065000000000000000e+03
6.066000000000000000e+03
6.067000000000000000e+03
6.068000000000000000e+03
6.069000000000000000e+03
6.070000000000000000e+03
6.071000000000000000e+03
6.072000000000000000e+03
6.073000000000000000e+03
6.074000000000000000e+03
6.075000000000000000e+03
6.076000000000000000e+03
6.077000000000000000e+03
6.078000000000000000e+03
6.079000000000000000e+03
6.080000000000000000e+03
6.081000000000000000e+03
6.082000000000000000e+03
6.083000000000000000e+03
6.084000000000000000e+03
6.085000000000000000e+03
6.086000000000000000e+03
6.087000000000000000e+03
6.088000000000000000e+03
6.089000000000000000e+03
6.090000000000000000e+03
6.091000000000000000e+03
6.092000000000000000e+03
6.093000000000000000e+03
6.094000000000000000e+03
6.095000000000000000e+03
6.096000000000000000e+03
6.097000000000000000e+03
6.098000000000000000e+03
6.099000000000000000e+03
6.100000000000000000e+03
6.101000000000000000e+03
6.102000000000000000e+03
6.103000000000000000e+03
6.104000000000000000e+03
6.105000000000000000e+03
6.106000000000000000e+03
6.107000000000000000e+03
6.108000000000000000e+03
6.109000000000000000e+03
6.110000000000000000e+03
6.111000000000000000e+03
6.112000000000000000e+03
6.113000000000000000e+03
6.114000000000000000e+03
6.115000000000000000e+03
6.116000000000000000e+03
6.117000000000000000e+03
6.118000000000000000e+03
6.119000000000000000e+03
6.120000000000000000e+03
6.121000000000000000e+03
6.122000000000000000e+03
6.123000000000000000e+03
6.124000000000000000e+03
6.125000000000000000e+03
6.126000000000000000e+03
6.127000000000000000e+03
6.128000000000000000e+03
6.129000000000000000e+03
6.130000000000000000e+03
6.131000000000000000e+03
6.132000000000000000e+03
6.133000000000000000e+03
6.134000000000000000e+03
6.135000000000000000e+03
6.136000000000000000e+03
6.137000000000000000e+03
6.138000000000000000e+03
6.139000000000000000e+03
6.140000000000000000e+03
6.141000000000000000e+03
6.142000000000000000e+03
6.143000000000000000e+03
6.144000000000000000e+03
6.145000000000000000e+03
6.146000000000000000e+03
6.147000000000000000e+03
6.148000000000000000e+03
6.149000000000000000e+03
6.150000000000000000e+03
6.151000000000000000e+03
6.152000000000000000e+03
6.153000000000000000e+03
6.154000000000000000e+03
6.155000000000000000e+03
6.156000000000000000e+03
6.157000000000000000e+03
6.158000000000000000e+03
6.159000000000000000e+03
6.160000000000000000e+03
6.161000000000000000e+03
6.162000000000000000e+03
6.163000000000000000e+03
6.164000000000000000e+03
6.165000000000000000e+03
6.166000000000000000e+03
6.167000000000000000e+03
6.168000000000000000e+03
6.169000000000000000e+03
6.170000000000000000e+03
6.171000000000000000e+03
6.172000000000000000e+03
6.173000000000000000e+03
6.174000000000000000e+03
6.175000000000000000e+03
6.176000000000000000e+03
6.177000000000000000e+03
6.178000000000000000e+03
6.179000000000000000e+03
6.180000000000000000e+03
6.181000000000000000e+03
6.182000000000000000e+03
6.183000000000000000e+03
6.184000000000000000e+03
6.185000000000000000e+03
6.186000000000000000e+03
6.187000000000000000e+03
6.188000000000000000e+03
6.189000000000000000e+03
6.190000000000000000e+03
6.191000000000000000e+03
6.192000000000000000e+03
6.193000000000000000e+03
6.194000000000000000e+03
6.195000000000000000e+03
6.196000000000000000e+03
6.197000000000000000e+03
6.198000000000000000e+03
6.199000000000000000e+03
6.200000000000000000e+03
6.201000000000000000e+03
6.202000000000000000e+03
6.203000000000000000e+03
6.204000000000000000e+03
6.205000000000000000e+03
6.206000000000000000e+03
6.207000000000000000e+03
6.208000000000000000e+03
6.209000000000000000e+03
6.210000000000000000e+03
6.211000000000000000e+03
6.212000000000000000e+03
6.213000000000000000e+03
6.214000000000000000e+03
6.215000000000000000e+03
6.216000000000000000e+03
6.217000000000000000e+03
6.218000000000000000e+03
6.219000000000000000e+03
6.220000000000000000e+03
6.221000000000000000e+03
6.222000000000000000e+03
6.223000000000000000e+03
6.224000000000000000e+03
6.225000000000000000e+03
6.226000000000000000e+03
6.227000000000000000e+03
6.228000000000000000e+03
6.229000000000000000e+03
6.230000000000000000e+03
6.231000000000000000e+03
6.232000000000000000e+03
6.233000000000000000e+03
6.234000000000000000e+03
6.235000000000000000e+03
6.236000000000000000e+03
6.237000000000000000e+03
6.238000000000000000e+03
6.239000000000000000e+03
6.240000000000000000e+03
6.241000000000000000e+03
6.242000000000000000e+03
6.243000000000000000e+03
6.244000000000000000e+03
6.245000000000000000e+03
6.246000000000000000e+03
6.247000000000000000e+03
6.248000000000000000e+03
6.249000000000000000e+03
6.250000000000000000e+03
6.251000000000000000e+03
6.252000000000000000e+03
6.253000000000000000e+03
6.254000000000000000e+03
6.255000000000000000e+03
6.256000000000000000e+03
6.257000000000000000e+03
6.258000000000000000e+03
6.259000000000000000e+03
6.260000000000000000e+03
6.261000000000000000e+03
6.262000000000000000e+03
6.263000000000000000e+03
6.264000000000000000e+03
6.265000000000000000e+03
6.266000000000000000e+03
6.267000000000000000e+03
6.268000000000000000e+03
6.269000000000000000e+03
6.270000000000000000e+03
6.271000000000000000e+03
6.272000000000000000e+03
6.273000000000000000e+03
6.274000000000000000e+03
6.275000000000000000e+03
6.276000000000000000e+03
6.277000000000000000e+03
6.278000000000000000e+03
6.279000000000000000e+03
6.280000000000000000e+03
6.281000000000000000e+03
6.282000000000000000e+03
6.283000000000000000e+03
6.284000000000000000e+03
6.285000000000000000e+03
6.286000000000000000e+03
6.287000000000000000e+03
6.288000000000000000e+03
6.289000000000000000e+03
6.290000000000000000e+03
6.291000000000000000e+03
6.292000000000000000e+03
6.293000000000000000e+03
6.294000000000000000e+03
6.295000000000000000e+03
6.296000000000000000e+03
6.297000000000000000e+03
6.298000000000000000e+03
6.299000000000000000e+03
6.300000000000000000e+03
6.301000000000000000e+03
6.302000000000000000e+03
6.303000000000000000e+03
6.304000000000000000e+03
6.305000000000000000e+03
6.306000000000000000e+03
6.307000000000000000e+03
6.308000000000000000e+03
6.309000000000000000e+03
6.310000000000000000e+03
6.311000000000000000e+03
6.312000000000000000e+03
6.313000000000000000e+03
6.314000000000000000e+03
6.315000000000000000e+03
6.316000000000000000e+03
6.317000000000000000e+03
6.318000000000000000e+03
6.319000000000000000e+03
6.320000000000000000e+03
6.321000000000000000e+03
6.322000000000000000e+03
6.323000000000000000e+03
6.324000000000000000e+03
6.325000000000000000e+03
6.326000000000000000e+03
6.327000000000000000e+03
6.328000000000000000e+03
6.329000000000000000e+03
6.330000000000000000e+03
6.331000000000000000e+03
6.332000000000000000e+03
6.333000000000000000e+03
6.334000000000000000e+03
6.335000000000000000e+03
6.336000000000000000e+03
6.337000000000000000e+03
6.338000000000000000e+03
6.339000000000000000e+03
6.340000000000000000e+03
6.341000000000000000e+03
6.342000000000000000e+03
6.343000000000000000e+03
6.344000000000000000e+03
6.345000000000000000e+03
6.346000000000000000e+03
6.347000000000000000e+03
6.348000000000000000e+03
6.349000000000000000e+03
6.350000000000000000e+03
6.351000000000000000e+03
6.352000000000000000e+03
6.353000000000000000e+03
6.354000000000000000e+03
6.355000000000000000e+03
6.356000000000000000e+03
6.357000000000000000e+03
6.358000000000000000e+03
6.359000000000000000e+03
6.360000000000000000e+03
6.361000000000000000e+03
6.362000000000000000e+03
6.363000000000000000e+03
6.364000000000000000e+03
6.365000000000000000e+03
6.366000000000000000e+03
6.367000000000000000e+03
6.368000000000000000e+03
6.369000000000000000e+03
6.370000000000000000e+03
6.371000000000000000e+03
6.372000000000000000e+03
6.373000000000000000e+03
6.374000000000000000e+03
6.375000000000000000e+03
6.376000000000000000e+03
6.377000000000000000e+03
6.378000000000000000e+03
6.379000000000000000e+03
6.380000000000000000e+03
6.381000000000000000e+03
6.382000000000000000e+03
6.383000000000000000e+03
6.384000000000000000e+03
6.385000000000000000e+03
6.386000000000000000e+03
6.387000000000000000e+03
6.388000000000000000e+03
6.389000000000000000e+03
6.390000000000000000e+03
6.391000000000000000e+03
6.392000000000000000e+03
6.393000000000000000e+03
6.394000000000000000e+03
6.395000000000000000e+03
6.396000000000000000e+03
6.397000000000000000e+03
6.398000000000000000e+03
6.399000000000000000e+03
6.400000000000000000e+03
6.401000000000000000e+03
6.402000000000000000e+03
6.403000000000000000e+03
6.404000000000000000e+03
6.405000000000000000e+03
6.406000000000000000e+03
6.407000000000000000e+03
6.408000000000000000e+03
6.409000000000000000e+03
6.410000000000000000e+03
6.411000000000000000e+03
6.412000000000000000e+03
6.413000000000000000e+03
6.414000000000000000e+03
6.415000000000000000e+03
6.416000000000000000e+03
6.417000000000000000e+03
6.418000000000000000e+03
6.419000000000000000e+03
6.420000000000000000e+03
6.421000000000000000e+03
6.422000000000000000e+03
6.423000000000000000e+03
6.424000000000000000e+03
6.425000000000000000e+03
6.426000000000000000e+03
6.427000000000000000e+03
6.428000000000000000e+03
6.429000000000000000e+03
6.430000000000000000e+03
6.431000000000000000e+03
6.432000000000000000e+03
6.433000000000000000e+03
6.434000000000000000e+03
6.435000000000000000e+03
6.436000000000000000e+03
6.437000000000000000e+03
6.438000000000000000e+03
6.439000000000000000e+03
6.440000000000000000e+03
6.441000000000000000e+03
6.442000000000000000e+03
6.443000000000000000e+03
6.444000000000000000e+03
6.445000000000000000e+03
6.446000000000000000e+03
6.447000000000000000e+03
6.448000000000000000e+03
6.449000000000000000e+03
6.450000000000000000e+03
6.451000000000000000e+03
6.452000000000000000e+03
6.453000000000000000e+03
6.454000000000000000e+03
6.455000000000000000e+03
6.456000000000000000e+03
6.457000000000000000e+03
6.458000000000000000e+03
6.459000000000000000e+03
6.460000000000000000e+03
6.461000000000000000e+03
6.462000000000000000e+03
6.463000000000000000e+03
6.464000000000000000e+03
6.465000000000000000e+03
6.466000000000000000e+03
6.467000000000000000e+03
6.468000000000000000e+03
6.469000000000000000e+03
6.470000000000000000e+03
6.471000000000000000e+03
6.472000000000000000e+03
6.473000000000000000e+03
6.474000000000000000e+03
6.475000000000000000e+03
6.476000000000000000e+03
6.477000000000000000e+03
6.478000000000000000e+03
6.479000000000000000e+03
6.480000000000000000e+03
6.481000000000000000e+03
6.483000000000000000e+03
6.485000000000000000e+03
6.486000000000000000e+03
6.487000000000000000e+03
6.488000000000000000e+03
6.489000000000000000e+03
6.490000000000000000e+03
6.491000000000000000e+03
6.492000000000000000e+03
6.493000000000000000e+03
6.494000000000000000e+03
6.495000000000000000e+03
6.496000000000000000e+03
6.497000000000000000e+03
6.498000000000000000e+03
6.499000000000000000e+03
6.500000000000000000e+03
6.501000000000000000e+03
6.502000000000000000e+03
6.503000000000000000e+03
6.504000000000000000e+03
6.505000000000000000e+03
6.506000000000000000e+03
6.507000000000000000e+03
6.508000000000000000e+03
6.509000000000000000e+03
6.510000000000000000e+03
6.511000000000000000e+03
6.512000000000000000e+03
6.513000000000000000e+03
6.514000000000000000e+03
6.515000000000000000e+03
6.516000000000000000e+03
6.517000000000000000e+03
6.518000000000000000e+03
6.519000000000000000e+03
6.520000000000000000e+03
6.521000000000000000e+03
6.522000000000000000e+03
6.523000000000000000e+03
6.524000000000000000e+03
6.525000000000000000e+03
6.526000000000000000e+03
6.527000000000000000e+03
6.528000000000000000e+03
6.529000000000000000e+03
6.530000000000000000e+03
6.531000000000000000e+03
6.532000000000000000e+03
6.533000000000000000e+03
6.534000000000000000e+03
6.535000000000000000e+03
6.536000000000000000e+03
6.537000000000000000e+03
6.538000000000000000e+03
6.539000000000000000e+03
6.540000000000000000e+03
6.541000000000000000e+03
6.542000000000000000e+03
6.543000000000000000e+03
6.544000000000000000e+03
6.545000000000000000e+03
6.546000000000000000e+03
6.547000000000000000e+03
6.548000000000000000e+03
6.549000000000000000e+03
6.551000000000000000e+03
6.552000000000000000e+03
6.553000000000000000e+03
6.555000000000000000e+03
6.558000000000000000e+03
6.559000000000000000e+03
6.562000000000000000e+03
6.563000000000000000e+03
6.564000000000000000e+03
6.567000000000000000e+03
6.568000000000000000e+03
6.570000000000000000e+03
6.571000000000000000e+03
6.572000000000000000e+03
6.573000000000000000e+03
6.574000000000000000e+03
6.575000000000000000e+03
6.576000000000000000e+03
6.577000000000000000e+03
6.578000000000000000e+03
6.579000000000000000e+03
6.580000000000000000e+03
6.581000000000000000e+03
6.582000000000000000e+03
6.583000000000000000e+03
6.584000000000000000e+03
6.585000000000000000e+03
6.586000000000000000e+03
6.587000000000000000e+03
6.588000000000000000e+03
6.589000000000000000e+03
6.590000000000000000e+03
6.591000000000000000e+03
6.592000000000000000e+03
6.593000000000000000e+03
6.594000000000000000e+03
6.595000000000000000e+03
6.596000000000000000e+03
6.597000000000000000e+03
6.598000000000000000e+03
6.599000000000000000e+03
6.600000000000000000e+03
6.601000000000000000e+03
6.602000000000000000e+03
6.603000000000000000e+03
6.604000000000000000e+03
6.605000000000000000e+03
6.606000000000000000e+03
6.607000000000000000e+03
6.608000000000000000e+03
6.609000000000000000e+03
6.610000000000000000e+03
6.611000000000000000e+03
6.612000000000000000e+03
6.613000000000000000e+03
6.614000000000000000e+03
6.615000000000000000e+03
6.616000000000000000e+03
6.617000000000000000e+03
6.618000000000000000e+03
6.619000000000000000e+03
6.620000000000000000e+03
6.621000000000000000e+03
6.622000000000000000e+03
6.623000000000000000e+03
6.624000000000000000e+03
6.625000000000000000e+03
6.626000000000000000e+03
6.627000000000000000e+03
6.628000000000000000e+03
6.629000000000000000e+03
6.630000000000000000e+03
6.631000000000000000e+03
6.632000000000000000e+03
6.633000000000000000e+03
6.634000000000000000e+03
6.635000000000000000e+03
6.636000000000000000e+03
6.637000000000000000e+03
6.638000000000000000e+03
6.639000000000000000e+03
6.640000000000000000e+03
6.641000000000000000e+03
6.642000000000000000e+03
6.643000000000000000e+03
6.644000000000000000e+03
6.645000000000000000e+03
6.646000000000000000e+03
6.647000000000000000e+03
6.648000000000000000e+03
6.649000000000000000e+03
6.650000000000000000e+03
6.651000000000000000e+03
6.652000000000000000e+03
6.653000000000000000e+03
6.654000000000000000e+03
6.655000000000000000e+03
6.656000000000000000e+03
6.657000000000000000e+03
6.658000000000000000e+03
6.659000000000000000e+03
6.660000000000000000e+03
6.661000000000000000e+03
6.662000000000000000e+03
6.663000000000000000e+03
6.664000000000000000e+03
6.665000000000000000e+03
6.666000000000000000e+03
6.667000000000000000e+03
6.668000000000000000e+03
6.669000000000000000e+03
6.670000000000000000e+03
6.671000000000000000e+03
6.672000000000000000e+03
6.673000000000000000e+03
6.674000000000000000e+03
6.675000000000000000e+03
6.676000000000000000e+03
6.677000000000000000e+03
6.678000000000000000e+03
6.679000000000000000e+03
6.680000000000000000e+03
6.681000000000000000e+03
6.682000000000000000e+03
6.683000000000000000e+03
6.684000000000000000e+03
6.685000000000000000e+03
6.686000000000000000e+03
6.687000000000000000e+03
6.688000000000000000e+03
6.689000000000000000e+03
6.690000000000000000e+03
6.691000000000000000e+03
6.692000000000000000e+03
6.693000000000000000e+03
6.694000000000000000e+03
6.695000000000000000e+03
6.696000000000000000e+03
6.697000000000000000e+03
6.698000000000000000e+03
6.699000000000000000e+03
6.700000000000000000e+03
6.701000000000000000e+03
6.702000000000000000e+03
6.703000000000000000e+03
6.704000000000000000e+03
6.705000000000000000e+03
6.706000000000000000e+03
6.707000000000000000e+03
6.708000000000000000e+03
6.709000000000000000e+03
6.710000000000000000e+03
6.711000000000000000e+03
6.712000000000000000e+03
6.713000000000000000e+03
6.714000000000000000e+03
6.715000000000000000e+03
6.716000000000000000e+03
6.717000000000000000e+03
6.718000000000000000e+03
6.719000000000000000e+03
6.720000000000000000e+03
6.721000000000000000e+03
6.722000000000000000e+03
6.723000000000000000e+03
6.724000000000000000e+03
6.725000000000000000e+03
6.726000000000000000e+03
6.727000000000000000e+03
6.728000000000000000e+03
6.729000000000000000e+03
6.730000000000000000e+03
6.731000000000000000e+03
6.732000000000000000e+03
6.733000000000000000e+03
6.734000000000000000e+03
6.735000000000000000e+03
6.736000000000000000e+03
6.737000000000000000e+03
6.738000000000000000e+03
6.739000000000000000e+03
6.740000000000000000e+03
6.741000000000000000e+03
6.742000000000000000e+03
6.743000000000000000e+03
6.744000000000000000e+03
6.745000000000000000e+03
6.746000000000000000e+03
6.747000000000000000e+03
6.748000000000000000e+03
6.749000000000000000e+03
6.750000000000000000e+03
6.751000000000000000e+03
6.752000000000000000e+03
6.753000000000000000e+03
6.754000000000000000e+03
6.755000000000000000e+03
6.756000000000000000e+03
6.757000000000000000e+03
6.758000000000000000e+03
6.759000000000000000e+03
6.760000000000000000e+03
6.761000000000000000e+03
6.762000000000000000e+03
6.763000000000000000e+03
6.764000000000000000e+03
6.765000000000000000e+03
6.766000000000000000e+03
6.767000000000000000e+03
6.768000000000000000e+03
6.769000000000000000e+03
6.770000000000000000e+03
6.771000000000000000e+03
6.772000000000000000e+03
6.773000000000000000e+03
6.774000000000000000e+03
6.775000000000000000e+03
6.776000000000000000e+03
6.777000000000000000e+03
6.778000000000000000e+03
6.779000000000000000e+03
6.780000000000000000e+03
6.781000000000000000e+03
6.782000000000000000e+03
6.783000000000000000e+03
6.784000000000000000e+03
6.785000000000000000e+03
6.786000000000000000e+03
6.787000000000000000e+03
6.788000000000000000e+03
6.789000000000000000e+03
6.790000000000000000e+03
6.791000000000000000e+03
6.792000000000000000e+03
6.793000000000000000e+03
6.794000000000000000e+03
6.795000000000000000e+03
6.796000000000000000e+03
6.797000000000000000e+03
6.798000000000000000e+03
6.799000000000000000e+03
6.800000000000000000e+03
6.801000000000000000e+03
6.802000000000000000e+03
6.803000000000000000e+03
6.804000000000000000e+03
6.805000000000000000e+03
6.806000000000000000e+03
6.807000000000000000e+03
6.808000000000000000e+03
6.809000000000000000e+03
6.810000000000000000e+03
6.811000000000000000e+03
6.813000000000000000e+03
6.814000000000000000e+03
6.815000000000000000e+03
6.947000000000000000e+03
6.949000000000000000e+03
6.950000000000000000e+03
6.951000000000000000e+03
6.952000000000000000e+03
6.953000000000000000e+03
6.954000000000000000e+03
6.958000000000000000e+03
6.962000000000000000e+03
6.966000000000000000e+03
6.968000000000000000e+03
6.969000000000000000e+03
6.970000000000000000e+03
6.971000000000000000e+03
6.972000000000000000e+03
6.973000000000000000e+03
6.974000000000000000e+03
6.975000000000000000e+03
6.976000000000000000e+03
6.977000000000000000e+03
6.978000000000000000e+03
6.979000000000000000e+03
6.980000000000000000e+03
6.981000000000000000e+03
6.982000000000000000e+03
6.983000000000000000e+03
6.984000000000000000e+03
6.985000000000000000e+03
6.986000000000000000e+03
6.987000000000000000e+03
6.988000000000000000e+03
6.989000000000000000e+03
6.990000000000000000e+03
6.991000000000000000e+03
6.992000000000000000e+03
6.993000000000000000e+03
6.994000000000000000e+03
6.995000000000000000e+03
6.996000000000000000e+03
6.997000000000000000e+03
6.998000000000000000e+03
6.999000000000000000e+03
7.000000000000000000e+03
7.001000000000000000e+03
7.002000000000000000e+03
7.003000000000000000e+03
7.004000000000000000e+03
7.005000000000000000e+03
7.006000000000000000e+03
7.007000000000000000e+03
7.008000000000000000e+03
7.009000000000000000e+03
7.010000000000000000e+03
7.011000000000000000e+03
7.012000000000000000e+03
7.013000000000000000e+03
7.014000000000000000e+03
7.015000000000000000e+03
7.016000000000000000e+03
7.017000000000000000e+03
7.018000000000000000e+03
7.019000000000000000e+03
7.020000000000000000e+03
7.021000000000000000e+03
7.022000000000000000e+03
7.023000000000000000e+03
7.024000000000000000e+03
7.025000000000000000e+03
7.026000000000000000e+03
7.027000000000000000e+03
7.028000000000000000e+03
7.029000000000000000e+03
7.030000000000000000e+03
7.031000000000000000e+03
7.032000000000000000e+03
7.033000000000000000e+03
7.034000000000000000e+03
7.035000000000000000e+03
7.036000000000000000e+03
7.037000000000000000e+03
7.038000000000000000e+03
7.039000000000000000e+03
7.040000000000000000e+03
7.041000000000000000e+03
7.042000000000000000e+03
7.043000000000000000e+03
7.044000000000000000e+03
7.045000000000000000e+03
7.046000000000000000e+03
7.047000000000000000e+03
7.048000000000000000e+03
7.049000000000000000e+03
7.050000000000000000e+03
7.051000000000000000e+03
7.052000000000000000e+03
7.053000000000000000e+03
7.054000000000000000e+03
7.055000000000000000e+03
7.056000000000000000e+03
7.057000000000000000e+03
7.058000000000000000e+03
7.059000000000000000e+03
7.060000000000000000e+03
7.061000000000000000e+03
7.062000000000000000e+03
7.063000000000000000e+03
7.064000000000000000e+03
7.065000000000000000e+03
7.066000000000000000e+03
7.067000000000000000e+03
7.068000000000000000e+03
7.069000000000000000e+03
7.070000000000000000e+03
7.071000000000000000e+03
7.072000000000000000e+03
7.073000000000000000e+03
7.074000000000000000e+03
7.075000000000000000e+03
7.076000000000000000e+03
7.077000000000000000e+03
7.078000000000000000e+03
7.079000000000000000e+03
7.080000000000000000e+03
7.081000000000000000e+03
7.082000000000000000e+03
7.083000000000000000e+03
7.084000000000000000e+03
7.085000000000000000e+03
7.086000000000000000e+03
7.087000000000000000e+03
7.088000000000000000e+03
7.089000000000000000e+03
7.090000000000000000e+03
7.091000000000000000e+03
7.092000000000000000e+03
7.093000000000000000e+03
7.094000000000000000e+03
7.095000000000000000e+03
7.096000000000000000e+03
7.097000000000000000e+03
7.098000000000000000e+03
7.099000000000000000e+03
7.100000000000000000e+03
7.101000000000000000e+03
7.102000000000000000e+03
7.103000000000000000e+03
7.104000000000000000e+03
7.105000000000000000e+03
7.106000000000000000e+03
7.107000000000000000e+03
7.108000000000000000e+03
7.109000000000000000e+03
7.110000000000000000e+03
7.111000000000000000e+03
7.112000000000000000e+03
7.113000000000000000e+03
7.114000000000000000e+03
7.115000000000000000e+03
7.116000000000000000e+03
7.117000000000000000e+03
7.118000000000000000e+03
7.119000000000000000e+03
7.120000000000000000e+03
7.121000000000000000e+03
7.122000000000000000e+03
7.123000000000000000e+03
7.124000000000000000e+03
7.125000000000000000e+03
7.126000000000000000e+03
7.127000000000000000e+03
7.128000000000000000e+03
7.129000000000000000e+03
7.130000000000000000e+03
7.131000000000000000e+03
7.132000000000000000e+03
7.133000000000000000e+03
7.134000000000000000e+03
7.135000000000000000e+03
7.136000000000000000e+03
7.137000000000000000e+03
7.138000000000000000e+03
7.139000000000000000e+03
7.140000000000000000e+03
7.141000000000000000e+03
7.142000000000000000e+03
7.143000000000000000e+03
7.144000000000000000e+03
7.145000000000000000e+03
7.146000000000000000e+03
7.147000000000000000e+03
7.148000000000000000e+03
7.149000000000000000e+03
7.150000000000000000e+03
7.151000000000000000e+03
7.152000000000000000e+03
7.153000000000000000e+03
7.154000000000000000e+03
7.155000000000000000e+03
7.156000000000000000e+03
7.157000000000000000e+03
7.158000000000000000e+03
7.159000000000000000e+03
7.160000000000000000e+03
7.161000000000000000e+03
7.162000000000000000e+03
7.163000000000000000e+03
7.164000000000000000e+03
7.165000000000000000e+03
7.166000000000000000e+03
7.167000000000000000e+03
7.168000000000000000e+03
7.169000000000000000e+03
7.170000000000000000e+03
7.171000000000000000e+03
7.172000000000000000e+03
7.173000000000000000e+03
7.174000000000000000e+03
7.175000000000000000e+03
7.176000000000000000e+03
7.177000000000000000e+03
7.178000000000000000e+03
7.179000000000000000e+03
7.180000000000000000e+03
7.181000000000000000e+03
7.182000000000000000e+03
7.183000000000000000e+03
7.184000000000000000e+03
7.185000000000000000e+03
7.187000000000000000e+03
7.188000000000000000e+03
7.189000000000000000e+03
7.190000000000000000e+03
7.191000000000000000e+03
7.192000000000000000e+03
7.193000000000000000e+03
7.195000000000000000e+03
7.196000000000000000e+03
7.197000000000000000e+03
7.199000000000000000e+03
7.200000000000000000e+03
7.201000000000000000e+03
7.203000000000000000e+03
7.204000000000000000e+03
7.205000000000000000e+03
7.207000000000000000e+03
7.208000000000000000e+03
7.209000000000000000e+03
7.211000000000000000e+03
7.212000000000000000e+03
7.213000000000000000e+03
7.215000000000000000e+03
7.216000000000000000e+03
7.217000000000000000e+03
7.219000000000000000e+03
7.221000000000000000e+03
7.223000000000000000e+03
7.225000000000000000e+03
7.229000000000000000e+03
7.233000000000000000e+03
7.237000000000000000e+03
7.241000000000000000e+03
7.245000000000000000e+03
1.097800000000000000e+04
1.098000000000000000e+04
1.098200000000000000e+04
1.102200000000000000e+04
1.102600000000000000e+04
1.103000000000000000e+04
1.103400000000000000e+04
1.103600000000000000e+04
1.103800000000000000e+04
1.104000000000000000e+04
1.104200000000000000e+04
1.104400000000000000e+04
1.104600000000000000e+04
1.104800000000000000e+04
1.105000000000000000e+04
1.105200000000000000e+04
1.105400000000000000e+04
1.105500000000000000e+04
1.105600000000000000e+04
1.105800000000000000e+04
1.105900000000000000e+04
1.106000000000000000e+04
1.106200000000000000e+04
1.106300000000000000e+04
1.106400000000000000e+04
1.106600000000000000e+04
1.106700000000000000e+04
1.106800000000000000e+04
1.107000000000000000e+04
1.107100000000000000e+04
1.107200000000000000e+04
1.107400000000000000e+04
1.107500000000000000e+04
1.107600000000000000e+04
1.107700000000000000e+04
1.107800000000000000e+04
1.107900000000000000e+04
1.108000000000000000e+04
1.108100000000000000e+04
1.108200000000000000e+04
1.108300000000000000e+04
1.108400000000000000e+04
1.108600000000000000e+04
1.108700000000000000e+04
1.108800000000000000e+04
1.109000000000000000e+04
1.109100000000000000e+04
1.109200000000000000e+04
1.109300000000000000e+04
1.109400000000000000e+04
1.109500000000000000e+04
1.109600000000000000e+04
1.109800000000000000e+04
1.109900000000000000e+04
1.110000000000000000e+04
1.110100000000000000e+04
1.110200000000000000e+04
1.110300000000000000e+04
1.110400000000000000e+04
1.110500000000000000e+04
1.110600000000000000e+04
1.110700000000000000e+04
1.110800000000000000e+04
1.110900000000000000e+04
1.111000000000000000e+04
1.111200000000000000e+04
1.224900000000000000e+04
1.225000000000000000e+04
1.225100000000000000e+04
1.225200000000000000e+04
1.225300000000000000e+04
1.225400000000000000e+04
1.225600000000000000e+04
1.226000000000000000e+04
1.226400000000000000e+04
1.226700000000000000e+04
1.226800000000000000e+04
1.227100000000000000e+04
1.227200000000000000e+04
1.227300000000000000e+04
1.227400000000000000e+04
1.227500000000000000e+04
1.227600000000000000e+04
1.227700000000000000e+04
1.227800000000000000e+04
1.227900000000000000e+04
1.228000000000000000e+04
1.228100000000000000e+04
1.228200000000000000e+04
1.228300000000000000e+04
1.228400000000000000e+04
1.228500000000000000e+04
1.228600000000000000e+04
1.228700000000000000e+04
1.228800000000000000e+04
1.228900000000000000e+04
1.229000000000000000e+04
1.229100000000000000e+04
1.229200000000000000e+04
1.229300000000000000e+04
1.229400000000000000e+04
1.229500000000000000e+04
1.229600000000000000e+04
1.229700000000000000e+04
1.229800000000000000e+04
1.229900000000000000e+04
1.230000000000000000e+04
1.230100000000000000e+04
1.230200000000000000e+04
1.230300000000000000e+04
1.230400000000000000e+04
1.230500000000000000e+04
1.230600000000000000e+04
1.230700000000000000e+04
1.230800000000000000e+04
1.230900000000000000e+04
1.231000000000000000e+04
1.231100000000000000e+04
1.231200000000000000e+04
1.231300000000000000e+04
1.231400000000000000e+04
1.231500000000000000e+04
1.231600000000000000e+04
1.231700000000000000e+04
1.231800000000000000e+04
1.231900000000000000e+04
1.232000000000000000e+04
1.232100000000000000e+04
1.232200000000000000e+04
1.232300000000000000e+04
1.232400000000000000e+04
1.232500000000000000e+04
1.232600000000000000e+04
1.232700000000000000e+04
1.232800000000000000e+04
1.232900000000000000e+04
1.233000000000000000e+04
1.233100000000000000e+04
1.233200000000000000e+04
1.233300000000000000e+04
1.233400000000000000e+04
1.233500000000000000e+04
1.233600000000000000e+04
1.233700000000000000e+04
1.233800000000000000e+04
1.233900000000000000e+04
1.234000000000000000e+04
1.234100000000000000e+04
1.234200000000000000e+04
1.234300000000000000e+04
1.234400000000000000e+04
1.234500000000000000e+04
1.234600000000000000e+04
1.234700000000000000e+04
1.234800000000000000e+04
1.234900000000000000e+04
1.235000000000000000e+04
1.235100000000000000e+04
1.235200000000000000e+04
1.235300000000000000e+04
1.235400000000000000e+04
1.235500000000000000e+04
1.235600000000000000e+04
1.235700000000000000e+04
1.235800000000000000e+04
1.235900000000000000e+04
1.236000000000000000e+04
1.236100000000000000e+04
1.236200000000000000e+04
1.236300000000000000e+04
1.236400000000000000e+04
1.236500000000000000e+04
1.236600000000000000e+04
1.236700000000000000e+04
1.236800000000000000e+04
1.236900000000000000e+04
1.237000000000000000e+04
1.237100000000000000e+04
1.237200000000000000e+04
1.237300000000000000e+04
1.237400000000000000e+04
1.237500000000000000e+04
1.237600000000000000e+04
1.237700000000000000e+04
1.237800000000000000e+04
1.237900000000000000e+04
1.238000000000000000e+04
1.238100000000000000e+04
1.238200000000000000e+04
1.238300000000000000e+04
1.238400000000000000e+04
1.238500000000000000e+04
1.238600000000000000e+04
1.238700000000000000e+04
1.238800000000000000e+04
1.238900000000000000e+04
1.239000000000000000e+04
1.239100000000000000e+04
1.239200000000000000e+04
1.239300000000000000e+04
1.239400000000000000e+04
1.239500000000000000e+04
1.239600000000000000e+04
1.239700000000000000e+04
1.239800000000000000e+04
1.239900000000000000e+04
1.240000000000000000e+04
1.240100000000000000e+04
1.240200000000000000e+04
1.240300000000000000e+04
1.240400000000000000e+04
1.240500000000000000e+04
1.240600000000000000e+04
1.240700000000000000e+04
1.240800000000000000e+04
1.240900000000000000e+04
1.241000000000000000e+04
1.241100000000000000e+04
1.241200000000000000e+04
1.241300000000000000e+04
1.241400000000000000e+04
1.241500000000000000e+04
1.241600000000000000e+04
1.241700000000000000e+04
1.241800000000000000e+04
1.241900000000000000e+04
1.242000000000000000e+04
1.242100000000000000e+04
1.242200000000000000e+04
1.242300000000000000e+04
1.242400000000000000e+04
1.242500000000000000e+04
1.242600000000000000e+04
1.242700000000000000e+04
1.242800000000000000e+04
1.242900000000000000e+04
1.243000000000000000e+04
1.243100000000000000e+04
1.243200000000000000e+04
1.243300000000000000e+04
1.243400000000000000e+04
1.243500000000000000e+04
1.243600000000000000e+04
1.243700000000000000e+04
1.243800000000000000e+04
1.243900000000000000e+04
1.244000000000000000e+04
1.244100000000000000e+04
1.244200000000000000e+04
1.244300000000000000e+04
1.244400000000000000e+04
1.244500000000000000e+04
1.244600000000000000e+04
1.244700000000000000e+04
1.244800000000000000e+04
1.244900000000000000e+04
1.245100000000000000e+04
1.245500000000000000e+04
1.245600000000000000e+04
1.245700000000000000e+04
1.245800000000000000e+04
1.245900000000000000e+04
1.246000000000000000e+04
1.246100000000000000e+04
1.246300000000000000e+04
1.246400000000000000e+04
1.246500000000000000e+04
1.246600000000000000e+04
1.246700000000000000e+04
1.246800000000000000e+04
1.246900000000000000e+04
1.247000000000000000e+04
1.247100000000000000e+04
1.247200000000000000e+04
1.247300000000000000e+04
1.247400000000000000e+04
1.247500000000000000e+04
1.247600000000000000e+04
1.247700000000000000e+04
1.247800000000000000e+04
1.247900000000000000e+04
1.248000000000000000e+04
1.248300000000000000e+04
1.248700000000000000e+04
1.257100000000000000e+04
1.257500000000000000e+04
1.257600000000000000e+04
1.257700000000000000e+04
1.322600000000000000e+04
1.322700000000000000e+04
1.322800000000000000e+04
1.322900000000000000e+04
1.323000000000000000e+04
1.323100000000000000e+04
1.323200000000000000e+04
1.323300000000000000e+04
1.323400000000000000e+04
1.323500000000000000e+04
1.323600000000000000e+04
1.323700000000000000e+04
1.323800000000000000e+04
1.323900000000000000e+04
1.324000000000000000e+04
1.324100000000000000e+04
1.324200000000000000e+04
1.324300000000000000e+04
1.324400000000000000e+04
1.324500000000000000e+04
1.324600000000000000e+04
1.324700000000000000e+04
1.324800000000000000e+04
1.324900000000000000e+04
1.325000000000000000e+04
1.325100000000000000e+04
1.325200000000000000e+04
1.325300000000000000e+04
1.325400000000000000e+04
1.325500000000000000e+04
1.325600000000000000e+04
1.325700000000000000e+04
1.325800000000000000e+04
1.325900000000000000e+04
1.326000000000000000e+04
1.326100000000000000e+04
1.326200000000000000e+04
1.326300000000000000e+04
1.326400000000000000e+04
1.326500000000000000e+04
1.326600000000000000e+04
1.326700000000000000e+04
1.326800000000000000e+04
1.326900000000000000e+04
1.327000000000000000e+04
1.327100000000000000e+04
1.327200000000000000e+04
1.327300000000000000e+04
1.327400000000000000e+04
1.327500000000000000e+04
1.327600000000000000e+04
1.327700000000000000e+04
1.327800000000000000e+04
1.327900000000000000e+04
1.328000000000000000e+04
1.328100000000000000e+04
1.328200000000000000e+04
1.328300000000000000e+04
1.328400000000000000e+04
1.328500000000000000e+04
1.328600000000000000e+04
1.328700000000000000e+04
1.328800000000000000e+04
1.328900000000000000e+04
1.329000000000000000e+04
1.329100000000000000e+04
1.329200000000000000e+04
1.329300000000000000e+04
1.329400000000000000e+04
1.329500000000000000e+04
1.329600000000000000e+04
1.329700000000000000e+04
1.329800000000000000e+04
1.329900000000000000e+04
1.330000000000000000e+04
1.330100000000000000e+04
1.330200000000000000e+04
1.330300000000000000e+04
1.330400000000000000e+04
1.330500000000000000e+04
1.330600000000000000e+04
1.330700000000000000e+04
1.330800000000000000e+04
1.330900000000000000e+04
1.331000000000000000e+04
1.331100000000000000e+04
1.331200000000000000e+04
1.331300000000000000e+04
1.331400000000000000e+04
1.331500000000000000e+04
1.331600000000000000e+04
1.331700000000000000e+04
1.331800000000000000e+04
1.331900000000000000e+04
1.332000000000000000e+04
1.332100000000000000e+04
1.332200000000000000e+04
1.332300000000000000e+04
1.332400000000000000e+04
1.332500000000000000e+04
1.332600000000000000e+04
1.332700000000000000e+04
1.332800000000000000e+04
1.332900000000000000e+04
1.333000000000000000e+04
1.333100000000000000e+04
1.333200000000000000e+04
1.333300000000000000e+04
1.333400000000000000e+04
1.333500000000000000e+04
1.333600000000000000e+04
1.333700000000000000e+04
1.333800000000000000e+04
1.333900000000000000e+04
1.334000000000000000e+04
1.334100000000000000e+04
1.334200000000000000e+04
1.334300000000000000e+04
1.334400000000000000e+04
1.334500000000000000e+04
1.334600000000000000e+04
1.334700000000000000e+04
1.334800000000000000e+04
1.334900000000000000e+04
1.335000000000000000e+04
1.335100000000000000e+04
1.335200000000000000e+04
1.335300000000000000e+04
1.335400000000000000e+04
1.335500000000000000e+04
1.335600000000000000e+04
1.335700000000000000e+04
1.335800000000000000e+04
1.335900000000000000e+04
1.336000000000000000e+04
1.336100000000000000e+04
1.336200000000000000e+04
1.336300000000000000e+04
1.336400000000000000e+04
1.336500000000000000e+04
1.336600000000000000e+04
1.336700000000000000e+04
1.336800000000000000e+04
1.336900000000000000e+04
1.337000000000000000e+04
1.337100000000000000e+04
1.337200000000000000e+04
1.337300000000000000e+04
1.337400000000000000e+04
1.337500000000000000e+04
1.337600000000000000e+04
1.337700000000000000e+04
1.337800000000000000e+04
1.337900000000000000e+04
1.338000000000000000e+04
1.338100000000000000e+04
1.338200000000000000e+04
1.338300000000000000e+04
1.338400000000000000e+04
1.338500000000000000e+04
1.338600000000000000e+04
1.338700000000000000e+04
1.338800000000000000e+04
1.338900000000000000e+04
1.339000000000000000e+04
1.339100000000000000e+04
1.339200000000000000e+04
1.339300000000000000e+04
1.339400000000000000e+04
1.339500000000000000e+04
1.339600000000000000e+04
1.339700000000000000e+04
1.339800000000000000e+04
1.339900000000000000e+04
1.340000000000000000e+04
1.340100000000000000e+04
1.340200000000000000e+04
1.340300000000000000e+04
1.340400000000000000e+04
1.340600000000000000e+04
1.340800000000000000e+04
1.355800000000000000e+04
1.358000000000000000e+04
1.358200000000000000e+04
1.358400000000000000e+04
1.358600000000000000e+04
1.358700000000000000e+04
1.358800000000000000e+04
1.359000000000000000e+04
1.359200000000000000e+04
1.359400000000000000e+04
1.359600000000000000e+04
1.359800000000000000e+04
1.360000000000000000e+04
1.360200000000000000e+04
1.405200000000000000e+04
1.408000000000000000e+04
1.408200000000000000e+04
1.408400000000000000e+04
1.408500000000000000e+04
1.408600000000000000e+04
1.408700000000000000e+04
1.408800000000000000e+04
1.408900000000000000e+04
1.409000000000000000e+04
1.409200000000000000e+04
1.409400000000000000e+04
1.409600000000000000e+04
1.409800000000000000e+04
1.410000000000000000e+04
1.410200000000000000e+04
1.410400000000000000e+04
1.410600000000000000e+04
1.410800000000000000e+04
1.411000000000000000e+04
1.411200000000000000e+04
1.411400000000000000e+04
1.411600000000000000e+04
1.411800000000000000e+04
1.412200000000000000e+04
1.412600000000000000e+04
1.413800000000000000e+04
1.414000000000000000e+04
1.414200000000000000e+04
1.414400000000000000e+04
1.414600000000000000e+04
1.414800000000000000e+04
1.415000000000000000e+04
1.415200000000000000e+04
1.415300000000000000e+04
1.415400000000000000e+04
1.415600000000000000e+04
1.415700000000000000e+04
1.415800000000000000e+04
1.416000000000000000e+04
1.416100000000000000e+04
1.416200000000000000e+04
1.416400000000000000e+04
1.416500000000000000e+04
1.416600000000000000e+04
1.416800000000000000e+04
1.416900000000000000e+04
1.417000000000000000e+04
1.417200000000000000e+04
1.417300000000000000e+04
1.417400000000000000e+04
1.417600000000000000e+04
1.417700000000000000e+04
1.417800000000000000e+04
1.418000000000000000e+04
1.418100000000000000e+04
1.418200000000000000e+04
1.418400000000000000e+04
1.418500000000000000e+04
1.418600000000000000e+04
1.418700000000000000e+04
1.418800000000000000e+04
1.418900000000000000e+04
1.419000000000000000e+04
1.419200000000000000e+04
1.419300000000000000e+04
1.419400000000000000e+04
1.419600000000000000e+04
1.419700000000000000e+04
1.419800000000000000e+04
1.420000000000000000e+04
1.420100000000000000e+04
1.420200000000000000e+04
1.420400000000000000e+04
1.420500000000000000e+04
1.420600000000000000e+04
1.420700000000000000e+04
1.420800000000000000e+04
1.420900000000000000e+04
1.421000000000000000e+04
1.421100000000000000e+04
1.421200000000000000e+04
1.421300000000000000e+04
1.421400000000000000e+04
1.421500000000000000e+04
1.421600000000000000e+04
1.421700000000000000e+04
1.421800000000000000e+04
1.421900000000000000e+04
1.470600000000000000e+04
1.470700000000000000e+04
1.470800000000000000e+04
1.471000000000000000e+04
1.474200000000000000e+04
1.474400000000000000e+04
1.474600000000000000e+04
1.475000000000000000e+04
1.475400000000000000e+04
1.475800000000000000e+04
1.476000000000000000e+04
1.476200000000000000e+04
1.476600000000000000e+04
1.477000000000000000e+04
1.477400000000000000e+04
1.477800000000000000e+04
1.478000000000000000e+04
1.478200000000000000e+04
1.478600000000000000e+04
1.479000000000000000e+04
1.479400000000000000e+04
1.479800000000000000e+04
1.480200000000000000e+04
1.480600000000000000e+04
1.481000000000000000e+04
1.481400000000000000e+04
1.484200000000000000e+04
1.484600000000000000e+04
1.485000000000000000e+04
1.487000000000000000e+04
1.487100000000000000e+04
1.487200000000000000e+04
1.487300000000000000e+04
1.487500000000000000e+04
1.487900000000000000e+04
1.502700000000000000e+04
1.636400000000000000e+04
1.637600000000000000e+04
1.637800000000000000e+04
1.638000000000000000e+04
1.638200000000000000e+04
1.638400000000000000e+04
1.638500000000000000e+04
1.638600000000000000e+04
1.638700000000000000e+04
1.638800000000000000e+04
1.638900000000000000e+04
1.639000000000000000e+04
1.639100000000000000e+04
1.639200000000000000e+04
1.639300000000000000e+04
1.639400000000000000e+04
1.639500000000000000e+04
1.639600000000000000e+04
1.639700000000000000e+04
1.639800000000000000e+04
1.639900000000000000e+04
1.640000000000000000e+04
1.640100000000000000e+04
1.640200000000000000e+04
1.640300000000000000e+04
1.640400000000000000e+04
1.640500000000000000e+04
1.640600000000000000e+04
1.640700000000000000e+04
1.640800000000000000e+04
1.640900000000000000e+04
1.641000000000000000e+04
1.641100000000000000e+04
1.641200000000000000e+04
1.641300000000000000e+04
1.641400000000000000e+04
1.641500000000000000e+04
1.641600000000000000e+04
1.641700000000000000e+04
1.641800000000000000e+04
1.641900000000000000e+04
1.642000000000000000e+04
1.642100000000000000e+04
1.642200000000000000e+04
1.642300000000000000e+04
1.642400000000000000e+04
1.642500000000000000e+04
1.642600000000000000e+04
1.642700000000000000e+04
1.642800000000000000e+04
1.642900000000000000e+04
1.643000000000000000e+04
1.643100000000000000e+04
1.643200000000000000e+04
1.643300000000000000e+04
1.643400000000000000e+04
1.643500000000000000e+04
1.643600000000000000e+04
1.643700000000000000e+04
1.643800000000000000e+04
1.643900000000000000e+04
1.644000000000000000e+04
1.644100000000000000e+04
1.644200000000000000e+04
1.644300000000000000e+04
1.644400000000000000e+04
1.644500000000000000e+04
1.644600000000000000e+04
1.644700000000000000e+04
1.644800000000000000e+04
1.644900000000000000e+04
1.645000000000000000e+04
1.645100000000000000e+04
1.645200000000000000e+04
1.645300000000000000e+04
1.645400000000000000e+04
1.645500000000000000e+04
1.645600000000000000e+04
1.645700000000000000e+04
1.645800000000000000e+04
1.645900000000000000e+04
1.646000000000000000e+04
1.646100000000000000e+04
1.646200000000000000e+04
1.646300000000000000e+04
1.646400000000000000e+04
1.646500000000000000e+04
1.646600000000000000e+04
1.646700000000000000e+04
1.646800000000000000e+04
1.646900000000000000e+04
1.647000000000000000e+04
1.647100000000000000e+04
1.647200000000000000e+04
1.647300000000000000e+04
1.647400000000000000e+04
1.647500000000000000e+04
1.647600000000000000e+04
1.647700000000000000e+04
1.647800000000000000e+04
1.647900000000000000e+04
1.648000000000000000e+04
1.648100000000000000e+04
1.648200000000000000e+04
1.648300000000000000e+04
1.648400000000000000e+04
1.648500000000000000e+04
1.648600000000000000e+04
1.648700000000000000e+04
1.648800000000000000e+04
1.648900000000000000e+04
1.649000000000000000e+04
1.649100000000000000e+04
1.649200000000000000e+04
1.649300000000000000e+04
1.649400000000000000e+04
1.649500000000000000e+04
1.649600000000000000e+04
1.649700000000000000e+04
1.649800000000000000e+04
1.649900000000000000e+04
1.650000000000000000e+04
1.650100000000000000e+04
1.650200000000000000e+04
1.650300000000000000e+04
1.650400000000000000e+04
1.650500000000000000e+04
1.650600000000000000e+04
1.650700000000000000e+04
1.650800000000000000e+04
1.650900000000000000e+04
1.651000000000000000e+04
1.651100000000000000e+04
1.651200000000000000e+04
1.651300000000000000e+04
1.651400000000000000e+04
1.651500000000000000e+04
1.651600000000000000e+04
1.651700000000000000e+04
1.651800000000000000e+04
1.651900000000000000e+04
1.652000000000000000e+04
1.652100000000000000e+04
1.652200000000000000e+04
1.652300000000000000e+04
1.652400000000000000e+04
1.652500000000000000e+04
1.652600000000000000e+04
1.652700000000000000e+04
1.652800000000000000e+04
1.652900000000000000e+04
1.653000000000000000e+04
1.653100000000000000e+04
1.653200000000000000e+04
1.653300000000000000e+04
1.653400000000000000e+04
1.653500000000000000e+04
1.653600000000000000e+04
1.653700000000000000e+04
1.653800000000000000e+04
1.653900000000000000e+04
1.654000000000000000e+04
1.654100000000000000e+04
1.654200000000000000e+04
1.654300000000000000e+04
1.654400000000000000e+04
1.654500000000000000e+04
1.654600000000000000e+04
1.654700000000000000e+04
1.654800000000000000e+04
1.654900000000000000e+04
1.655000000000000000e+04
1.655100000000000000e+04
1.655200000000000000e+04
1.655300000000000000e+04
1.655400000000000000e+04
1.655500000000000000e+04
1.655600000000000000e+04
1.656000000000000000e+04
1.656400000000000000e+04
1.656600000000000000e+04
1.656700000000000000e+04
1.656800000000000000e+04
1.656900000000000000e+04
1.657000000000000000e+04
1.657100000000000000e+04
1.657200000000000000e+04
1.657300000000000000e+04
1.657400000000000000e+04
1.657500000000000000e+04
1.657600000000000000e+04
1.657700000000000000e+04
1.657800000000000000e+04
1.657900000000000000e+04
1.658000000000000000e+04
1.658100000000000000e+04
1.658200000000000000e+04
1.658300000000000000e+04
1.658400000000000000e+04
1.658500000000000000e+04
1.658600000000000000e+04
1.658700000000000000e+04
1.658800000000000000e+04
1.658900000000000000e+04
1.659000000000000000e+04
1.659100000000000000e+04
1.659200000000000000e+04
1.659300000000000000e+04
1.659400000000000000e+04
1.659500000000000000e+04
1.659600000000000000e+04
1.659700000000000000e+04
1.659800000000000000e+04
1.659900000000000000e+04
1.660000000000000000e+04
1.660100000000000000e+04
1.660200000000000000e+04
1.660300000000000000e+04
1.660400000000000000e+04
1.660500000000000000e+04
1.660600000000000000e+04
1.660700000000000000e+04
1.660800000000000000e+04
1.660900000000000000e+04
1.661000000000000000e+04
1.661100000000000000e+04
1.661200000000000000e+04
1.661300000000000000e+04
1.661400000000000000e+04
1.661500000000000000e+04
1.661600000000000000e+04
1.661700000000000000e+04
1.661800000000000000e+04
1.661900000000000000e+04
1.662000000000000000e+04
1.662100000000000000e+04
1.662200000000000000e+04
1.662300000000000000e+04
1.662400000000000000e+04
1.662500000000000000e+04
1.662600000000000000e+04
1.662700000000000000e+04
1.662800000000000000e+04
1.662900000000000000e+04
1.663000000000000000e+04
1.663100000000000000e+04
1.663200000000000000e+04
1.663300000000000000e+04
1.663400000000000000e+04
1.663500000000000000e+04
1.663600000000000000e+04
1.663700000000000000e+04
1.663800000000000000e+04
1.663900000000000000e+04
1.664000000000000000e+04
1.664200000000000000e+04
1.664300000000000000e+04
1.664400000000000000e+04
1.664600000000000000e+04
1.664700000000000000e+04
1.664800000000000000e+04
1.665000000000000000e+04
1.665100000000000000e+04
1.665200000000000000e+04
1.665400000000000000e+04
1.665500000000000000e+04
1.665600000000000000e+04
1.665800000000000000e+04
1.665900000000000000e+04
1.666000000000000000e+04
1.666200000000000000e+04
1.666400000000000000e+04
1.666600000000000000e+04
1.666800000000000000e+04
1.667000000000000000e+04
1.667200000000000000e+04
1.667400000000000000e+04
1.667800000000000000e+04
1.668300000000000000e+04
1.668400000000000000e+04
1.668600000000000000e+04
1.668800000000000000e+04
1.668900000000000000e+04
1.669000000000000000e+04
1.669100000000000000e+04
1.669200000000000000e+04
1.669300000000000000e+04
1.669400000000000000e+04
1.669500000000000000e+04
1.669600000000000000e+04
1.669700000000000000e+04
1.669800000000000000e+04
1.669900000000000000e+04
1.670000000000000000e+04
1.670100000000000000e+04
1.670200000000000000e+04
1.670300000000000000e+04
1.670400000000000000e+04
1.670500000000000000e+04
1.670600000000000000e+04
1.670700000000000000e+04
1.670800000000000000e+04
1.670900000000000000e+04
1.671000000000000000e+04
1.671100000000000000e+04
1.671200000000000000e+04
1.671300000000000000e+04
1.671400000000000000e+04
1.671500000000000000e+04
1.671600000000000000e+04
1.671700000000000000e+04
1.671800000000000000e+04
1.671900000000000000e+04
1.672000000000000000e+04
1.672100000000000000e+04
1.672200000000000000e+04
1.672300000000000000e+04
1.672400000000000000e+04
1.672500000000000000e+04
1.672600000000000000e+04
1.672700000000000000e+04
1.672800000000000000e+04
1.672900000000000000e+04
1.673000000000000000e+04
1.673100000000000000e+04
1.673200000000000000e+04
1.673300000000000000e+04
1.673400000000000000e+04
1.673500000000000000e+04
1.673600000000000000e+04
1.673700000000000000e+04
1.673800000000000000e+04
1.673900000000000000e+04
1.674000000000000000e+04
1.674100000000000000e+04
1.674200000000000000e+04
1.674300000000000000e+04
1.674400000000000000e+04
1.674500000000000000e+04
1.674600000000000000e+04
1.674700000000000000e+04
1.674800000000000000e+04
1.674900000000000000e+04
1.675000000000000000e+04
1.675100000000000000e+04
1.675200000000000000e+04
1.675300000000000000e+04
1.675400000000000000e+04
1.675500000000000000e+04
1.675600000000000000e+04
1.675700000000000000e+04
1.675800000000000000e+04
1.675900000000000000e+04
1.676000000000000000e+04
1.676100000000000000e+04
1.676200000000000000e+04
1.676300000000000000e+04
1.676400000000000000e+04
1.676500000000000000e+04
1.676600000000000000e+04
1.676700000000000000e+04
1.676800000000000000e+04
1.676900000000000000e+04
1.677000000000000000e+04
1.677100000000000000e+04
1.677200000000000000e+04
1.677300000000000000e+04
1.677400000000000000e+04
1.677500000000000000e+04
1.677600000000000000e+04
1.677700000000000000e+04
1.677800000000000000e+04
1.677900000000000000e+04
1.678000000000000000e+04
1.678100000000000000e+04
1.678200000000000000e+04
1.678300000000000000e+04
1.678400000000000000e+04
1.678500000000000000e+04
1.678600000000000000e+04
1.678700000000000000e+04
1.678800000000000000e+04
1.678900000000000000e+04
1.679000000000000000e+04
1.679100000000000000e+04
1.679200000000000000e+04
1.679300000000000000e+04
1.679400000000000000e+04
1.679500000000000000e+04
1.679600000000000000e+04
1.679700000000000000e+04
1.679800000000000000e+04
1.679900000000000000e+04
1.680000000000000000e+04
1.680100000000000000e+04
1.680200000000000000e+04
1.680300000000000000e+04
1.680400000000000000e+04
1.680500000000000000e+04
1.680600000000000000e+04
1.680700000000000000e+04
1.680800000000000000e+04
1.680900000000000000e+04
1.681000000000000000e+04
1.681100000000000000e+04
1.681200000000000000e+04
1.681300000000000000e+04
1.681400000000000000e+04
1.681500000000000000e+04
1.681600000000000000e+04
1.681700000000000000e+04
1.681800000000000000e+04
1.681900000000000000e+04
1.682000000000000000e+04
1.682100000000000000e+04
1.682200000000000000e+04
1.682300000000000000e+04
1.682400000000000000e+04
1.682500000000000000e+04
1.682600000000000000e+04
1.682700000000000000e+04
1.682800000000000000e+04
1.682900000000000000e+04
1.683000000000000000e+04
1.683100000000000000e+04
1.683200000000000000e+04
1.683300000000000000e+04
1.683400000000000000e+04
1.683500000000000000e+04
1.683600000000000000e+04
1.683700000000000000e+04
1.683800000000000000e+04
1.683900000000000000e+04
1.684000000000000000e+04
1.684100000000000000e+04
1.684200000000000000e+04
1.684300000000000000e+04
1.684400000000000000e+04
1.684500000000000000e+04
1.684600000000000000e+04
1.684700000000000000e+04
1.684800000000000000e+04
1.684900000000000000e+04
1.685000000000000000e+04
1.685100000000000000e+04
1.685200000000000000e+04
1.685300000000000000e+04
1.685400000000000000e+04
1.685500000000000000e+04
1.685600000000000000e+04
1.685700000000000000e+04
1.685800000000000000e+04
1.685900000000000000e+04
1.686000000000000000e+04
1.686100000000000000e+04
1.686200000000000000e+04
1.686300000000000000e+04
1.686400000000000000e+04
1.686500000000000000e+04
1.686600000000000000e+04
1.686700000000000000e+04
1.686800000000000000e+04
1.686900000000000000e+04
1.687000000000000000e+04
1.687100000000000000e+04
1.687200000000000000e+04
1.687300000000000000e+04
1.687400000000000000e+04
1.687500000000000000e+04
1.687600000000000000e+04
1.687700000000000000e+04
1.687800000000000000e+04
1.687900000000000000e+04
1.688000000000000000e+04
1.688100000000000000e+04
1.688200000000000000e+04
1.688400000000000000e+04
1.688500000000000000e+04
1.688600000000000000e+04
1.688800000000000000e+04
1.688900000000000000e+04
1.689000000000000000e+04
1.689200000000000000e+04
1.689300000000000000e+04
1.689400000000000000e+04
1.740100000000000000e+04
1.740500000000000000e+04
1.745300000000000000e+04
1.745700000000000000e+04
1.746100000000000000e+04
1.746500000000000000e+04
1.746900000000000000e+04
1.747300000000000000e+04
1.747700000000000000e+04
1.748100000000000000e+04
1.748500000000000000e+04
1.748900000000000000e+04
1.749300000000000000e+04
1.749700000000000000e+04
1.750100000000000000e+04
1.750500000000000000e+04
1.750900000000000000e+04
1.751300000000000000e+04
1.751700000000000000e+04
1.752100000000000000e+04
1.752800000000000000e+04
1.752900000000000000e+04
1.753000000000000000e+04
1.753100000000000000e+04
1.753200000000000000e+04
1.753300000000000000e+04
1.753400000000000000e+04
2.069700000000000000e+04
2.070300000000000000e+04
2.070400000000000000e+04
2.070500000000000000e+04
2.070700000000000000e+04
2.070800000000000000e+04
2.070900000000000000e+04
2.123100000000000000e+04
2.123200000000000000e+04
2.123300000000000000e+04
2.123400000000000000e+04
2.123500000000000000e+04
2.123600000000000000e+04
2.123700000000000000e+04
2.123800000000000000e+04
2.123900000000000000e+04
2.124000000000000000e+04
2.124100000000000000e+04
2.124200000000000000e+04
2.124300000000000000e+04
2.124400000000000000e+04
2.124500000000000000e+04
2.124600000000000000e+04
2.124700000000000000e+04
2.124800000000000000e+04
2.124900000000000000e+04
2.125000000000000000e+04
2.125100000000000000e+04
2.125200000000000000e+04
2.125300000000000000e+04
2.125400000000000000e+04
2.125500000000000000e+04
2.125600000000000000e+04
2.125700000000000000e+04
2.125800000000000000e+04
2.125900000000000000e+04
2.126000000000000000e+04
2.126100000000000000e+04
2.126200000000000000e+04
2.126300000000000000e+04
2.126400000000000000e+04
2.126500000000000000e+04
2.126600000000000000e+04
2.126700000000000000e+04
2.126800000000000000e+04
2.126900000000000000e+04
2.127000000000000000e+04
2.127100000000000000e+04
2.127200000000000000e+04
2.127300000000000000e+04
2.127400000000000000e+04
2.127500000000000000e+04
2.127600000000000000e+04
2.127700000000000000e+04
2.127800000000000000e+04
2.127900000000000000e+04
2.128000000000000000e+04
2.128100000000000000e+04
2.128200000000000000e+04
2.128300000000000000e+04
2.128400000000000000e+04
2.128500000000000000e+04
2.128600000000000000e+04
2.128700000000000000e+04
2.128800000000000000e+04
2.128900000000000000e+04
2.129000000000000000e+04
2.129100000000000000e+04
2.129200000000000000e+04
2.129300000000000000e+04
2.129400000000000000e+04
2.129500000000000000e+04
2.129600000000000000e+04
2.129700000000000000e+04
2.129800000000000000e+04
2.129900000000000000e+04
2.130000000000000000e+04
2.130100000000000000e+04
2.130200000000000000e+04
2.130300000000000000e+04
2.130400000000000000e+04
2.130500000000000000e+04
2.130600000000000000e+04
2.130700000000000000e+04
2.130800000000000000e+04
2.130900000000000000e+04
2.131000000000000000e+04
2.131100000000000000e+04
2.131200000000000000e+04
2.131300000000000000e+04
2.131400000000000000e+04
2.131500000000000000e+04
2.131600000000000000e+04
2.131700000000000000e+04
2.131800000000000000e+04
2.131900000000000000e+04
2.132000000000000000e+04
2.132100000000000000e+04
2.132200000000000000e+04
2.132300000000000000e+04
2.132400000000000000e+04
2.132500000000000000e+04
2.132600000000000000e+04
2.132700000000000000e+04
2.132800000000000000e+04
2.132900000000000000e+04
2.133000000000000000e+04
2.133100000000000000e+04
2.133200000000000000e+04
2.133300000000000000e+04
2.133400000000000000e+04
2.133500000000000000e+04
2.133600000000000000e+04
2.133700000000000000e+04
2.133800000000000000e+04
2.133900000000000000e+04
2.134000000000000000e+04
2.134100000000000000e+04
2.134200000000000000e+04
2.134300000000000000e+04
2.134400000000000000e+04
2.134500000000000000e+04
2.134600000000000000e+04
2.134700000000000000e+04
2.134800000000000000e+04
2.134900000000000000e+04
2.135000000000000000e+04
2.135100000000000000e+04
2.135200000000000000e+04
2.135300000000000000e+04
2.135400000000000000e+04
2.135500000000000000e+04
2.135600000000000000e+04
2.135700000000000000e+04
2.135800000000000000e+04
2.135900000000000000e+04
2.136000000000000000e+04
2.136100000000000000e+04
2.136200000000000000e+04
2.136300000000000000e+04
2.136400000000000000e+04
2.136500000000000000e+04
2.136600000000000000e+04
2.136700000000000000e+04
2.136800000000000000e+04
2.136900000000000000e+04
2.137000000000000000e+04
2.137100000000000000e+04
2.137200000000000000e+04
2.137300000000000000e+04
2.137400000000000000e+04
2.137500000000000000e+04
2.137600000000000000e+04
2.137700000000000000e+04
2.137800000000000000e+04
2.137900000000000000e+04
2.138000000000000000e+04
2.138100000000000000e+04
2.138200000000000000e+04
2.138300000000000000e+04
2.138400000000000000e+04
2.138500000000000000e+04
2.138600000000000000e+04
2.138700000000000000e+04
2.138800000000000000e+04
2.139000000000000000e+04
2.187100000000000000e+04
2.187200000000000000e+04
2.187300000000000000e+04
2.187400000000000000e+04
2.187500000000000000e+04
2.187700000000000000e+04
2.187900000000000000e+04
2.188100000000000000e+04
2.188300000000000000e+04
2.188500000000000000e+04
2.188700000000000000e+04
2.188900000000000000e+04
2.189100000000000000e+04
2.189300000000000000e+04
2.189500000000000000e+04
2.189700000000000000e+04
2.189900000000000000e+04
2.190000000000000000e+04
2.190100000000000000e+04
2.190300000000000000e+04
2.190400000000000000e+04
2.190500000000000000e+04
2.190700000000000000e+04
2.190800000000000000e+04
2.190900000000000000e+04
2.191100000000000000e+04
2.191300000000000000e+04
2.191500000000000000e+04
2.191700000000000000e+04
2.191900000000000000e+04
2.192100000000000000e+04
2.192300000000000000e+04
2.192500000000000000e+04
2.192700000000000000e+04
2.192900000000000000e+04
2.193100000000000000e+04
2.193300000000000000e+04
2.193500000000000000e+04
2.193700000000000000e+04
2.193900000000000000e+04
2.194100000000000000e+04
2.194300000000000000e+04
2.194500000000000000e+04
2.194700000000000000e+04
2.194900000000000000e+04
2.195100000000000000e+04
2.195300000000000000e+04
2.195500000000000000e+04
2.195700000000000000e+04
2.195900000000000000e+04
2.196100000000000000e+04
2.196500000000000000e+04
2.196900000000000000e+04
2.197300000000000000e+04
2.197700000000000000e+04
2.280500000000000000e+04
2.280900000000000000e+04
2.281000000000000000e+04
2.281300000000000000e+04
2.281400000000000000e+04
2.281600000000000000e+04
2.281700000000000000e+04
2.281800000000000000e+04
2.281900000000000000e+04
2.282000000000000000e+04
2.282100000000000000e+04
2.282200000000000000e+04
2.282300000000000000e+04
2.282400000000000000e+04
2.282500000000000000e+04
2.282600000000000000e+04
2.282700000000000000e+04
2.282800000000000000e+04
2.282900000000000000e+04
2.283000000000000000e+04
2.283100000000000000e+04
2.283200000000000000e+04
2.283300000000000000e+04
2.283400000000000000e+04
2.283500000000000000e+04
2.283600000000000000e+04
2.283700000000000000e+04
2.283800000000000000e+04
2.283900000000000000e+04
2.284000000000000000e+04
2.284100000000000000e+04
2.284200000000000000e+04
2.284300000000000000e+04
2.284400000000000000e+04
2.284500000000000000e+04
2.284600000000000000e+04
2.284700000000000000e+04
2.284800000000000000e+04
2.284900000000000000e+04
2.285000000000000000e+04
2.285100000000000000e+04
2.285200000000000000e+04
2.285300000000000000e+04
2.285400000000000000e+04
2.285500000000000000e+04
2.285600000000000000e+04
2.285700000000000000e+04
2.285800000000000000e+04
2.285900000000000000e+04
2.286000000000000000e+04
2.286100000000000000e+04
2.286200000000000000e+04
2.286300000000000000e+04
2.286400000000000000e+04
2.286500000000000000e+04
2.286600000000000000e+04
2.286700000000000000e+04
2.286800000000000000e+04
2.286900000000000000e+04
2.287000000000000000e+04
2.287100000000000000e+04
2.287200000000000000e+04
2.287300000000000000e+04
2.287400000000000000e+04
2.287500000000000000e+04
2.287600000000000000e+04
2.287700000000000000e+04
2.287800000000000000e+04
2.287900000000000000e+04
2.288000000000000000e+04
2.288100000000000000e+04
2.288200000000000000e+04
2.288300000000000000e+04
2.288400000000000000e+04
2.288500000000000000e+04
2.288600000000000000e+04
2.288700000000000000e+04
2.288800000000000000e+04
2.288900000000000000e+04
2.289000000000000000e+04
2.289100000000000000e+04
2.289200000000000000e+04
2.289300000000000000e+04
2.289400000000000000e+04
2.289500000000000000e+04
2.289600000000000000e+04
2.289700000000000000e+04
2.289800000000000000e+04
2.289900000000000000e+04
2.290000000000000000e+04
2.290100000000000000e+04
2.290200000000000000e+04
2.290300000000000000e+04
2.290400000000000000e+04
2.290500000000000000e+04
2.290600000000000000e+04
2.290700000000000000e+04
2.290800000000000000e+04
2.290900000000000000e+04
2.291000000000000000e+04
2.291100000000000000e+04
2.291200000000000000e+04
2.291300000000000000e+04
2.291400000000000000e+04
2.291500000000000000e+04
2.291600000000000000e+04
2.291700000000000000e+04
2.291800000000000000e+04
2.291900000000000000e+04
2.292000000000000000e+04
2.292100000000000000e+04
2.292200000000000000e+04
2.292300000000000000e+04
2.292400000000000000e+04
2.292500000000000000e+04
2.292600000000000000e+04
2.292700000000000000e+04
2.292800000000000000e+04
2.292900000000000000e+04
2.293000000000000000e+04
2.293100000000000000e+04
2.293200000000000000e+04
2.293300000000000000e+04
2.293400000000000000e+04
2.293500000000000000e+04
2.293600000000000000e+04
2.293700000000000000e+04
2.293800000000000000e+04
2.293900000000000000e+04
2.294000000000000000e+04
2.294100000000000000e+04
2.294200000000000000e+04
2.294300000000000000e+04
2.294400000000000000e+04
2.294500000000000000e+04
2.294600000000000000e+04
2.294800000000000000e+04
2.294900000000000000e+04
2.295000000000000000e+04
2.295300000000000000e+04
2.295700000000000000e+04
2.319100000000000000e+04
2.319200000000000000e+04
2.321100000000000000e+04
2.321500000000000000e+04
2.321900000000000000e+04
2.322300000000000000e+04
2.322400000000000000e+04
2.322500000000000000e+04
2.322600000000000000e+04
2.322700000000000000e+04
2.322800000000000000e+04
2.322900000000000000e+04
2.323000000000000000e+04
2.323100000000000000e+04
2.323200000000000000e+04
2.323300000000000000e+04
2.323400000000000000e+04
2.323500000000000000e+04
2.323600000000000000e+04
2.323700000000000000e+04
2.323800000000000000e+04
2.323900000000000000e+04
2.324000000000000000e+04
2.324100000000000000e+04
2.324200000000000000e+04
2.324300000000000000e+04
2.324400000000000000e+04
2.324500000000000000e+04
2.324700000000000000e+04
2.324800000000000000e+04
2.324900000000000000e+04
2.325000000000000000e+04
2.325100000000000000e+04
2.325200000000000000e+04
2.325300000000000000e+04
2.325400000000000000e+04
2.325500000000000000e+04
2.325600000000000000e+04
2.325700000000000000e+04
2.325800000000000000e+04
2.325900000000000000e+04
2.326000000000000000e+04
2.326100000000000000e+04
2.326200000000000000e+04
2.326300000000000000e+04
2.326400000000000000e+04
2.326500000000000000e+04
2.326600000000000000e+04
2.326700000000000000e+04
2.326800000000000000e+04
2.326900000000000000e+04
2.327000000000000000e+04
2.327100000000000000e+04
2.327200000000000000e+04
2.327300000000000000e+04
2.327400000000000000e+04
2.327500000000000000e+04
2.327600000000000000e+04
2.327700000000000000e+04
2.327800000000000000e+04
2.327900000000000000e+04
2.328000000000000000e+04
2.328100000000000000e+04
2.328200000000000000e+04
2.328300000000000000e+04
2.328400000000000000e+04
2.328500000000000000e+04
2.328600000000000000e+04
2.328700000000000000e+04
2.328800000000000000e+04
2.328900000000000000e+04
2.329000000000000000e+04
2.329100000000000000e+04
2.329200000000000000e+04
2.329300000000000000e+04
2.329400000000000000e+04
2.329500000000000000e+04
2.329600000000000000e+04
2.329700000000000000e+04
2.329800000000000000e+04
2.329900000000000000e+04
2.330000000000000000e+04
2.330100000000000000e+04
2.330200000000000000e+04
2.330300000000000000e+04
2.330400000000000000e+04
2.330500000000000000e+04
2.330600000000000000e+04
2.330700000000000000e+04
2.330800000000000000e+04
2.330900000000000000e+04
2.331000000000000000e+04
2.331100000000000000e+04
2.331200000000000000e+04
2.331300000000000000e+04
2.331400000000000000e+04
2.331500000000000000e+04
2.331600000000000000e+04
2.331700000000000000e+04
2.331800000000000000e+04
2.331900000000000000e+04
2.332000000000000000e+04
2.332100000000000000e+04
2.332200000000000000e+04
2.332300000000000000e+04
2.332400000000000000e+04
2.332500000000000000e+04
2.332600000000000000e+04
2.332700000000000000e+04
2.332800000000000000e+04
2.332900000000000000e+04
2.333000000000000000e+04
2.333100000000000000e+04
2.333200000000000000e+04
2.333300000000000000e+04
2.333400000000000000e+04
2.333500000000000000e+04
2.333600000000000000e+04
2.333700000000000000e+04
2.333800000000000000e+04
2.333900000000000000e+04
2.334000000000000000e+04
2.334100000000000000e+04
2.334200000000000000e+04
2.334300000000000000e+04
2.334400000000000000e+04
2.334500000000000000e+04
2.334600000000000000e+04
2.334700000000000000e+04
2.334800000000000000e+04
2.334900000000000000e+04
2.335000000000000000e+04
2.335100000000000000e+04
2.335200000000000000e+04
2.335300000000000000e+04
2.335400000000000000e+04
2.335500000000000000e+04
2.335600000000000000e+04
2.335700000000000000e+04
2.335800000000000000e+04
2.336000000000000000e+04
2.336200000000000000e+04
2.336400000000000000e+04
2.337200000000000000e+04
2.341600000000000000e+04
2.351200000000000000e+04
2.351300000000000000e+04
2.351400000000000000e+04
2.351500000000000000e+04
2.351600000000000000e+04
2.351700000000000000e+04
2.351800000000000000e+04
2.351900000000000000e+04
2.352000000000000000e+04
2.352100000000000000e+04
2.581500000000000000e+04
2.582700000000000000e+04
2.582900000000000000e+04
2.583100000000000000e+04
2.583300000000000000e+04
2.583500000000000000e+04
2.583700000000000000e+04
2.583900000000000000e+04
2.584100000000000000e+04
2.584300000000000000e+04
2.584500000000000000e+04
2.584700000000000000e+04
2.584900000000000000e+04
2.585100000000000000e+04
2.585300000000000000e+04
2.585500000000000000e+04
2.585700000000000000e+04
2.585900000000000000e+04
2.586100000000000000e+04
2.586300000000000000e+04
2.586500000000000000e+04
2.586700000000000000e+04
2.586900000000000000e+04
2.587100000000000000e+04
2.587300000000000000e+04
2.587500000000000000e+04
2.587700000000000000e+04
2.587900000000000000e+04
2.588100000000000000e+04
2.588300000000000000e+04
2.588500000000000000e+04
2.588700000000000000e+04
2.588900000000000000e+04
2.589100000000000000e+04
2.589300000000000000e+04
2.589500000000000000e+04
2.589700000000000000e+04
2.589900000000000000e+04
2.590100000000000000e+04
2.590300000000000000e+04
2.590500000000000000e+04
2.590700000000000000e+04
2.590900000000000000e+04
2.591100000000000000e+04
2.591300000000000000e+04
2.591500000000000000e+04
2.591700000000000000e+04
2.592100000000000000e+04
2.779200000000000000e+04
2.795500000000000000e+04
2.795700000000000000e+04
2.795800000000000000e+04
2.795900000000000000e+04
2.796000000000000000e+04
2.796100000000000000e+04
2.796200000000000000e+04
2.796300000000000000e+04
2.796400000000000000e+04
2.796500000000000000e+04
2.796600000000000000e+04
2.796700000000000000e+04
2.796800000000000000e+04
2.796900000000000000e+04
2.797000000000000000e+04
2.797100000000000000e+04
2.797200000000000000e+04
2.797300000000000000e+04
2.797400000000000000e+04
2.797500000000000000e+04
2.797600000000000000e+04
2.797700000000000000e+04
2.797900000000000000e+04
2.798100000000000000e+04
2.798300000000000000e+04
2.799700000000000000e+04
2.799900000000000000e+04
2.800000000000000000e+04
2.800100000000000000e+04
2.800200000000000000e+04
2.800300000000000000e+04
2.800400000000000000e+04
2.800500000000000000e+04
2.800600000000000000e+04
2.800700000000000000e+04
2.800800000000000000e+04
2.800900000000000000e+04
2.801000000000000000e+04
2.801100000000000000e+04
2.801200000000000000e+04
2.801300000000000000e+04
2.801500000000000000e+04
2.801600000000000000e+04
2.801700000000000000e+04
2.801900000000000000e+04
2.802000000000000000e+04
2.802100000000000000e+04
2.802200000000000000e+04
2.802300000000000000e+04
2.802400000000000000e+04
2.802500000000000000e+04
2.802600000000000000e+04
2.802700000000000000e+04
2.802800000000000000e+04
2.802900000000000000e+04
2.803000000000000000e+04
2.803100000000000000e+04
2.803200000000000000e+04
2.803300000000000000e+04
2.803400000000000000e+04
2.803500000000000000e+04
2.803600000000000000e+04
2.803700000000000000e+04
2.803800000000000000e+04
2.803900000000000000e+04
2.804000000000000000e+04
2.804100000000000000e+04
2.804200000000000000e+04
2.804300000000000000e+04
2.804400000000000000e+04
2.804500000000000000e+04
2.804600000000000000e+04
2.804700000000000000e+04
2.804800000000000000e+04
2.804900000000000000e+04
2.805000000000000000e+04
2.805100000000000000e+04
2.805200000000000000e+04
2.805300000000000000e+04
2.805400000000000000e+04
2.805500000000000000e+04
2.805600000000000000e+04
2.805700000000000000e+04
2.805800000000000000e+04
2.805900000000000000e+04
2.806000000000000000e+04
2.806100000000000000e+04
2.806200000000000000e+04
2.806300000000000000e+04
2.806400000000000000e+04
2.806500000000000000e+04
2.806600000000000000e+04
2.806700000000000000e+04
2.806800000000000000e+04
2.806900000000000000e+04
2.807000000000000000e+04
2.807100000000000000e+04
2.807200000000000000e+04
2.807300000000000000e+04
2.807400000000000000e+04
2.807500000000000000e+04
2.807600000000000000e+04
2.807700000000000000e+04
2.807800000000000000e+04
2.807900000000000000e+04
2.808000000000000000e+04
2.808100000000000000e+04
2.808200000000000000e+04
2.808300000000000000e+04
2.808400000000000000e+04
2.808500000000000000e+04
2.808600000000000000e+04
2.808700000000000000e+04
2.808800000000000000e+04
2.808900000000000000e+04
2.809000000000000000e+04
2.809100000000000000e+04
2.809200000000000000e+04
2.809300000000000000e+04
2.809400000000000000e+04
2.809500000000000000e+04
2.809600000000000000e+04
2.809700000000000000e+04
2.809800000000000000e+04
2.809900000000000000e+04
2.810000000000000000e+04
2.810100000000000000e+04
2.810200000000000000e+04
2.810300000000000000e+04
2.810400000000000000e+04
2.810500000000000000e+04
2.810600000000000000e+04
2.810700000000000000e+04
2.810800000000000000e+04
2.810900000000000000e+04
2.811000000000000000e+04
2.811100000000000000e+04
2.811200000000000000e+04
2.811300000000000000e+04
2.811400000000000000e+04
2.811500000000000000e+04
2.811600000000000000e+04
2.811700000000000000e+04
2.811800000000000000e+04
2.811900000000000000e+04
2.812000000000000000e+04
2.812100000000000000e+04
2.812200000000000000e+04
2.812300000000000000e+04
2.812400000000000000e+04
2.812500000000000000e+04
2.812600000000000000e+04
2.812700000000000000e+04
2.815300000000000000e+04
2.815500000000000000e+04
2.815700000000000000e+04
2.898200000000000000e+04
2.898600000000000000e+04
2.898700000000000000e+04
2.898800000000000000e+04
2.898900000000000000e+04
2.899000000000000000e+04
2.899100000000000000e+04
2.899200000000000000e+04
2.899300000000000000e+04
2.899400000000000000e+04
2.899500000000000000e+04
2.899600000000000000e+04
2.899700000000000000e+04
2.899800000000000000e+04
2.899900000000000000e+04
2.900000000000000000e+04
2.900100000000000000e+04
2.900200000000000000e+04
2.900300000000000000e+04
2.900400000000000000e+04
2.900500000000000000e+04
2.900600000000000000e+04
2.900800000000000000e+04
2.901000000000000000e+04
2.901100000000000000e+04
2.901200000000000000e+04
2.901300000000000000e+04
2.901400000000000000e+04
2.901600000000000000e+04
2.901800000000000000e+04
2.902000000000000000e+04
2.902200000000000000e+04
2.902400000000000000e+04
2.902500000000000000e+04
2.902600000000000000e+04
2.902800000000000000e+04
2.903000000000000000e+04
2.903200000000000000e+04
2.903400000000000000e+04
2.903600000000000000e+04
2.903800000000000000e+04
2.904000000000000000e+04
2.904200000000000000e+04
2.904400000000000000e+04
2.904600000000000000e+04
2.904800000000000000e+04
2.905000000000000000e+04
2.905200000000000000e+04
2.905400000000000000e+04
2.905600000000000000e+04
2.905800000000000000e+04
2.906000000000000000e+04
2.906200000000000000e+04
2.906400000000000000e+04
2.906600000000000000e+04
2.906800000000000000e+04
2.907000000000000000e+04
2.907200000000000000e+04
2.907400000000000000e+04
2.907600000000000000e+04
2.907800000000000000e+04
2.908000000000000000e+04
2.908200000000000000e+04
2.908400000000000000e+04
2.908600000000000000e+04
2.908800000000000000e+04
2.909000000000000000e+04
2.909200000000000000e+04
2.909400000000000000e+04
2.909600000000000000e+04
2.909800000000000000e+04
2.910000000000000000e+04
2.910200000000000000e+04
2.910400000000000000e+04
2.910600000000000000e+04
2.910800000000000000e+04
2.911000000000000000e+04
2.911200000000000000e+04
2.911400000000000000e+04
2.911600000000000000e+04
2.912400000000000000e+04
2.912500000000000000e+04
