3.768000000000000000e+03
3.772000000000000000e+03
3.773000000000000000e+03
3.774000000000000000e+03
3.775000000000000000e+03
3.776000000000000000e+03
3.777000000000000000e+03
3.778000000000000000e+03
3.779000000000000000e+03
3.780000000000000000e+03
3.781000000000000000e+03
3.782000000000000000e+03
3.783000000000000000e+03
3.784000000000000000e+03
3.785000000000000000e+03
3.786000000000000000e+03
3.787000000000000000e+03
3.788000000000000000e+03
3.789000000000000000e+03
3.790000000000000000e+03
3.791000000000000000e+03
3.792000000000000000e+03
3.793000000000000000e+03
3.794000000000000000e+03
3.795000000000000000e+03
3.796000000000000000e+03
3.797000000000000000e+03
3.798000000000000000e+03
3.799000000000000000e+03
3.800000000000000000e+03
3.801000000000000000e+03
3.804000000000000000e+03
3.818000000000000000e+03
3.819000000000000000e+03
3.820000000000000000e+03
3.821000000000000000e+03
3.822000000000000000e+03
3.823000000000000000e+03
3.824000000000000000e+03
3.825000000000000000e+03
3.826000000000000000e+03
3.827000000000000000e+03
3.828000000000000000e+03
3.829000000000000000e+03
3.830000000000000000e+03
3.831000000000000000e+03
3.832000000000000000e+03
3.833000000000000000e+03
3.834000000000000000e+03
3.835000000000000000e+03
3.836000000000000000e+03
3.837000000000000000e+03
3.838000000000000000e+03
3.839000000000000000e+03
3.840000000000000000e+03
3.841000000000000000e+03
3.842000000000000000e+03
3.843000000000000000e+03
3.844000000000000000e+03
3.845000000000000000e+03
3.846000000000000000e+03
3.847000000000000000e+03
3.848000000000000000e+03
3.849000000000000000e+03
3.850000000000000000e+03
3.851000000000000000e+03
3.852000000000000000e+03
3.853000000000000000e+03
3.854000000000000000e+03
3.855000000000000000e+03
3.856000000000000000e+03
3.857000000000000000e+03
3.858000000000000000e+03
3.859000000000000000e+03
3.860000000000000000e+03
3.861000000000000000e+03
3.862000000000000000e+03
3.863000000000000000e+03
3.864000000000000000e+03
3.865000000000000000e+03
3.866000000000000000e+03
3.867000000000000000e+03
3.868000000000000000e+03
3.869000000000000000e+03
3.870000000000000000e+03
3.871000000000000000e+03
3.872000000000000000e+03
3.873000000000000000e+03
3.874000000000000000e+03
3.875000000000000000e+03
3.876000000000000000e+03
3.877000000000000000e+03
3.878000000000000000e+03
3.879000000000000000e+03
3.880000000000000000e+03
3.881000000000000000e+03
3.882000000000000000e+03
3.883000000000000000e+03
3.884000000000000000e+03
3.885000000000000000e+03
3.886000000000000000e+03
3.887000000000000000e+03
3.888000000000000000e+03
3.889000000000000000e+03
3.890000000000000000e+03
3.891000000000000000e+03
3.892000000000000000e+03
3.893000000000000000e+03
3.894000000000000000e+03
3.895000000000000000e+03
3.896000000000000000e+03
3.897000000000000000e+03
3.898000000000000000e+03
3.899000000000000000e+03
3.900000000000000000e+03
3.901000000000000000e+03
3.902000000000000000e+03
3.903000000000000000e+03
3.904000000000000000e+03
3.905000000000000000e+03
3.906000000000000000e+03
3.907000000000000000e+03
3.908000000000000000e+03
3.909000000000000000e+03
3.910000000000000000e+03
3.911000000000000000e+03
3.912000000000000000e+03
3.913000000000000000e+03
3.914000000000000000e+03
3.915000000000000000e+03
3.916000000000000000e+03
3.917000000000000000e+03
3.918000000000000000e+03
3.919000000000000000e+03
3.920000000000000000e+03
3.921000000000000000e+03
3.922000000000000000e+03
3.923000000000000000e+03
3.924000000000000000e+03
3.925000000000000000e+03
3.926000000000000000e+03
3.927000000000000000e+03
3.928000000000000000e+03
3.929000000000000000e+03
3.930000000000000000e+03
3.931000000000000000e+03
3.932000000000000000e+03
3.933000000000000000e+03
3.934000000000000000e+03
3.935000000000000000e+03
3.936000000000000000e+03
3.937000000000000000e+03
3.938000000000000000e+03
3.939000000000000000e+03
3.940000000000000000e+03
4.871000000000000000e+03
4.874000000000000000e+03
4.875000000000000000e+03
4.876000000000000000e+03
4.877000000000000000e+03
4.878000000000000000e+03
4.879000000000000000e+03
4.880000000000000000e+03
4.881000000000000000e+03
4.882000000000000000e+03
4.883000000000000000e+03
4.884000000000000000e+03
4.885000000000000000e+03
4.886000000000000000e+03
4.887000000000000000e+03
4.888000000000000000e+03
4.889000000000000000e+03
4.890000000000000000e+03
4.891000000000000000e+03
4.892000000000000000e+03
4.893000000000000000e+03
4.894000000000000000e+03
4.895000000000000000e+03
4.896000000000000000e+03
4.897000000000000000e+03
4.898000000000000000e+03
4.899000000000000000e+03
4.900000000000000000e+03
4.901000000000000000e+03
4.902000000000000000e+03
4.903000000000000000e+03
5.968000000000000000e+03
5.969000000000000000e+03
5.970000000000000000e+03
5.971000000000000000e+03
5.972000000000000000e+03
5.973000000000000000e+03
5.974000000000000000e+03
5.975000000000000000e+03
5.976000000000000000e+03
5.977000000000000000e+03
5.978000000000000000e+03
5.979000000000000000e+03
5.980000000000000000e+03
5.981000000000000000e+03
5.982000000000000000e+03
5.983000000000000000e+03
5.984000000000000000e+03
5.985000000000000000e+03
5.986000000000000000e+03
5.987000000000000000e+03
5.988000000000000000e+03
5.989000000000000000e+03
5.990000000000000000e+03
5.991000000000000000e+03
5.992000000000000000e+03
5.993000000000000000e+03
5.994000000000000000e+03
5.995000000000000000e+03
5.996000000000000000e+03
5.997000000000000000e+03
5.998000000000000000e+03
5.999000000000000000e+03
6.000000000000000000e+03
6.001000000000000000e+03
6.002000000000000000e+03
6.004000000000000000e+03
6.116000000000000000e+03
7.070000000000000000e+03
7.071000000000000000e+03
7.072000000000000000e+03
7.073000000000000000e+03
7.074000000000000000e+03
7.075000000000000000e+03
7.076000000000000000e+03
7.077000000000000000e+03
7.078000000000000000e+03
7.079000000000000000e+03
7.080000000000000000e+03
7.081000000000000000e+03
7.082000000000000000e+03
7.083000000000000000e+03
7.084000000000000000e+03
7.085000000000000000e+03
7.086000000000000000e+03
7.087000000000000000e+03
7.088000000000000000e+03
7.089000000000000000e+03
7.090000000000000000e+03
7.091000000000000000e+03
7.092000000000000000e+03
7.093000000000000000e+03
7.094000000000000000e+03
7.095000000000000000e+03
7.096000000000000000e+03
7.097000000000000000e+03
7.098000000000000000e+03
7.099000000000000000e+03
7.102000000000000000e+03
