4.967000000000000000e+03
4.968000000000000000e+03
4.971000000000000000e+03
4.972000000000000000e+03
4.973000000000000000e+03
4.974000000000000000e+03
4.975000000000000000e+03
4.976000000000000000e+03
4.977000000000000000e+03
4.979000000000000000e+03
4.983000000000000000e+03
4.984000000000000000e+03
4.985000000000000000e+03
4.986000000000000000e+03
4.993000000000000000e+03
5.000000000000000000e+03
5.006000000000000000e+03
5.007000000000000000e+03
5.022000000000000000e+03
5.026000000000000000e+03
5.362000000000000000e+03
5.366000000000000000e+03
5.370000000000000000e+03
5.374000000000000000e+03
5.378000000000000000e+03
5.382000000000000000e+03
5.383000000000000000e+03
5.385000000000000000e+03
5.386000000000000000e+03
5.387000000000000000e+03
5.389000000000000000e+03
5.390000000000000000e+03
5.391000000000000000e+03
5.393000000000000000e+03
5.394000000000000000e+03
5.395000000000000000e+03
5.397000000000000000e+03
5.398000000000000000e+03
5.399000000000000000e+03
5.401000000000000000e+03
5.402000000000000000e+03
5.403000000000000000e+03
5.406000000000000000e+03
5.410000000000000000e+03
5.414000000000000000e+03
5.418000000000000000e+03
5.422000000000000000e+03
5.426000000000000000e+03
5.430000000000000000e+03
5.434000000000000000e+03
5.435000000000000000e+03
5.437000000000000000e+03
5.438000000000000000e+03
5.439000000000000000e+03
5.441000000000000000e+03
5.442000000000000000e+03
5.443000000000000000e+03
5.444000000000000000e+03
5.445000000000000000e+03
5.446000000000000000e+03
5.447000000000000000e+03
5.449000000000000000e+03
5.450000000000000000e+03
