3.218000000000000000e+03
3.221000000000000000e+03
3.222000000000000000e+03
3.223000000000000000e+03
3.225000000000000000e+03
3.226000000000000000e+03
3.227000000000000000e+03
3.228000000000000000e+03
3.229000000000000000e+03
3.230000000000000000e+03
3.231000000000000000e+03
3.232000000000000000e+03
3.233000000000000000e+03
3.234000000000000000e+03
3.235000000000000000e+03
3.236000000000000000e+03
3.237000000000000000e+03
3.238000000000000000e+03
3.239000000000000000e+03
3.241000000000000000e+03
3.242000000000000000e+03
3.243000000000000000e+03
3.244000000000000000e+03
3.245000000000000000e+03
3.246000000000000000e+03
3.247000000000000000e+03
3.249000000000000000e+03
3.250000000000000000e+03
3.251000000000000000e+03
3.252000000000000000e+03
3.253000000000000000e+03
3.254000000000000000e+03
3.255000000000000000e+03
3.256000000000000000e+03
3.257000000000000000e+03
3.258000000000000000e+03
3.259000000000000000e+03
3.260000000000000000e+03
3.261000000000000000e+03
3.262000000000000000e+03
3.263000000000000000e+03
3.264000000000000000e+03
3.265000000000000000e+03
3.266000000000000000e+03
3.267000000000000000e+03
3.268000000000000000e+03
3.269000000000000000e+03
3.270000000000000000e+03
3.271000000000000000e+03
3.272000000000000000e+03
3.273000000000000000e+03
3.274000000000000000e+03
3.275000000000000000e+03
3.276000000000000000e+03
3.277000000000000000e+03
3.278000000000000000e+03
3.279000000000000000e+03
3.280000000000000000e+03
3.281000000000000000e+03
3.282000000000000000e+03
3.283000000000000000e+03
3.284000000000000000e+03
3.285000000000000000e+03
3.286000000000000000e+03
3.287000000000000000e+03
3.288000000000000000e+03
3.289000000000000000e+03
3.290000000000000000e+03
3.291000000000000000e+03
3.292000000000000000e+03
3.293000000000000000e+03
3.294000000000000000e+03
3.295000000000000000e+03
3.296000000000000000e+03
3.297000000000000000e+03
3.298000000000000000e+03
3.299000000000000000e+03
3.300000000000000000e+03
3.301000000000000000e+03
3.302000000000000000e+03
3.303000000000000000e+03
3.304000000000000000e+03
3.305000000000000000e+03
3.306000000000000000e+03
3.307000000000000000e+03
3.309000000000000000e+03
3.313000000000000000e+03
4.295000000000000000e+03
4.296000000000000000e+03
4.299000000000000000e+03
4.300000000000000000e+03
4.301000000000000000e+03
4.302000000000000000e+03
4.303000000000000000e+03
4.304000000000000000e+03
4.305000000000000000e+03
4.306000000000000000e+03
4.307000000000000000e+03
4.308000000000000000e+03
4.309000000000000000e+03
4.310000000000000000e+03
4.311000000000000000e+03
4.312000000000000000e+03
4.313000000000000000e+03
4.314000000000000000e+03
4.315000000000000000e+03
4.316000000000000000e+03
4.317000000000000000e+03
4.318000000000000000e+03
4.319000000000000000e+03
4.320000000000000000e+03
4.321000000000000000e+03
4.322000000000000000e+03
4.323000000000000000e+03
4.324000000000000000e+03
4.325000000000000000e+03
4.326000000000000000e+03
4.327000000000000000e+03
4.328000000000000000e+03
4.329000000000000000e+03
4.330000000000000000e+03
4.331000000000000000e+03
4.332000000000000000e+03
4.333000000000000000e+03
4.334000000000000000e+03
4.335000000000000000e+03
4.336000000000000000e+03
4.337000000000000000e+03
4.338000000000000000e+03
4.339000000000000000e+03
4.340000000000000000e+03
4.341000000000000000e+03
4.342000000000000000e+03
4.343000000000000000e+03
4.344000000000000000e+03
4.345000000000000000e+03
4.346000000000000000e+03
4.347000000000000000e+03
4.348000000000000000e+03
4.349000000000000000e+03
4.350000000000000000e+03
4.351000000000000000e+03
4.352000000000000000e+03
4.353000000000000000e+03
4.354000000000000000e+03
4.355000000000000000e+03
4.356000000000000000e+03
4.357000000000000000e+03
4.358000000000000000e+03
4.359000000000000000e+03
4.360000000000000000e+03
4.361000000000000000e+03
4.362000000000000000e+03
4.363000000000000000e+03
4.364000000000000000e+03
4.365000000000000000e+03
4.366000000000000000e+03
4.367000000000000000e+03
4.368000000000000000e+03
4.369000000000000000e+03
4.370000000000000000e+03
4.371000000000000000e+03
4.372000000000000000e+03
4.373000000000000000e+03
4.374000000000000000e+03
4.375000000000000000e+03
4.376000000000000000e+03
4.377000000000000000e+03
4.378000000000000000e+03
4.379000000000000000e+03
4.380000000000000000e+03
4.381000000000000000e+03
4.382000000000000000e+03
4.383000000000000000e+03
4.384000000000000000e+03
4.385000000000000000e+03
4.386000000000000000e+03
4.387000000000000000e+03
4.388000000000000000e+03
4.390000000000000000e+03
4.394000000000000000e+03
5.298000000000000000e+03
5.299000000000000000e+03
5.300000000000000000e+03
5.301000000000000000e+03
5.302000000000000000e+03
5.303000000000000000e+03
5.304000000000000000e+03
5.305000000000000000e+03
5.306000000000000000e+03
5.307000000000000000e+03
5.308000000000000000e+03
5.309000000000000000e+03
5.310000000000000000e+03
5.311000000000000000e+03
5.312000000000000000e+03
5.313000000000000000e+03
5.314000000000000000e+03
5.315000000000000000e+03
5.316000000000000000e+03
5.317000000000000000e+03
5.318000000000000000e+03
5.319000000000000000e+03
5.320000000000000000e+03
5.321000000000000000e+03
5.322000000000000000e+03
5.323000000000000000e+03
5.325000000000000000e+03
5.327000000000000000e+03
5.328000000000000000e+03
5.329000000000000000e+03
5.330000000000000000e+03
5.331000000000000000e+03
5.333000000000000000e+03
5.334000000000000000e+03
5.335000000000000000e+03
5.336000000000000000e+03
5.337000000000000000e+03
5.338000000000000000e+03
5.339000000000000000e+03
5.340000000000000000e+03
5.341000000000000000e+03
5.342000000000000000e+03
5.343000000000000000e+03
5.344000000000000000e+03
5.345000000000000000e+03
5.346000000000000000e+03
5.347000000000000000e+03
5.348000000000000000e+03
5.349000000000000000e+03
5.350000000000000000e+03
5.351000000000000000e+03
5.352000000000000000e+03
5.353000000000000000e+03
5.354000000000000000e+03
5.355000000000000000e+03
5.356000000000000000e+03
5.357000000000000000e+03
5.358000000000000000e+03
5.359000000000000000e+03
5.360000000000000000e+03
5.361000000000000000e+03
5.362000000000000000e+03
5.363000000000000000e+03
5.364000000000000000e+03
5.365000000000000000e+03
5.366000000000000000e+03
5.367000000000000000e+03
5.368000000000000000e+03
5.369000000000000000e+03
5.370000000000000000e+03
5.371000000000000000e+03
5.372000000000000000e+03
5.373000000000000000e+03
5.374000000000000000e+03
5.375000000000000000e+03
5.376000000000000000e+03
5.377000000000000000e+03
5.378000000000000000e+03
5.379000000000000000e+03
5.380000000000000000e+03
5.381000000000000000e+03
5.382000000000000000e+03
5.383000000000000000e+03
5.384000000000000000e+03
5.385000000000000000e+03
5.386000000000000000e+03
5.387000000000000000e+03
5.388000000000000000e+03
5.389000000000000000e+03
5.390000000000000000e+03
5.391000000000000000e+03
5.392000000000000000e+03
5.393000000000000000e+03
5.394000000000000000e+03
5.395000000000000000e+03
5.396000000000000000e+03
5.397000000000000000e+03
5.398000000000000000e+03
5.399000000000000000e+03
5.400000000000000000e+03
5.401000000000000000e+03
5.402000000000000000e+03
5.403000000000000000e+03
5.404000000000000000e+03
5.405000000000000000e+03
5.406000000000000000e+03
5.407000000000000000e+03
5.408000000000000000e+03
5.409000000000000000e+03
5.410000000000000000e+03
5.411000000000000000e+03
5.412000000000000000e+03
5.413000000000000000e+03
5.414000000000000000e+03
5.415000000000000000e+03
5.416000000000000000e+03
5.417000000000000000e+03
5.418000000000000000e+03
5.419000000000000000e+03
5.420000000000000000e+03
5.421000000000000000e+03
5.422000000000000000e+03
5.423000000000000000e+03
5.424000000000000000e+03
5.425000000000000000e+03
5.426000000000000000e+03
5.427000000000000000e+03
5.428000000000000000e+03
5.429000000000000000e+03
5.430000000000000000e+03
5.431000000000000000e+03
5.432000000000000000e+03
5.433000000000000000e+03
5.434000000000000000e+03
5.435000000000000000e+03
5.436000000000000000e+03
5.437000000000000000e+03
5.438000000000000000e+03
5.439000000000000000e+03
5.440000000000000000e+03
5.441000000000000000e+03
5.442000000000000000e+03
5.443000000000000000e+03
5.444000000000000000e+03
5.445000000000000000e+03
5.446000000000000000e+03
5.447000000000000000e+03
5.448000000000000000e+03
5.449000000000000000e+03
5.450000000000000000e+03
5.451000000000000000e+03
5.468000000000000000e+03
5.469000000000000000e+03
5.472000000000000000e+03
5.479000000000000000e+03
5.480000000000000000e+03
5.481000000000000000e+03
6.445000000000000000e+03
6.449000000000000000e+03
6.453000000000000000e+03
6.454000000000000000e+03
6.455000000000000000e+03
6.457000000000000000e+03
6.458000000000000000e+03
6.459000000000000000e+03
6.460000000000000000e+03
6.461000000000000000e+03
6.462000000000000000e+03
6.463000000000000000e+03
6.464000000000000000e+03
6.465000000000000000e+03
6.466000000000000000e+03
6.467000000000000000e+03
6.468000000000000000e+03
6.469000000000000000e+03
6.470000000000000000e+03
6.471000000000000000e+03
6.472000000000000000e+03
6.473000000000000000e+03
6.474000000000000000e+03
6.475000000000000000e+03
6.476000000000000000e+03
6.477000000000000000e+03
6.478000000000000000e+03
6.479000000000000000e+03
6.481000000000000000e+03
6.482000000000000000e+03
6.483000000000000000e+03
6.484000000000000000e+03
6.485000000000000000e+03
6.487000000000000000e+03
6.489000000000000000e+03
6.490000000000000000e+03
6.491000000000000000e+03
6.492000000000000000e+03
6.493000000000000000e+03
6.494000000000000000e+03
6.495000000000000000e+03
6.496000000000000000e+03
6.497000000000000000e+03
6.498000000000000000e+03
6.499000000000000000e+03
6.500000000000000000e+03
6.501000000000000000e+03
6.502000000000000000e+03
6.503000000000000000e+03
6.504000000000000000e+03
6.505000000000000000e+03
6.506000000000000000e+03
6.507000000000000000e+03
6.508000000000000000e+03
6.509000000000000000e+03
6.510000000000000000e+03
6.511000000000000000e+03
6.512000000000000000e+03
6.513000000000000000e+03
6.514000000000000000e+03
6.515000000000000000e+03
6.516000000000000000e+03
6.517000000000000000e+03
6.518000000000000000e+03
6.519000000000000000e+03
6.520000000000000000e+03
6.521000000000000000e+03
6.522000000000000000e+03
6.523000000000000000e+03
6.524000000000000000e+03
6.525000000000000000e+03
6.526000000000000000e+03
6.527000000000000000e+03
6.528000000000000000e+03
6.529000000000000000e+03
6.531000000000000000e+03
6.532000000000000000e+03
6.533000000000000000e+03
6.534000000000000000e+03
6.535000000000000000e+03
6.536000000000000000e+03
6.537000000000000000e+03
6.538000000000000000e+03
6.539000000000000000e+03
6.540000000000000000e+03
6.541000000000000000e+03
6.543000000000000000e+03
6.544000000000000000e+03
6.545000000000000000e+03
6.547000000000000000e+03
