1.733600000000000000e+04
1.733700000000000000e+04
1.733800000000000000e+04
1.733900000000000000e+04
1.734000000000000000e+04
1.734100000000000000e+04
1.734200000000000000e+04
1.734300000000000000e+04
1.734400000000000000e+04
1.734500000000000000e+04
1.734600000000000000e+04
1.734800000000000000e+04
1.735000000000000000e+04
1.735100000000000000e+04
1.735200000000000000e+04
1.735300000000000000e+04
1.735400000000000000e+04
1.735500000000000000e+04
1.735600000000000000e+04
1.735700000000000000e+04
1.735800000000000000e+04
1.735900000000000000e+04
1.736000000000000000e+04
1.736100000000000000e+04
1.736200000000000000e+04
1.736300000000000000e+04
1.736400000000000000e+04
1.736600000000000000e+04
1.736700000000000000e+04
1.736800000000000000e+04
1.737100000000000000e+04
1.964800000000000000e+04
1.964900000000000000e+04
1.965100000000000000e+04
1.965200000000000000e+04
1.965300000000000000e+04
1.965700000000000000e+04
2.128200000000000000e+04
2.128700000000000000e+04
