6.067000000000000000e+03
6.264000000000000000e+03
6.265000000000000000e+03
6.266000000000000000e+03
6.269000000000000000e+03
6.270000000000000000e+03
6.272000000000000000e+03
6.273000000000000000e+03
6.274000000000000000e+03
6.276000000000000000e+03
6.277000000000000000e+03
6.278000000000000000e+03
6.279000000000000000e+03
6.280000000000000000e+03
6.281000000000000000e+03
6.282000000000000000e+03
6.283000000000000000e+03
6.284000000000000000e+03
6.285000000000000000e+03
6.286000000000000000e+03
6.287000000000000000e+03
6.288000000000000000e+03
6.289000000000000000e+03
6.290000000000000000e+03
6.305000000000000000e+03
6.854000000000000000e+03
6.982000000000000000e+03
8.778000000000000000e+03
8.784000000000000000e+03
8.786000000000000000e+03
8.788000000000000000e+03
8.790000000000000000e+03
8.791000000000000000e+03
8.792000000000000000e+03
8.793000000000000000e+03
8.794000000000000000e+03
8.795000000000000000e+03
8.796000000000000000e+03
