1.762900000000000000e+04
1.763300000000000000e+04
1.763400000000000000e+04
1.763500000000000000e+04
2.683100000000000000e+04
2.683500000000000000e+04
2.683900000000000000e+04
2.684000000000000000e+04
2.684300000000000000e+04
2.684400000000000000e+04
2.684700000000000000e+04
2.684800000000000000e+04
2.685100000000000000e+04
2.685200000000000000e+04
2.685500000000000000e+04
2.685600000000000000e+04
2.685900000000000000e+04
2.686000000000000000e+04
2.686300000000000000e+04
2.686400000000000000e+04
2.686700000000000000e+04
2.686800000000000000e+04
2.687100000000000000e+04
2.687500000000000000e+04
2.687900000000000000e+04
2.688300000000000000e+04
2.688500000000000000e+04
