5.043000000000000000e+03
5.216000000000000000e+03
5.220000000000000000e+03
7.308000000000000000e+03
7.309000000000000000e+03
7.312000000000000000e+03
7.313000000000000000e+03
7.398000000000000000e+03
7.399000000000000000e+03
7.400000000000000000e+03
7.401000000000000000e+03
7.402000000000000000e+03
7.403000000000000000e+03
8.140000000000000000e+03
8.141000000000000000e+03
8.142000000000000000e+03
8.144000000000000000e+03
1.535000000000000000e+04
1.612400000000000000e+04
1.641900000000000000e+04
1.644800000000000000e+04
1.644900000000000000e+04
1.645000000000000000e+04
1.696700000000000000e+04
1.697100000000000000e+04
1.783500000000000000e+04
1.783600000000000000e+04
1.824600000000000000e+04
1.827600000000000000e+04
1.828000000000000000e+04
1.846000000000000000e+04
1.846100000000000000e+04
1.846200000000000000e+04
1.975400000000000000e+04
1.975800000000000000e+04
1.983700000000000000e+04
1.984100000000000000e+04
1.994200000000000000e+04
1.994600000000000000e+04
2.011500000000000000e+04
2.011800000000000000e+04
2.011900000000000000e+04
2.012100000000000000e+04
2.012200000000000000e+04
2.012300000000000000e+04
2.012400000000000000e+04
2.012500000000000000e+04
2.012600000000000000e+04
2.012700000000000000e+04
2.013800000000000000e+04
2.014200000000000000e+04
2.015300000000000000e+04
2.015700000000000000e+04
2.018200000000000000e+04
2.018300000000000000e+04
2.018400000000000000e+04
2.018500000000000000e+04
2.018600000000000000e+04
2.018700000000000000e+04
2.051400000000000000e+04
2.051600000000000000e+04
2.051700000000000000e+04
2.051800000000000000e+04
2.051900000000000000e+04
2.052000000000000000e+04
2.053000000000000000e+04
2.054900000000000000e+04
2.070900000000000000e+04
2.071100000000000000e+04
2.071200000000000000e+04
2.071300000000000000e+04
2.080400000000000000e+04
2.080500000000000000e+04
2.103000000000000000e+04
2.118900000000000000e+04
2.119000000000000000e+04
2.119200000000000000e+04
2.127000000000000000e+04
2.127200000000000000e+04
2.127400000000000000e+04
2.127500000000000000e+04
2.128100000000000000e+04
2.133900000000000000e+04
2.138000000000000000e+04
2.138100000000000000e+04
2.138200000000000000e+04
2.139000000000000000e+04
2.140800000000000000e+04
2.140900000000000000e+04
2.141000000000000000e+04
2.141100000000000000e+04
2.141200000000000000e+04
2.141300000000000000e+04
2.141400000000000000e+04
2.344500000000000000e+04
2.366400000000000000e+04
2.433100000000000000e+04
2.433400000000000000e+04
2.433500000000000000e+04
2.433800000000000000e+04
2.434200000000000000e+04
2.434300000000000000e+04
2.787300000000000000e+04
2.787700000000000000e+04
2.788100000000000000e+04
2.788500000000000000e+04
