1.431000000000000000e+03
1.433000000000000000e+03
1.434000000000000000e+03
1.435000000000000000e+03
1.436000000000000000e+03
1.437000000000000000e+03
1.438000000000000000e+03
1.439000000000000000e+03
1.440000000000000000e+03
1.441000000000000000e+03
1.442000000000000000e+03
1.443000000000000000e+03
1.444000000000000000e+03
1.445000000000000000e+03
1.446000000000000000e+03
1.447000000000000000e+03
1.448000000000000000e+03
1.449000000000000000e+03
1.450000000000000000e+03
1.451000000000000000e+03
1.452000000000000000e+03
1.453000000000000000e+03
1.454000000000000000e+03
1.455000000000000000e+03
1.456000000000000000e+03
1.457000000000000000e+03
1.458000000000000000e+03
1.459000000000000000e+03
1.460000000000000000e+03
1.461000000000000000e+03
1.462000000000000000e+03
1.463000000000000000e+03
1.464000000000000000e+03
1.465000000000000000e+03
1.466000000000000000e+03
1.467000000000000000e+03
1.468000000000000000e+03
1.469000000000000000e+03
1.470000000000000000e+03
1.471000000000000000e+03
1.472000000000000000e+03
1.473000000000000000e+03
1.474000000000000000e+03
1.475000000000000000e+03
1.476000000000000000e+03
1.477000000000000000e+03
1.478000000000000000e+03
1.479000000000000000e+03
1.480000000000000000e+03
1.481000000000000000e+03
1.482000000000000000e+03
2.502000000000000000e+03
2.503000000000000000e+03
2.505000000000000000e+03
2.506000000000000000e+03
2.507000000000000000e+03
2.508000000000000000e+03
2.509000000000000000e+03
2.510000000000000000e+03
2.511000000000000000e+03
2.512000000000000000e+03
2.513000000000000000e+03
2.514000000000000000e+03
2.515000000000000000e+03
2.516000000000000000e+03
2.517000000000000000e+03
2.518000000000000000e+03
2.519000000000000000e+03
2.520000000000000000e+03
2.521000000000000000e+03
2.522000000000000000e+03
2.523000000000000000e+03
2.524000000000000000e+03
2.525000000000000000e+03
2.526000000000000000e+03
2.527000000000000000e+03
2.528000000000000000e+03
2.529000000000000000e+03
2.530000000000000000e+03
2.531000000000000000e+03
2.532000000000000000e+03
2.533000000000000000e+03
2.534000000000000000e+03
2.535000000000000000e+03
2.536000000000000000e+03
2.537000000000000000e+03
2.538000000000000000e+03
2.539000000000000000e+03
2.540000000000000000e+03
2.541000000000000000e+03
2.542000000000000000e+03
2.543000000000000000e+03
2.544000000000000000e+03
2.545000000000000000e+03
2.546000000000000000e+03
2.547000000000000000e+03
2.548000000000000000e+03
2.549000000000000000e+03
2.550000000000000000e+03
2.551000000000000000e+03
2.552000000000000000e+03
2.553000000000000000e+03
2.554000000000000000e+03
3.568000000000000000e+03
3.569000000000000000e+03
3.570000000000000000e+03
3.571000000000000000e+03
3.572000000000000000e+03
3.573000000000000000e+03
3.574000000000000000e+03
3.575000000000000000e+03
3.576000000000000000e+03
3.577000000000000000e+03
3.578000000000000000e+03
3.579000000000000000e+03
3.580000000000000000e+03
3.581000000000000000e+03
3.582000000000000000e+03
3.583000000000000000e+03
3.584000000000000000e+03
3.585000000000000000e+03
3.586000000000000000e+03
3.587000000000000000e+03
3.588000000000000000e+03
3.589000000000000000e+03
3.590000000000000000e+03
3.591000000000000000e+03
3.592000000000000000e+03
3.593000000000000000e+03
3.594000000000000000e+03
3.595000000000000000e+03
3.596000000000000000e+03
3.597000000000000000e+03
3.598000000000000000e+03
3.599000000000000000e+03
3.600000000000000000e+03
3.601000000000000000e+03
3.602000000000000000e+03
3.603000000000000000e+03
3.604000000000000000e+03
3.605000000000000000e+03
3.606000000000000000e+03
3.607000000000000000e+03
3.608000000000000000e+03
3.609000000000000000e+03
3.610000000000000000e+03
3.611000000000000000e+03
3.612000000000000000e+03
3.613000000000000000e+03
3.614000000000000000e+03
3.615000000000000000e+03
3.616000000000000000e+03
3.624000000000000000e+03
4.484000000000000000e+03
4.485000000000000000e+03
4.486000000000000000e+03
4.487000000000000000e+03
4.488000000000000000e+03
4.489000000000000000e+03
4.490000000000000000e+03
4.491000000000000000e+03
4.492000000000000000e+03
4.538000000000000000e+03
4.539000000000000000e+03
4.540000000000000000e+03
4.541000000000000000e+03
4.542000000000000000e+03
4.543000000000000000e+03
4.544000000000000000e+03
4.545000000000000000e+03
4.546000000000000000e+03
4.547000000000000000e+03
4.548000000000000000e+03
4.549000000000000000e+03
4.550000000000000000e+03
4.551000000000000000e+03
4.552000000000000000e+03
4.553000000000000000e+03
4.554000000000000000e+03
4.555000000000000000e+03
4.556000000000000000e+03
4.557000000000000000e+03
4.558000000000000000e+03
4.559000000000000000e+03
4.560000000000000000e+03
4.561000000000000000e+03
4.562000000000000000e+03
4.563000000000000000e+03
4.564000000000000000e+03
4.565000000000000000e+03
4.566000000000000000e+03
4.567000000000000000e+03
4.568000000000000000e+03
4.569000000000000000e+03
4.570000000000000000e+03
4.571000000000000000e+03
4.572000000000000000e+03
4.573000000000000000e+03
4.574000000000000000e+03
4.575000000000000000e+03
4.576000000000000000e+03
4.577000000000000000e+03
4.578000000000000000e+03
4.579000000000000000e+03
4.580000000000000000e+03
4.581000000000000000e+03
4.582000000000000000e+03
4.583000000000000000e+03
4.584000000000000000e+03
4.585000000000000000e+03
4.586000000000000000e+03
4.587000000000000000e+03
4.588000000000000000e+03
4.589000000000000000e+03
4.590000000000000000e+03
4.591000000000000000e+03
4.592000000000000000e+03
4.593000000000000000e+03
4.594000000000000000e+03
4.595000000000000000e+03
4.596000000000000000e+03
4.597000000000000000e+03
4.598000000000000000e+03
4.599000000000000000e+03
4.600000000000000000e+03
4.601000000000000000e+03
4.602000000000000000e+03
4.603000000000000000e+03
4.604000000000000000e+03
4.605000000000000000e+03
4.606000000000000000e+03
4.607000000000000000e+03
4.608000000000000000e+03
4.609000000000000000e+03
4.610000000000000000e+03
4.611000000000000000e+03
4.612000000000000000e+03
4.613000000000000000e+03
4.614000000000000000e+03
4.615000000000000000e+03
4.616000000000000000e+03
4.617000000000000000e+03
4.618000000000000000e+03
4.619000000000000000e+03
4.620000000000000000e+03
4.621000000000000000e+03
4.622000000000000000e+03
4.623000000000000000e+03
4.624000000000000000e+03
4.625000000000000000e+03
4.626000000000000000e+03
4.627000000000000000e+03
4.628000000000000000e+03
4.629000000000000000e+03
4.630000000000000000e+03
4.631000000000000000e+03
4.632000000000000000e+03
4.633000000000000000e+03
4.634000000000000000e+03
4.635000000000000000e+03
4.637000000000000000e+03
4.638000000000000000e+03
4.642000000000000000e+03
4.653000000000000000e+03
4.654000000000000000e+03
4.657000000000000000e+03
4.658000000000000000e+03
5.674000000000000000e+03
5.675000000000000000e+03
5.676000000000000000e+03
5.677000000000000000e+03
5.678000000000000000e+03
5.679000000000000000e+03
5.680000000000000000e+03
5.681000000000000000e+03
5.682000000000000000e+03
5.683000000000000000e+03
5.684000000000000000e+03
5.685000000000000000e+03
5.686000000000000000e+03
5.687000000000000000e+03
5.688000000000000000e+03
5.689000000000000000e+03
5.690000000000000000e+03
5.691000000000000000e+03
5.692000000000000000e+03
5.693000000000000000e+03
5.694000000000000000e+03
5.695000000000000000e+03
5.696000000000000000e+03
5.697000000000000000e+03
5.698000000000000000e+03
5.699000000000000000e+03
5.700000000000000000e+03
5.701000000000000000e+03
5.702000000000000000e+03
5.703000000000000000e+03
5.704000000000000000e+03
5.705000000000000000e+03
5.706000000000000000e+03
5.707000000000000000e+03
5.708000000000000000e+03
5.709000000000000000e+03
5.710000000000000000e+03
5.711000000000000000e+03
5.712000000000000000e+03
5.713000000000000000e+03
5.714000000000000000e+03
5.715000000000000000e+03
5.716000000000000000e+03
5.717000000000000000e+03
5.718000000000000000e+03
5.719000000000000000e+03
5.720000000000000000e+03
5.721000000000000000e+03
5.722000000000000000e+03
5.723000000000000000e+03
5.724000000000000000e+03
5.725000000000000000e+03
5.726000000000000000e+03
5.727000000000000000e+03
5.728000000000000000e+03
5.729000000000000000e+03
5.730000000000000000e+03
5.731000000000000000e+03
6.754000000000000000e+03
6.756000000000000000e+03
6.758000000000000000e+03
6.759000000000000000e+03
6.760000000000000000e+03
6.761000000000000000e+03
6.762000000000000000e+03
6.763000000000000000e+03
6.764000000000000000e+03
6.765000000000000000e+03
6.766000000000000000e+03
6.767000000000000000e+03
6.768000000000000000e+03
6.769000000000000000e+03
6.770000000000000000e+03
6.771000000000000000e+03
6.772000000000000000e+03
6.773000000000000000e+03
6.774000000000000000e+03
6.775000000000000000e+03
6.776000000000000000e+03
6.777000000000000000e+03
6.778000000000000000e+03
6.779000000000000000e+03
6.780000000000000000e+03
6.781000000000000000e+03
6.782000000000000000e+03
6.783000000000000000e+03
6.784000000000000000e+03
6.785000000000000000e+03
6.786000000000000000e+03
6.787000000000000000e+03
6.788000000000000000e+03
6.789000000000000000e+03
6.790000000000000000e+03
6.791000000000000000e+03
6.792000000000000000e+03
6.793000000000000000e+03
6.794000000000000000e+03
6.795000000000000000e+03
6.796000000000000000e+03
6.797000000000000000e+03
6.798000000000000000e+03
6.799000000000000000e+03
6.800000000000000000e+03
6.801000000000000000e+03
6.802000000000000000e+03
6.803000000000000000e+03
6.804000000000000000e+03
6.805000000000000000e+03
6.806000000000000000e+03
