1.646100000000000000e+04
1.646200000000000000e+04
1.646300000000000000e+04
1.646400000000000000e+04
1.646500000000000000e+04
1.646600000000000000e+04
1.646700000000000000e+04
1.646800000000000000e+04
1.646900000000000000e+04
1.647000000000000000e+04
1.647100000000000000e+04
1.647200000000000000e+04
1.647300000000000000e+04
1.647400000000000000e+04
1.647500000000000000e+04
1.647600000000000000e+04
1.647700000000000000e+04
1.647800000000000000e+04
1.647900000000000000e+04
1.648000000000000000e+04
1.648100000000000000e+04
1.648200000000000000e+04
1.648300000000000000e+04
1.648400000000000000e+04
1.648500000000000000e+04
1.648600000000000000e+04
1.648700000000000000e+04
1.648800000000000000e+04
1.648900000000000000e+04
1.649000000000000000e+04
1.649100000000000000e+04
1.649200000000000000e+04
1.649300000000000000e+04
1.649400000000000000e+04
1.649500000000000000e+04
1.649600000000000000e+04
1.649700000000000000e+04
1.649800000000000000e+04
1.649900000000000000e+04
1.650000000000000000e+04
1.650100000000000000e+04
1.650200000000000000e+04
1.650300000000000000e+04
1.650400000000000000e+04
1.650500000000000000e+04
1.650600000000000000e+04
1.650700000000000000e+04
1.650800000000000000e+04
1.650900000000000000e+04
1.651000000000000000e+04
1.651100000000000000e+04
1.651200000000000000e+04
1.651300000000000000e+04
1.651400000000000000e+04
1.651500000000000000e+04
1.651600000000000000e+04
1.651700000000000000e+04
1.651800000000000000e+04
1.651900000000000000e+04
1.652000000000000000e+04
1.652100000000000000e+04
1.652200000000000000e+04
1.652300000000000000e+04
1.652400000000000000e+04
1.652500000000000000e+04
1.652600000000000000e+04
1.652700000000000000e+04
1.652800000000000000e+04
1.652900000000000000e+04
1.653000000000000000e+04
1.653100000000000000e+04
1.653200000000000000e+04
1.653300000000000000e+04
1.653400000000000000e+04
1.653500000000000000e+04
1.653600000000000000e+04
1.653700000000000000e+04
1.653800000000000000e+04
1.653900000000000000e+04
1.654000000000000000e+04
1.654100000000000000e+04
1.654200000000000000e+04
1.654300000000000000e+04
1.654400000000000000e+04
1.654500000000000000e+04
1.654600000000000000e+04
1.654700000000000000e+04
1.654800000000000000e+04
1.654900000000000000e+04
1.655000000000000000e+04
1.655100000000000000e+04
1.655200000000000000e+04
1.655300000000000000e+04
1.655400000000000000e+04
1.655500000000000000e+04
1.655600000000000000e+04
1.655700000000000000e+04
1.655800000000000000e+04
1.655900000000000000e+04
1.656000000000000000e+04
1.656100000000000000e+04
1.656200000000000000e+04
1.656300000000000000e+04
1.656400000000000000e+04
1.656500000000000000e+04
1.656600000000000000e+04
1.656700000000000000e+04
1.656800000000000000e+04
1.656900000000000000e+04
1.657000000000000000e+04
1.657100000000000000e+04
1.657200000000000000e+04
1.657300000000000000e+04
1.657400000000000000e+04
1.657500000000000000e+04
1.657600000000000000e+04
1.657700000000000000e+04
1.657800000000000000e+04
1.657900000000000000e+04
1.658000000000000000e+04
1.658100000000000000e+04
1.658200000000000000e+04
1.658300000000000000e+04
1.658400000000000000e+04
1.658500000000000000e+04
1.658600000000000000e+04
1.658700000000000000e+04
1.658800000000000000e+04
1.658900000000000000e+04
1.659000000000000000e+04
1.659100000000000000e+04
1.659200000000000000e+04
1.659300000000000000e+04
1.659400000000000000e+04
1.659500000000000000e+04
1.659600000000000000e+04
1.659700000000000000e+04
1.659800000000000000e+04
1.659900000000000000e+04
1.660000000000000000e+04
1.660100000000000000e+04
1.660200000000000000e+04
1.660300000000000000e+04
1.660400000000000000e+04
1.660500000000000000e+04
1.660600000000000000e+04
1.660700000000000000e+04
1.660800000000000000e+04
1.660900000000000000e+04
1.661000000000000000e+04
1.307750000000000000e+05
1.307760000000000000e+05
1.307770000000000000e+05
1.307780000000000000e+05
1.307790000000000000e+05
1.307800000000000000e+05
1.307810000000000000e+05
1.307820000000000000e+05
1.307830000000000000e+05
1.307840000000000000e+05
1.307850000000000000e+05
1.307860000000000000e+05
1.307870000000000000e+05
1.307880000000000000e+05
1.307890000000000000e+05
1.307900000000000000e+05
1.307910000000000000e+05
1.307920000000000000e+05
1.307930000000000000e+05
1.307940000000000000e+05
1.307950000000000000e+05
1.307960000000000000e+05
1.307970000000000000e+05
1.307980000000000000e+05
1.307990000000000000e+05
1.308000000000000000e+05
1.308010000000000000e+05
1.308020000000000000e+05
1.308030000000000000e+05
1.308040000000000000e+05
1.308050000000000000e+05
1.308060000000000000e+05
1.308070000000000000e+05
1.308080000000000000e+05
1.308090000000000000e+05
1.308100000000000000e+05
1.308110000000000000e+05
1.308120000000000000e+05
1.308130000000000000e+05
1.308140000000000000e+05
1.308150000000000000e+05
1.308160000000000000e+05
1.308170000000000000e+05
1.308180000000000000e+05
1.308190000000000000e+05
1.308200000000000000e+05
1.308210000000000000e+05
1.308220000000000000e+05
1.308230000000000000e+05
1.308240000000000000e+05
1.308250000000000000e+05
1.308260000000000000e+05
1.308270000000000000e+05
1.308280000000000000e+05
1.308290000000000000e+05
1.308300000000000000e+05
1.308310000000000000e+05
1.308320000000000000e+05
1.308330000000000000e+05
1.308340000000000000e+05
1.308350000000000000e+05
1.308360000000000000e+05
1.308370000000000000e+05
1.308380000000000000e+05
1.308390000000000000e+05
1.308400000000000000e+05
1.308410000000000000e+05
1.308420000000000000e+05
1.308430000000000000e+05
1.308440000000000000e+05
1.308450000000000000e+05
1.308460000000000000e+05
1.308470000000000000e+05
1.308480000000000000e+05
1.308490000000000000e+05
1.308500000000000000e+05
1.308510000000000000e+05
1.308520000000000000e+05
1.308530000000000000e+05
1.308540000000000000e+05
1.308550000000000000e+05
1.308560000000000000e+05
1.308570000000000000e+05
1.308580000000000000e+05
1.308590000000000000e+05
1.308600000000000000e+05
1.308610000000000000e+05
1.308620000000000000e+05
1.308630000000000000e+05
1.308640000000000000e+05
1.340850000000000000e+05
1.340860000000000000e+05
1.340870000000000000e+05
1.340880000000000000e+05
1.340890000000000000e+05
1.340900000000000000e+05
1.340910000000000000e+05
1.340920000000000000e+05
1.340930000000000000e+05
1.340940000000000000e+05
1.340950000000000000e+05
1.340960000000000000e+05
1.340970000000000000e+05
1.340980000000000000e+05
1.340990000000000000e+05
1.341000000000000000e+05
1.341010000000000000e+05
1.341020000000000000e+05
1.341030000000000000e+05
1.341040000000000000e+05
1.341050000000000000e+05
1.341060000000000000e+05
1.341070000000000000e+05
1.341080000000000000e+05
1.341090000000000000e+05
1.341100000000000000e+05
1.341110000000000000e+05
1.341120000000000000e+05
1.341130000000000000e+05
1.341140000000000000e+05
1.341150000000000000e+05
1.341160000000000000e+05
1.341170000000000000e+05
1.341180000000000000e+05
1.341190000000000000e+05
1.341200000000000000e+05
1.341210000000000000e+05
1.341220000000000000e+05
1.341230000000000000e+05
1.341240000000000000e+05
1.341250000000000000e+05
1.341260000000000000e+05
1.341270000000000000e+05
1.341280000000000000e+05
1.341290000000000000e+05
1.341300000000000000e+05
1.341310000000000000e+05
1.341320000000000000e+05
1.341330000000000000e+05
1.341340000000000000e+05
1.341350000000000000e+05
1.341360000000000000e+05
1.341370000000000000e+05
1.341380000000000000e+05
1.341390000000000000e+05
1.341400000000000000e+05
1.341410000000000000e+05
1.341420000000000000e+05
1.341430000000000000e+05
1.341440000000000000e+05
1.341450000000000000e+05
1.341460000000000000e+05
1.341470000000000000e+05
1.341480000000000000e+05
1.341490000000000000e+05
1.341500000000000000e+05
1.341510000000000000e+05
1.341520000000000000e+05
1.341530000000000000e+05
1.341540000000000000e+05
1.341550000000000000e+05
1.341560000000000000e+05
1.341570000000000000e+05
1.341580000000000000e+05
1.341590000000000000e+05
1.341600000000000000e+05
1.341610000000000000e+05
1.341620000000000000e+05
1.341630000000000000e+05
1.341640000000000000e+05
1.341650000000000000e+05
1.341660000000000000e+05
