5.624000000000000000e+03
5.625000000000000000e+03
5.626000000000000000e+03
5.627000000000000000e+03
5.628000000000000000e+03
5.629000000000000000e+03
5.630000000000000000e+03
5.631000000000000000e+03
5.632000000000000000e+03
5.633000000000000000e+03
5.634000000000000000e+03
5.635000000000000000e+03
5.636000000000000000e+03
5.637000000000000000e+03
5.638000000000000000e+03
5.639000000000000000e+03
5.640000000000000000e+03
5.641000000000000000e+03
5.642000000000000000e+03
5.643000000000000000e+03
5.644000000000000000e+03
5.645000000000000000e+03
5.646000000000000000e+03
5.647000000000000000e+03
5.648000000000000000e+03
5.649000000000000000e+03
5.650000000000000000e+03
5.651000000000000000e+03
5.652000000000000000e+03
5.653000000000000000e+03
5.654000000000000000e+03
5.655000000000000000e+03
5.656000000000000000e+03
5.657000000000000000e+03
5.658000000000000000e+03
5.659000000000000000e+03
5.660000000000000000e+03
5.661000000000000000e+03
5.662000000000000000e+03
5.663000000000000000e+03
5.664000000000000000e+03
5.665000000000000000e+03
5.666000000000000000e+03
5.667000000000000000e+03
5.668000000000000000e+03
5.669000000000000000e+03
6.102000000000000000e+03
6.106000000000000000e+03
6.110000000000000000e+03
6.112000000000000000e+03
6.114000000000000000e+03
6.115000000000000000e+03
6.116000000000000000e+03
6.118000000000000000e+03
6.122000000000000000e+03
6.126000000000000000e+03
6.132000000000000000e+03
6.133000000000000000e+03
6.134000000000000000e+03
6.135000000000000000e+03
