1.277500000000000000e+04
1.277600000000000000e+04
1.277700000000000000e+04
1.277800000000000000e+04
1.277900000000000000e+04
2.394000000000000000e+04
2.394100000000000000e+04
2.394200000000000000e+04
2.973200000000000000e+04
2.973400000000000000e+04
2.973500000000000000e+04
2.973600000000000000e+04
2.975300000000000000e+04
2.975400000000000000e+04
2.975500000000000000e+04
2.975600000000000000e+04
2.975700000000000000e+04
2.975800000000000000e+04
2.975900000000000000e+04
2.976000000000000000e+04
2.976300000000000000e+04
