4.940000000000000000e+03
6.598000000000000000e+03
6.599000000000000000e+03
6.601000000000000000e+03
6.602000000000000000e+03
6.603000000000000000e+03
6.951000000000000000e+03
6.955000000000000000e+03
6.958000000000000000e+03
6.959000000000000000e+03
6.962000000000000000e+03
6.963000000000000000e+03
6.964000000000000000e+03
6.965000000000000000e+03
6.966000000000000000e+03
6.967000000000000000e+03
6.968000000000000000e+03
6.969000000000000000e+03
6.970000000000000000e+03
6.971000000000000000e+03
6.972000000000000000e+03
6.973000000000000000e+03
6.974000000000000000e+03
6.975000000000000000e+03
6.976000000000000000e+03
6.977000000000000000e+03
6.978000000000000000e+03
6.979000000000000000e+03
6.980000000000000000e+03
6.981000000000000000e+03
6.982000000000000000e+03
6.983000000000000000e+03
6.984000000000000000e+03
6.985000000000000000e+03
6.986000000000000000e+03
6.987000000000000000e+03
6.988000000000000000e+03
6.989000000000000000e+03
6.990000000000000000e+03
6.991000000000000000e+03
6.992000000000000000e+03
6.993000000000000000e+03
6.994000000000000000e+03
6.995000000000000000e+03
6.996000000000000000e+03
6.997000000000000000e+03
6.998000000000000000e+03
6.999000000000000000e+03
7.000000000000000000e+03
7.001000000000000000e+03
7.002000000000000000e+03
7.003000000000000000e+03
7.004000000000000000e+03
7.005000000000000000e+03
7.006000000000000000e+03
7.007000000000000000e+03
7.008000000000000000e+03
7.009000000000000000e+03
7.010000000000000000e+03
7.011000000000000000e+03
7.012000000000000000e+03
7.013000000000000000e+03
7.014000000000000000e+03
7.016000000000000000e+03
7.017000000000000000e+03
7.018000000000000000e+03
7.139000000000000000e+03
7.143000000000000000e+03
7.144000000000000000e+03
7.146000000000000000e+03
7.147000000000000000e+03
7.148000000000000000e+03
7.149000000000000000e+03
7.150000000000000000e+03
7.151000000000000000e+03
7.152000000000000000e+03
7.153000000000000000e+03
7.154000000000000000e+03
7.155000000000000000e+03
7.156000000000000000e+03
7.157000000000000000e+03
7.158000000000000000e+03
7.159000000000000000e+03
7.160000000000000000e+03
7.161000000000000000e+03
7.162000000000000000e+03
7.163000000000000000e+03
7.164000000000000000e+03
7.165000000000000000e+03
7.166000000000000000e+03
7.167000000000000000e+03
7.168000000000000000e+03
7.170000000000000000e+03
7.171000000000000000e+03
7.172000000000000000e+03
7.173000000000000000e+03
7.174000000000000000e+03
7.175000000000000000e+03
7.176000000000000000e+03
7.177000000000000000e+03
7.178000000000000000e+03
7.179000000000000000e+03
7.180000000000000000e+03
7.181000000000000000e+03
7.182000000000000000e+03
7.183000000000000000e+03
7.184000000000000000e+03
7.185000000000000000e+03
7.186000000000000000e+03
7.187000000000000000e+03
7.188000000000000000e+03
7.189000000000000000e+03
7.190000000000000000e+03
7.191000000000000000e+03
7.192000000000000000e+03
7.193000000000000000e+03
9.550000000000000000e+03
9.551000000000000000e+03
9.553000000000000000e+03
9.554000000000000000e+03
9.936000000000000000e+03
9.937000000000000000e+03
9.939000000000000000e+03
9.940000000000000000e+03
9.941000000000000000e+03
9.943000000000000000e+03
9.944000000000000000e+03
9.945000000000000000e+03
9.947000000000000000e+03
9.948000000000000000e+03
9.949000000000000000e+03
1.031300000000000000e+04
1.031400000000000000e+04
1.031500000000000000e+04
1.031600000000000000e+04
1.031700000000000000e+04
1.031800000000000000e+04
1.031900000000000000e+04
1.032000000000000000e+04
1.032100000000000000e+04
1.032200000000000000e+04
1.032300000000000000e+04
1.032400000000000000e+04
1.032500000000000000e+04
1.032600000000000000e+04
1.032700000000000000e+04
1.032800000000000000e+04
1.032900000000000000e+04
1.033000000000000000e+04
1.033100000000000000e+04
1.033200000000000000e+04
1.033300000000000000e+04
1.033400000000000000e+04
1.033500000000000000e+04
1.033600000000000000e+04
1.033700000000000000e+04
1.033800000000000000e+04
1.033900000000000000e+04
1.034000000000000000e+04
1.034100000000000000e+04
1.034200000000000000e+04
1.034300000000000000e+04
1.034400000000000000e+04
1.034500000000000000e+04
1.034600000000000000e+04
1.034700000000000000e+04
1.034800000000000000e+04
1.034900000000000000e+04
1.035000000000000000e+04
1.035100000000000000e+04
1.035200000000000000e+04
1.035300000000000000e+04
1.035400000000000000e+04
1.035500000000000000e+04
1.035600000000000000e+04
1.035700000000000000e+04
1.035800000000000000e+04
1.035900000000000000e+04
1.036000000000000000e+04
1.036100000000000000e+04
1.036200000000000000e+04
1.036300000000000000e+04
1.036400000000000000e+04
1.036500000000000000e+04
1.036600000000000000e+04
1.036700000000000000e+04
1.036800000000000000e+04
1.036900000000000000e+04
1.037000000000000000e+04
1.037100000000000000e+04
1.037200000000000000e+04
1.037300000000000000e+04
1.037400000000000000e+04
1.037500000000000000e+04
1.037600000000000000e+04
1.037700000000000000e+04
1.037800000000000000e+04
1.037900000000000000e+04
1.038000000000000000e+04
1.038100000000000000e+04
1.038200000000000000e+04
1.038300000000000000e+04
1.038400000000000000e+04
1.038700000000000000e+04
1.039100000000000000e+04
1.039500000000000000e+04
1.068800000000000000e+04
1.068900000000000000e+04
1.069000000000000000e+04
1.069100000000000000e+04
1.069200000000000000e+04
1.069300000000000000e+04
1.069400000000000000e+04
1.069500000000000000e+04
1.069600000000000000e+04
1.069700000000000000e+04
1.069800000000000000e+04
1.069900000000000000e+04
1.070000000000000000e+04
1.070100000000000000e+04
1.070200000000000000e+04
1.070300000000000000e+04
1.070400000000000000e+04
1.070500000000000000e+04
1.070600000000000000e+04
1.070700000000000000e+04
1.070800000000000000e+04
1.070900000000000000e+04
1.071000000000000000e+04
1.071100000000000000e+04
1.071200000000000000e+04
1.071300000000000000e+04
1.071400000000000000e+04
1.071500000000000000e+04
1.071600000000000000e+04
1.071700000000000000e+04
1.071800000000000000e+04
1.071900000000000000e+04
1.072000000000000000e+04
1.072100000000000000e+04
1.072200000000000000e+04
1.072300000000000000e+04
1.072400000000000000e+04
1.072500000000000000e+04
1.072600000000000000e+04
1.072700000000000000e+04
1.072800000000000000e+04
1.072900000000000000e+04
1.073000000000000000e+04
1.073100000000000000e+04
1.073200000000000000e+04
1.073300000000000000e+04
1.073400000000000000e+04
1.073500000000000000e+04
1.073600000000000000e+04
1.073700000000000000e+04
1.073800000000000000e+04
1.073900000000000000e+04
1.074000000000000000e+04
1.074100000000000000e+04
1.074200000000000000e+04
1.074300000000000000e+04
1.074400000000000000e+04
1.074500000000000000e+04
1.074600000000000000e+04
1.074700000000000000e+04
1.074800000000000000e+04
1.074900000000000000e+04
1.075000000000000000e+04
1.075100000000000000e+04
1.075200000000000000e+04
1.075300000000000000e+04
1.075400000000000000e+04
1.075500000000000000e+04
1.075600000000000000e+04
1.076000000000000000e+04
