1.248380000000000000e+05
1.248390000000000000e+05
1.248420000000000000e+05
1.248630000000000000e+05
1.248660000000000000e+05
1.248670000000000000e+05
1.248700000000000000e+05
1.248710000000000000e+05
1.248740000000000000e+05
1.248750000000000000e+05
1.248780000000000000e+05
1.248790000000000000e+05
1.248820000000000000e+05
1.248830000000000000e+05
1.248860000000000000e+05
1.248870000000000000e+05
1.248890000000000000e+05
1.248900000000000000e+05
1.248910000000000000e+05
1.248920000000000000e+05
1.248930000000000000e+05
1.248940000000000000e+05
1.248950000000000000e+05
1.248960000000000000e+05
1.248970000000000000e+05
1.248980000000000000e+05
1.248990000000000000e+05
1.249000000000000000e+05
1.249010000000000000e+05
1.249020000000000000e+05
1.249030000000000000e+05
1.249060000000000000e+05
1.249070000000000000e+05
1.249100000000000000e+05
1.249110000000000000e+05
