1.085000000000000000e+03
2.183000000000000000e+03
2.184000000000000000e+03
3.861000000000000000e+03
3.863000000000000000e+03
3.865000000000000000e+03
3.867000000000000000e+03
3.869000000000000000e+03
3.871000000000000000e+03
3.873000000000000000e+03
3.875000000000000000e+03
3.877000000000000000e+03
3.879000000000000000e+03
3.881000000000000000e+03
3.883000000000000000e+03
3.885000000000000000e+03
3.889000000000000000e+03
3.893000000000000000e+03
3.897000000000000000e+03
3.901000000000000000e+03
3.905000000000000000e+03
3.909000000000000000e+03
3.953000000000000000e+03
3.955000000000000000e+03
3.957000000000000000e+03
3.959000000000000000e+03
3.961000000000000000e+03
3.963000000000000000e+03
3.964000000000000000e+03
3.965000000000000000e+03
3.966000000000000000e+03
3.967000000000000000e+03
3.968000000000000000e+03
3.969000000000000000e+03
3.970000000000000000e+03
3.971000000000000000e+03
3.972000000000000000e+03
3.973000000000000000e+03
3.974000000000000000e+03
3.975000000000000000e+03
3.976000000000000000e+03
3.977000000000000000e+03
3.978000000000000000e+03
3.979000000000000000e+03
3.980000000000000000e+03
3.981000000000000000e+03
3.983000000000000000e+03
3.985000000000000000e+03
3.987000000000000000e+03
