5.101000000000000000e+03
6.894000000000000000e+03
7.288000000000000000e+03
7.682000000000000000e+03
8.169000000000000000e+03
8.171000000000000000e+03
8.173000000000000000e+03
8.174000000000000000e+03
8.175000000000000000e+03
8.176000000000000000e+03
8.177000000000000000e+03
8.366000000000000000e+03
8.370000000000000000e+03
8.372000000000000000e+03
9.158000000000000000e+03
9.452000000000000000e+03
9.547000000000000000e+03
9.551000000000000000e+03
9.552000000000000000e+03
9.744000000000000000e+03
9.748000000000000000e+03
9.750000000000000000e+03
1.043300000000000000e+04
1.043700000000000000e+04
1.043800000000000000e+04
1.043900000000000000e+04
1.063000000000000000e+04
1.063100000000000000e+04
1.063200000000000000e+04
1.063300000000000000e+04
1.063400000000000000e+04
1.063500000000000000e+04
1.063600000000000000e+04
1.083000000000000000e+04
1.092300000000000000e+04
1.092500000000000000e+04
1.092700000000000000e+04
1.092900000000000000e+04
1.093000000000000000e+04
1.093100000000000000e+04
