3.714000000000000000e+03
3.717000000000000000e+03
3.718000000000000000e+03
3.719000000000000000e+03
3.720000000000000000e+03
3.721000000000000000e+03
3.722000000000000000e+03
3.723000000000000000e+03
3.724000000000000000e+03
3.725000000000000000e+03
3.726000000000000000e+03
3.727000000000000000e+03
3.728000000000000000e+03
3.732000000000000000e+03
3.735000000000000000e+03
3.736000000000000000e+03
3.737000000000000000e+03
3.738000000000000000e+03
3.739000000000000000e+03
3.740000000000000000e+03
3.741000000000000000e+03
3.742000000000000000e+03
3.743000000000000000e+03
3.744000000000000000e+03
3.745000000000000000e+03
3.746000000000000000e+03
3.747000000000000000e+03
3.748000000000000000e+03
3.749000000000000000e+03
3.750000000000000000e+03
3.751000000000000000e+03
3.752000000000000000e+03
3.753000000000000000e+03
3.754000000000000000e+03
3.755000000000000000e+03
3.756000000000000000e+03
3.757000000000000000e+03
3.758000000000000000e+03
3.759000000000000000e+03
3.760000000000000000e+03
3.763000000000000000e+03
8.140000000000000000e+03
8.144000000000000000e+03
8.148000000000000000e+03
8.602000000000000000e+03
8.606000000000000000e+03
8.609000000000000000e+03
8.610000000000000000e+03
8.611000000000000000e+03
8.613000000000000000e+03
8.614000000000000000e+03
8.615000000000000000e+03
8.618000000000000000e+03
8.622000000000000000e+03
8.630000000000000000e+03
8.631000000000000000e+03
8.632000000000000000e+03
8.633000000000000000e+03
8.634000000000000000e+03
8.635000000000000000e+03
8.636000000000000000e+03
8.637000000000000000e+03
8.638000000000000000e+03
8.639000000000000000e+03
8.640000000000000000e+03
8.641000000000000000e+03
