5.631000000000000000e+03
5.632000000000000000e+03
5.633000000000000000e+03
5.634000000000000000e+03
5.635000000000000000e+03
5.636000000000000000e+03
5.637000000000000000e+03
5.638000000000000000e+03
5.642000000000000000e+03
5.646000000000000000e+03
5.650000000000000000e+03
5.654000000000000000e+03
5.658000000000000000e+03
5.662000000000000000e+03
5.670000000000000000e+03
5.674000000000000000e+03
5.675000000000000000e+03
5.678000000000000000e+03
5.679000000000000000e+03
5.680000000000000000e+03
5.682000000000000000e+03
5.683000000000000000e+03
5.684000000000000000e+03
5.685000000000000000e+03
5.686000000000000000e+03
5.687000000000000000e+03
5.688000000000000000e+03
5.689000000000000000e+03
5.690000000000000000e+03
5.691000000000000000e+03
5.692000000000000000e+03
5.693000000000000000e+03
5.694000000000000000e+03
5.695000000000000000e+03
5.696000000000000000e+03
5.697000000000000000e+03
5.698000000000000000e+03
5.699000000000000000e+03
5.700000000000000000e+03
5.701000000000000000e+03
5.702000000000000000e+03
5.703000000000000000e+03
5.704000000000000000e+03
5.705000000000000000e+03
5.706000000000000000e+03
5.707000000000000000e+03
5.708000000000000000e+03
5.709000000000000000e+03
5.710000000000000000e+03
5.711000000000000000e+03
5.712000000000000000e+03
5.713000000000000000e+03
5.714000000000000000e+03
5.715000000000000000e+03
5.716000000000000000e+03
5.717000000000000000e+03
5.718000000000000000e+03
5.719000000000000000e+03
5.720000000000000000e+03
5.721000000000000000e+03
5.722000000000000000e+03
5.723000000000000000e+03
5.724000000000000000e+03
5.725000000000000000e+03
5.726000000000000000e+03
5.727000000000000000e+03
5.728000000000000000e+03
5.729000000000000000e+03
5.730000000000000000e+03
5.731000000000000000e+03
5.732000000000000000e+03
5.733000000000000000e+03
5.734000000000000000e+03
5.735000000000000000e+03
5.736000000000000000e+03
5.737000000000000000e+03
5.738000000000000000e+03
5.739000000000000000e+03
5.740000000000000000e+03
5.741000000000000000e+03
5.742000000000000000e+03
5.743000000000000000e+03
5.744000000000000000e+03
5.745000000000000000e+03
5.746000000000000000e+03
5.747000000000000000e+03
5.748000000000000000e+03
5.749000000000000000e+03
5.750000000000000000e+03
5.751000000000000000e+03
5.752000000000000000e+03
5.753000000000000000e+03
5.754000000000000000e+03
5.755000000000000000e+03
5.756000000000000000e+03
5.757000000000000000e+03
5.758000000000000000e+03
5.759000000000000000e+03
5.760000000000000000e+03
5.761000000000000000e+03
5.762000000000000000e+03
5.763000000000000000e+03
5.764000000000000000e+03
5.765000000000000000e+03
5.766000000000000000e+03
5.767000000000000000e+03
5.768000000000000000e+03
5.769000000000000000e+03
5.770000000000000000e+03
5.771000000000000000e+03
5.772000000000000000e+03
5.773000000000000000e+03
5.774000000000000000e+03
5.775000000000000000e+03
5.776000000000000000e+03
5.777000000000000000e+03
5.778000000000000000e+03
5.779000000000000000e+03
5.780000000000000000e+03
5.781000000000000000e+03
5.782000000000000000e+03
5.783000000000000000e+03
5.784000000000000000e+03
5.785000000000000000e+03
5.786000000000000000e+03
5.787000000000000000e+03
5.788000000000000000e+03
5.789000000000000000e+03
5.790000000000000000e+03
5.791000000000000000e+03
5.792000000000000000e+03
5.793000000000000000e+03
5.794000000000000000e+03
5.795000000000000000e+03
5.796000000000000000e+03
5.797000000000000000e+03
5.798000000000000000e+03
5.799000000000000000e+03
5.800000000000000000e+03
5.801000000000000000e+03
5.802000000000000000e+03
5.803000000000000000e+03
5.804000000000000000e+03
5.811000000000000000e+03
5.815000000000000000e+03
5.819000000000000000e+03
5.823000000000000000e+03
5.827000000000000000e+03
5.828000000000000000e+03
5.831000000000000000e+03
5.832000000000000000e+03
5.835000000000000000e+03
5.836000000000000000e+03
5.839000000000000000e+03
5.843000000000000000e+03
5.847000000000000000e+03
5.851000000000000000e+03
5.855000000000000000e+03
5.859000000000000000e+03
5.875000000000000000e+03
5.895000000000000000e+03
5.899000000000000000e+03
5.903000000000000000e+03
5.907000000000000000e+03
5.911000000000000000e+03
5.939000000000000000e+03
5.943000000000000000e+03
5.947000000000000000e+03
5.951000000000000000e+03
5.955000000000000000e+03
5.959000000000000000e+03
5.963000000000000000e+03
5.964000000000000000e+03
5.965000000000000000e+03
5.966000000000000000e+03
5.967000000000000000e+03
5.968000000000000000e+03
5.969000000000000000e+03
5.970000000000000000e+03
6.033000000000000000e+03
6.037000000000000000e+03
6.045000000000000000e+03
6.049000000000000000e+03
6.053000000000000000e+03
6.057000000000000000e+03
6.081000000000000000e+03
6.121000000000000000e+03
6.122000000000000000e+03
6.124000000000000000e+03
6.125000000000000000e+03
6.126000000000000000e+03
6.127000000000000000e+03
6.128000000000000000e+03
6.129000000000000000e+03
6.130000000000000000e+03
6.131000000000000000e+03
6.132000000000000000e+03
6.133000000000000000e+03
6.134000000000000000e+03
6.135000000000000000e+03
6.136000000000000000e+03
6.141000000000000000e+03
6.144000000000000000e+03
6.145000000000000000e+03
6.148000000000000000e+03
6.149000000000000000e+03
6.152000000000000000e+03
6.153000000000000000e+03
6.156000000000000000e+03
6.157000000000000000e+03
6.160000000000000000e+03
6.161000000000000000e+03
6.162000000000000000e+03
6.163000000000000000e+03
6.164000000000000000e+03
6.165000000000000000e+03
6.168000000000000000e+03
6.169000000000000000e+03
6.171000000000000000e+03
6.172000000000000000e+03
6.173000000000000000e+03
6.174000000000000000e+03
6.175000000000000000e+03
6.176000000000000000e+03
6.177000000000000000e+03
6.178000000000000000e+03
6.179000000000000000e+03
6.180000000000000000e+03
6.181000000000000000e+03
6.184000000000000000e+03
6.185000000000000000e+03
6.186000000000000000e+03
6.187000000000000000e+03
6.188000000000000000e+03
6.189000000000000000e+03
6.190000000000000000e+03
6.192000000000000000e+03
6.193000000000000000e+03
6.194000000000000000e+03
6.196000000000000000e+03
6.197000000000000000e+03
6.198000000000000000e+03
6.200000000000000000e+03
6.201000000000000000e+03
6.202000000000000000e+03
6.204000000000000000e+03
6.205000000000000000e+03
6.206000000000000000e+03
6.208000000000000000e+03
6.209000000000000000e+03
6.210000000000000000e+03
6.212000000000000000e+03
6.213000000000000000e+03
6.216000000000000000e+03
6.217000000000000000e+03
6.220000000000000000e+03
6.221000000000000000e+03
6.224000000000000000e+03
6.225000000000000000e+03
6.228000000000000000e+03
6.229000000000000000e+03
6.232000000000000000e+03
6.233000000000000000e+03
6.236000000000000000e+03
6.237000000000000000e+03
6.240000000000000000e+03
6.241000000000000000e+03
6.242000000000000000e+03
6.244000000000000000e+03
6.245000000000000000e+03
6.248000000000000000e+03
6.249000000000000000e+03
6.252000000000000000e+03
6.253000000000000000e+03
6.254000000000000000e+03
6.256000000000000000e+03
6.257000000000000000e+03
6.258000000000000000e+03
6.260000000000000000e+03
6.261000000000000000e+03
6.262000000000000000e+03
6.263000000000000000e+03
6.264000000000000000e+03
6.265000000000000000e+03
6.266000000000000000e+03
6.267000000000000000e+03
6.268000000000000000e+03
6.269000000000000000e+03
6.270000000000000000e+03
6.271000000000000000e+03
6.272000000000000000e+03
6.273000000000000000e+03
6.274000000000000000e+03
6.275000000000000000e+03
6.276000000000000000e+03
6.277000000000000000e+03
6.278000000000000000e+03
6.279000000000000000e+03
6.280000000000000000e+03
6.281000000000000000e+03
6.282000000000000000e+03
6.283000000000000000e+03
6.284000000000000000e+03
6.285000000000000000e+03
6.286000000000000000e+03
6.287000000000000000e+03
6.288000000000000000e+03
6.289000000000000000e+03
6.290000000000000000e+03
6.291000000000000000e+03
6.292000000000000000e+03
6.293000000000000000e+03
6.294000000000000000e+03
6.295000000000000000e+03
6.296000000000000000e+03
6.297000000000000000e+03
6.298000000000000000e+03
6.299000000000000000e+03
6.300000000000000000e+03
6.301000000000000000e+03
6.302000000000000000e+03
6.303000000000000000e+03
6.304000000000000000e+03
6.305000000000000000e+03
6.306000000000000000e+03
6.307000000000000000e+03
6.308000000000000000e+03
6.309000000000000000e+03
6.310000000000000000e+03
6.311000000000000000e+03
6.312000000000000000e+03
6.313000000000000000e+03
6.314000000000000000e+03
6.315000000000000000e+03
6.316000000000000000e+03
6.317000000000000000e+03
6.318000000000000000e+03
6.319000000000000000e+03
6.320000000000000000e+03
6.321000000000000000e+03
6.322000000000000000e+03
6.323000000000000000e+03
6.324000000000000000e+03
6.325000000000000000e+03
6.326000000000000000e+03
6.327000000000000000e+03
6.328000000000000000e+03
6.330000000000000000e+03
6.331000000000000000e+03
6.332000000000000000e+03
6.333000000000000000e+03
6.334000000000000000e+03
6.335000000000000000e+03
6.336000000000000000e+03
6.338000000000000000e+03
6.342000000000000000e+03
6.344000000000000000e+03
6.424000000000000000e+03
6.440000000000000000e+03
6.447000000000000000e+03
6.448000000000000000e+03
6.450000000000000000e+03
6.451000000000000000e+03
6.452000000000000000e+03
6.453000000000000000e+03
6.454000000000000000e+03
6.455000000000000000e+03
6.456000000000000000e+03
6.457000000000000000e+03
6.458000000000000000e+03
6.460000000000000000e+03
6.462000000000000000e+03
6.464000000000000000e+03
6.466000000000000000e+03
6.468000000000000000e+03
6.470000000000000000e+03
6.472000000000000000e+03
6.474000000000000000e+03
6.475000000000000000e+03
6.476000000000000000e+03
6.480000000000000000e+03
6.488000000000000000e+03
6.496000000000000000e+03
6.508000000000000000e+03
6.512000000000000000e+03
6.520000000000000000e+03
6.523000000000000000e+03
6.524000000000000000e+03
6.525000000000000000e+03
6.526000000000000000e+03
6.527000000000000000e+03
6.528000000000000000e+03
6.529000000000000000e+03
6.530000000000000000e+03
6.531000000000000000e+03
6.532000000000000000e+03
6.533000000000000000e+03
6.534000000000000000e+03
6.535000000000000000e+03
6.536000000000000000e+03
6.537000000000000000e+03
6.538000000000000000e+03
6.539000000000000000e+03
6.540000000000000000e+03
6.541000000000000000e+03
6.542000000000000000e+03
6.543000000000000000e+03
6.544000000000000000e+03
6.545000000000000000e+03
6.546000000000000000e+03
6.547000000000000000e+03
6.548000000000000000e+03
6.549000000000000000e+03
6.550000000000000000e+03
6.551000000000000000e+03
6.552000000000000000e+03
6.553000000000000000e+03
6.554000000000000000e+03
6.555000000000000000e+03
6.556000000000000000e+03
6.557000000000000000e+03
6.558000000000000000e+03
6.559000000000000000e+03
6.560000000000000000e+03
6.561000000000000000e+03
6.562000000000000000e+03
6.563000000000000000e+03
6.564000000000000000e+03
6.565000000000000000e+03
6.566000000000000000e+03
6.567000000000000000e+03
6.568000000000000000e+03
6.569000000000000000e+03
6.570000000000000000e+03
6.571000000000000000e+03
6.572000000000000000e+03
6.573000000000000000e+03
6.574000000000000000e+03
6.575000000000000000e+03
6.576000000000000000e+03
6.577000000000000000e+03
6.578000000000000000e+03
6.579000000000000000e+03
6.580000000000000000e+03
6.581000000000000000e+03
6.582000000000000000e+03
6.583000000000000000e+03
6.584000000000000000e+03
6.585000000000000000e+03
6.586000000000000000e+03
6.587000000000000000e+03
6.588000000000000000e+03
6.589000000000000000e+03
6.590000000000000000e+03
6.591000000000000000e+03
6.592000000000000000e+03
6.593000000000000000e+03
6.594000000000000000e+03
6.595000000000000000e+03
6.596000000000000000e+03
6.597000000000000000e+03
6.598000000000000000e+03
6.599000000000000000e+03
6.600000000000000000e+03
6.601000000000000000e+03
6.602000000000000000e+03
6.603000000000000000e+03
6.604000000000000000e+03
6.605000000000000000e+03
6.606000000000000000e+03
6.607000000000000000e+03
6.608000000000000000e+03
6.609000000000000000e+03
6.610000000000000000e+03
6.611000000000000000e+03
6.612000000000000000e+03
6.613000000000000000e+03
6.614000000000000000e+03
6.615000000000000000e+03
6.616000000000000000e+03
6.617000000000000000e+03
6.618000000000000000e+03
6.619000000000000000e+03
6.620000000000000000e+03
6.621000000000000000e+03
6.622000000000000000e+03
6.623000000000000000e+03
6.624000000000000000e+03
6.625000000000000000e+03
6.626000000000000000e+03
6.627000000000000000e+03
6.628000000000000000e+03
6.629000000000000000e+03
6.630000000000000000e+03
6.631000000000000000e+03
6.632000000000000000e+03
6.633000000000000000e+03
6.634000000000000000e+03
6.635000000000000000e+03
6.636000000000000000e+03
6.637000000000000000e+03
6.638000000000000000e+03
6.639000000000000000e+03
6.640000000000000000e+03
6.641000000000000000e+03
6.642000000000000000e+03
6.643000000000000000e+03
6.644000000000000000e+03
6.645000000000000000e+03
6.646000000000000000e+03
6.647000000000000000e+03
6.648000000000000000e+03
6.649000000000000000e+03
6.650000000000000000e+03
6.651000000000000000e+03
6.652000000000000000e+03
6.653000000000000000e+03
6.654000000000000000e+03
6.655000000000000000e+03
6.656000000000000000e+03
6.657000000000000000e+03
6.658000000000000000e+03
6.659000000000000000e+03
6.660000000000000000e+03
6.662000000000000000e+03
6.663000000000000000e+03
6.664000000000000000e+03
6.665000000000000000e+03
6.666000000000000000e+03
6.667000000000000000e+03
6.668000000000000000e+03
6.669000000000000000e+03
6.670000000000000000e+03
6.671000000000000000e+03
6.672000000000000000e+03
6.674000000000000000e+03
6.675000000000000000e+03
6.676000000000000000e+03
6.678000000000000000e+03
6.679000000000000000e+03
6.680000000000000000e+03
6.682000000000000000e+03
6.683000000000000000e+03
6.684000000000000000e+03
6.686000000000000000e+03
6.687000000000000000e+03
6.782000000000000000e+03
6.783000000000000000e+03
6.784000000000000000e+03
6.785000000000000000e+03
9.119000000000000000e+03
9.123000000000000000e+03
9.124000000000000000e+03
9.125000000000000000e+03
9.126000000000000000e+03
9.127000000000000000e+03
9.131000000000000000e+03
9.135000000000000000e+03
9.139000000000000000e+03
9.143000000000000000e+03
9.147000000000000000e+03
1.225000000000000000e+04
1.233200000000000000e+04
1.233600000000000000e+04
1.234000000000000000e+04
1.234100000000000000e+04
1.234300000000000000e+04
1.234400000000000000e+04
1.234500000000000000e+04
1.234700000000000000e+04
1.234800000000000000e+04
1.234900000000000000e+04
1.235000000000000000e+04
1.235100000000000000e+04
1.235200000000000000e+04
1.235300000000000000e+04
1.235400000000000000e+04
1.235500000000000000e+04
1.235600000000000000e+04
1.235700000000000000e+04
1.235800000000000000e+04
1.235900000000000000e+04
1.236000000000000000e+04
1.236100000000000000e+04
1.236200000000000000e+04
1.236300000000000000e+04
1.236400000000000000e+04
1.236500000000000000e+04
1.236600000000000000e+04
1.236700000000000000e+04
1.236800000000000000e+04
1.236900000000000000e+04
1.237000000000000000e+04
1.237100000000000000e+04
1.237200000000000000e+04
1.237300000000000000e+04
1.237400000000000000e+04
1.237500000000000000e+04
1.237600000000000000e+04
1.237700000000000000e+04
1.237800000000000000e+04
1.237900000000000000e+04
1.238000000000000000e+04
1.238100000000000000e+04
1.238200000000000000e+04
1.238300000000000000e+04
1.238400000000000000e+04
1.238500000000000000e+04
1.238600000000000000e+04
1.238700000000000000e+04
1.238800000000000000e+04
1.238900000000000000e+04
1.239000000000000000e+04
1.239100000000000000e+04
1.239200000000000000e+04
1.239300000000000000e+04
1.239400000000000000e+04
1.239500000000000000e+04
1.239600000000000000e+04
1.239700000000000000e+04
1.239800000000000000e+04
1.239900000000000000e+04
1.240000000000000000e+04
1.240100000000000000e+04
1.240200000000000000e+04
1.240300000000000000e+04
1.240400000000000000e+04
1.240500000000000000e+04
1.240600000000000000e+04
1.240700000000000000e+04
1.240800000000000000e+04
1.240900000000000000e+04
1.241000000000000000e+04
1.241100000000000000e+04
1.241200000000000000e+04
1.241300000000000000e+04
1.241400000000000000e+04
1.241500000000000000e+04
1.241600000000000000e+04
1.241700000000000000e+04
1.241800000000000000e+04
1.241900000000000000e+04
1.242000000000000000e+04
1.242100000000000000e+04
1.242200000000000000e+04
1.242300000000000000e+04
1.242400000000000000e+04
1.242500000000000000e+04
1.242600000000000000e+04
1.242700000000000000e+04
1.242800000000000000e+04
1.242900000000000000e+04
1.243000000000000000e+04
1.243100000000000000e+04
1.243200000000000000e+04
1.243300000000000000e+04
1.243400000000000000e+04
1.243500000000000000e+04
1.243600000000000000e+04
1.243700000000000000e+04
1.243800000000000000e+04
1.243900000000000000e+04
1.244000000000000000e+04
1.244100000000000000e+04
1.244200000000000000e+04
1.244300000000000000e+04
1.244400000000000000e+04
1.244500000000000000e+04
1.244600000000000000e+04
1.244700000000000000e+04
1.244800000000000000e+04
1.244900000000000000e+04
1.245000000000000000e+04
1.245100000000000000e+04
1.245200000000000000e+04
1.245300000000000000e+04
1.245400000000000000e+04
1.245500000000000000e+04
1.245600000000000000e+04
1.245700000000000000e+04
1.245800000000000000e+04
1.245900000000000000e+04
1.246000000000000000e+04
1.246100000000000000e+04
1.246200000000000000e+04
1.246300000000000000e+04
1.246400000000000000e+04
1.246500000000000000e+04
1.246600000000000000e+04
1.246700000000000000e+04
1.246800000000000000e+04
1.246900000000000000e+04
1.247000000000000000e+04
1.247100000000000000e+04
1.247200000000000000e+04
1.247300000000000000e+04
1.247400000000000000e+04
1.247500000000000000e+04
1.247600000000000000e+04
1.247700000000000000e+04
1.247800000000000000e+04
1.247900000000000000e+04
1.248000000000000000e+04
1.248100000000000000e+04
1.248200000000000000e+04
1.248300000000000000e+04
1.248400000000000000e+04
1.248500000000000000e+04
1.322500000000000000e+04
1.322600000000000000e+04
1.322700000000000000e+04
1.322800000000000000e+04
1.322900000000000000e+04
1.323000000000000000e+04
1.323100000000000000e+04
1.323200000000000000e+04
1.470700000000000000e+04
1.503200000000000000e+04
1.503300000000000000e+04
1.503400000000000000e+04
1.503600000000000000e+04
1.646000000000000000e+04
1.646400000000000000e+04
1.646500000000000000e+04
1.646800000000000000e+04
1.646900000000000000e+04
1.647200000000000000e+04
1.647300000000000000e+04
1.647600000000000000e+04
1.647700000000000000e+04
1.648000000000000000e+04
1.648100000000000000e+04
1.648400000000000000e+04
1.648500000000000000e+04
1.648800000000000000e+04
1.648900000000000000e+04
1.649200000000000000e+04
1.649300000000000000e+04
1.649600000000000000e+04
1.649700000000000000e+04
1.650000000000000000e+04
1.650100000000000000e+04
1.650400000000000000e+04
1.650500000000000000e+04
1.650800000000000000e+04
1.651200000000000000e+04
1.651600000000000000e+04
1.651700000000000000e+04
1.651900000000000000e+04
1.652000000000000000e+04
1.652100000000000000e+04
1.652200000000000000e+04
1.652300000000000000e+04
1.652400000000000000e+04
1.652500000000000000e+04
1.652600000000000000e+04
1.652700000000000000e+04
1.652800000000000000e+04
1.652900000000000000e+04
1.653000000000000000e+04
1.653100000000000000e+04
1.653200000000000000e+04
1.653400000000000000e+04
1.653500000000000000e+04
1.653600000000000000e+04
1.653800000000000000e+04
1.653900000000000000e+04
1.654000000000000000e+04
1.654200000000000000e+04
1.654300000000000000e+04
1.654400000000000000e+04
1.654600000000000000e+04
1.654700000000000000e+04
1.654800000000000000e+04
1.655000000000000000e+04
1.655100000000000000e+04
1.655200000000000000e+04
1.655400000000000000e+04
1.655500000000000000e+04
1.655600000000000000e+04
1.655900000000000000e+04
1.656000000000000000e+04
1.656200000000000000e+04
1.656300000000000000e+04
1.656400000000000000e+04
1.656600000000000000e+04
1.656700000000000000e+04
1.656800000000000000e+04
1.657000000000000000e+04
1.657100000000000000e+04
1.657200000000000000e+04
1.657400000000000000e+04
1.657500000000000000e+04
1.657900000000000000e+04
1.658000000000000000e+04
1.658200000000000000e+04
1.658300000000000000e+04
1.658700000000000000e+04
1.674900000000000000e+04
1.675100000000000000e+04
1.675300000000000000e+04
1.675500000000000000e+04
1.675700000000000000e+04
1.675900000000000000e+04
1.684300000000000000e+04
1.684700000000000000e+04
1.685100000000000000e+04
1.685200000000000000e+04
1.685300000000000000e+04
1.685400000000000000e+04
1.685500000000000000e+04
1.685600000000000000e+04
1.685700000000000000e+04
1.685800000000000000e+04
1.685900000000000000e+04
1.686000000000000000e+04
1.686100000000000000e+04
1.686200000000000000e+04
1.686300000000000000e+04
1.686400000000000000e+04
1.686500000000000000e+04
1.686600000000000000e+04
1.686700000000000000e+04
1.686800000000000000e+04
1.686900000000000000e+04
1.687000000000000000e+04
1.687100000000000000e+04
1.687200000000000000e+04
1.687300000000000000e+04
1.687400000000000000e+04
1.687500000000000000e+04
1.687600000000000000e+04
1.687800000000000000e+04
2.335100000000000000e+04
2.335200000000000000e+04
2.335300000000000000e+04
2.335400000000000000e+04
2.335500000000000000e+04
2.351400000000000000e+04
2.351500000000000000e+04
2.351600000000000000e+04
2.351700000000000000e+04
2.351800000000000000e+04
2.351900000000000000e+04
2.400400000000000000e+04
2.400500000000000000e+04
2.449300000000000000e+04
2.630400000000000000e+04
2.630500000000000000e+04
2.630600000000000000e+04
2.630700000000000000e+04
2.630800000000000000e+04
2.630900000000000000e+04
2.802500000000000000e+04
2.802800000000000000e+04
2.802900000000000000e+04
2.803000000000000000e+04
2.803200000000000000e+04
2.803300000000000000e+04
2.803400000000000000e+04
2.803500000000000000e+04
2.803600000000000000e+04
2.803700000000000000e+04
2.803800000000000000e+04
2.803900000000000000e+04
2.804000000000000000e+04
2.804100000000000000e+04
2.804200000000000000e+04
2.804300000000000000e+04
2.804400000000000000e+04
2.804500000000000000e+04
2.804600000000000000e+04
2.804700000000000000e+04
2.804800000000000000e+04
2.804900000000000000e+04
2.805000000000000000e+04
2.805100000000000000e+04
2.805200000000000000e+04
2.805300000000000000e+04
2.805400000000000000e+04
2.805500000000000000e+04
2.805600000000000000e+04
2.805700000000000000e+04
2.805800000000000000e+04
2.805900000000000000e+04
2.806000000000000000e+04
2.806100000000000000e+04
2.806200000000000000e+04
2.806300000000000000e+04
2.806400000000000000e+04
2.806500000000000000e+04
2.806600000000000000e+04
2.806700000000000000e+04
2.806800000000000000e+04
2.806900000000000000e+04
2.807000000000000000e+04
2.807100000000000000e+04
2.807200000000000000e+04
2.807300000000000000e+04
2.807400000000000000e+04
2.807500000000000000e+04
2.807600000000000000e+04
2.807700000000000000e+04
2.807800000000000000e+04
2.807900000000000000e+04
2.808000000000000000e+04
2.808100000000000000e+04
2.808200000000000000e+04
2.808300000000000000e+04
2.808400000000000000e+04
2.808500000000000000e+04
2.808600000000000000e+04
2.808700000000000000e+04
2.808800000000000000e+04
2.808900000000000000e+04
2.809000000000000000e+04
2.809100000000000000e+04
2.809200000000000000e+04
2.809300000000000000e+04
2.809400000000000000e+04
2.809500000000000000e+04
2.809600000000000000e+04
2.809700000000000000e+04
2.809800000000000000e+04
2.809900000000000000e+04
2.810000000000000000e+04
2.810100000000000000e+04
2.810200000000000000e+04
2.810300000000000000e+04
2.810400000000000000e+04
2.810500000000000000e+04
2.810600000000000000e+04
2.810700000000000000e+04
2.810800000000000000e+04
2.810900000000000000e+04
2.811000000000000000e+04
2.811100000000000000e+04
2.811200000000000000e+04
2.811300000000000000e+04
2.811400000000000000e+04
2.811500000000000000e+04
2.811600000000000000e+04
2.811700000000000000e+04
2.811800000000000000e+04
2.811900000000000000e+04
2.812000000000000000e+04
2.812100000000000000e+04
2.812200000000000000e+04
2.812300000000000000e+04
2.812400000000000000e+04
2.812500000000000000e+04
2.812600000000000000e+04
2.812700000000000000e+04
2.812800000000000000e+04
2.812900000000000000e+04
2.813000000000000000e+04
2.813100000000000000e+04
2.813200000000000000e+04
2.813300000000000000e+04
2.813400000000000000e+04
2.813500000000000000e+04
2.813600000000000000e+04
2.813700000000000000e+04
2.813800000000000000e+04
2.814000000000000000e+04
2.814100000000000000e+04
2.814200000000000000e+04
2.814400000000000000e+04
2.814500000000000000e+04
2.814600000000000000e+04
2.814800000000000000e+04
2.814900000000000000e+04
2.815000000000000000e+04
2.815200000000000000e+04
2.815300000000000000e+04
2.815400000000000000e+04
2.815600000000000000e+04
2.815700000000000000e+04
2.815800000000000000e+04
2.816000000000000000e+04
2.816100000000000000e+04
2.816200000000000000e+04
2.816400000000000000e+04
2.816500000000000000e+04
2.816600000000000000e+04
2.816800000000000000e+04
2.816900000000000000e+04
2.817000000000000000e+04
2.817200000000000000e+04
2.817300000000000000e+04
2.817400000000000000e+04
2.817600000000000000e+04
2.817700000000000000e+04
2.817800000000000000e+04
2.818000000000000000e+04
2.818100000000000000e+04
2.818200000000000000e+04
2.818400000000000000e+04
