5.173300000000000000e+04
5.173400000000000000e+04
5.173500000000000000e+04
5.173600000000000000e+04
5.173700000000000000e+04
5.173800000000000000e+04
5.173900000000000000e+04
5.174000000000000000e+04
5.174100000000000000e+04
5.174200000000000000e+04
5.174300000000000000e+04
5.174400000000000000e+04
5.174500000000000000e+04
5.174600000000000000e+04
5.174700000000000000e+04
5.174800000000000000e+04
5.174900000000000000e+04
5.175000000000000000e+04
5.175100000000000000e+04
5.175200000000000000e+04
5.175300000000000000e+04
5.175400000000000000e+04
5.175500000000000000e+04
5.175600000000000000e+04
5.175700000000000000e+04
5.175800000000000000e+04
5.175900000000000000e+04
5.176000000000000000e+04
5.176100000000000000e+04
5.176200000000000000e+04
5.176300000000000000e+04
5.176400000000000000e+04
5.176500000000000000e+04
5.176600000000000000e+04
5.176700000000000000e+04
5.176800000000000000e+04
5.176900000000000000e+04
5.177000000000000000e+04
5.177100000000000000e+04
5.177200000000000000e+04
5.177300000000000000e+04
5.177400000000000000e+04
5.177500000000000000e+04
5.177600000000000000e+04
5.177700000000000000e+04
5.177800000000000000e+04
5.177900000000000000e+04
5.178000000000000000e+04
5.178100000000000000e+04
5.178200000000000000e+04
5.178300000000000000e+04
5.178400000000000000e+04
5.178500000000000000e+04
5.178600000000000000e+04
5.178700000000000000e+04
5.178800000000000000e+04
5.178900000000000000e+04
5.179000000000000000e+04
5.179100000000000000e+04
5.179200000000000000e+04
5.179300000000000000e+04
5.179400000000000000e+04
5.179500000000000000e+04
5.179600000000000000e+04
5.179700000000000000e+04
5.179800000000000000e+04
5.179900000000000000e+04
5.180000000000000000e+04
5.180100000000000000e+04
5.180200000000000000e+04
5.180300000000000000e+04
5.180400000000000000e+04
5.180500000000000000e+04
5.180600000000000000e+04
5.180700000000000000e+04
5.180800000000000000e+04
5.180900000000000000e+04
5.181000000000000000e+04
5.181100000000000000e+04
5.181200000000000000e+04
5.181300000000000000e+04
5.181400000000000000e+04
5.181500000000000000e+04
5.181600000000000000e+04
5.181700000000000000e+04
5.181800000000000000e+04
5.181900000000000000e+04
5.182000000000000000e+04
5.182100000000000000e+04
5.182200000000000000e+04
5.182300000000000000e+04
5.182400000000000000e+04
5.182500000000000000e+04
5.182600000000000000e+04
5.182700000000000000e+04
5.182800000000000000e+04
5.182900000000000000e+04
5.183000000000000000e+04
5.183100000000000000e+04
5.183200000000000000e+04
5.183300000000000000e+04
5.183400000000000000e+04
5.183500000000000000e+04
5.183600000000000000e+04
5.183700000000000000e+04
5.183800000000000000e+04
5.183900000000000000e+04
5.184000000000000000e+04
5.184100000000000000e+04
5.184200000000000000e+04
5.184300000000000000e+04
5.184400000000000000e+04
5.184500000000000000e+04
5.184600000000000000e+04
5.184700000000000000e+04
5.184800000000000000e+04
5.184900000000000000e+04
5.185000000000000000e+04
5.185100000000000000e+04
5.185200000000000000e+04
5.185300000000000000e+04
5.185400000000000000e+04
5.185500000000000000e+04
5.185600000000000000e+04
5.185700000000000000e+04
5.185800000000000000e+04
5.185900000000000000e+04
5.186000000000000000e+04
5.186100000000000000e+04
5.186200000000000000e+04
5.186300000000000000e+04
5.186400000000000000e+04
5.186500000000000000e+04
5.186600000000000000e+04
5.186700000000000000e+04
5.186800000000000000e+04
5.186900000000000000e+04
5.187000000000000000e+04
5.187100000000000000e+04
5.187200000000000000e+04
5.187300000000000000e+04
5.187400000000000000e+04
5.187500000000000000e+04
5.187600000000000000e+04
5.187700000000000000e+04
5.187800000000000000e+04
5.187900000000000000e+04
5.188000000000000000e+04
5.188100000000000000e+04
5.188200000000000000e+04
5.188300000000000000e+04
5.188400000000000000e+04
5.188500000000000000e+04
5.188600000000000000e+04
5.188700000000000000e+04
5.188800000000000000e+04
5.188900000000000000e+04
5.189000000000000000e+04
5.189100000000000000e+04
5.189200000000000000e+04
5.189300000000000000e+04
5.189400000000000000e+04
5.189500000000000000e+04
5.189600000000000000e+04
5.189700000000000000e+04
5.189800000000000000e+04
5.189900000000000000e+04
5.190000000000000000e+04
5.190100000000000000e+04
5.190200000000000000e+04
5.190300000000000000e+04
5.190400000000000000e+04
5.190500000000000000e+04
5.190600000000000000e+04
5.190700000000000000e+04
5.190800000000000000e+04
5.190900000000000000e+04
5.191000000000000000e+04
5.191100000000000000e+04
5.191200000000000000e+04
5.191300000000000000e+04
5.191400000000000000e+04
5.191500000000000000e+04
5.191600000000000000e+04
5.191700000000000000e+04
5.191800000000000000e+04
5.191900000000000000e+04
5.192000000000000000e+04
5.192100000000000000e+04
5.192200000000000000e+04
5.192300000000000000e+04
5.192400000000000000e+04
5.192500000000000000e+04
5.192600000000000000e+04
5.192700000000000000e+04
5.192800000000000000e+04
5.192900000000000000e+04
5.193000000000000000e+04
5.193100000000000000e+04
5.193200000000000000e+04
5.193300000000000000e+04
5.193400000000000000e+04
5.193500000000000000e+04
5.193600000000000000e+04
5.193700000000000000e+04
5.193800000000000000e+04
5.193900000000000000e+04
5.194000000000000000e+04
5.194100000000000000e+04
5.194200000000000000e+04
5.194300000000000000e+04
5.194400000000000000e+04
5.194500000000000000e+04
5.194600000000000000e+04
5.194700000000000000e+04
5.194800000000000000e+04
5.194900000000000000e+04
5.195000000000000000e+04
5.195100000000000000e+04
5.195200000000000000e+04
5.195300000000000000e+04
5.195400000000000000e+04
5.195500000000000000e+04
5.195600000000000000e+04
5.195700000000000000e+04
5.195800000000000000e+04
5.195900000000000000e+04
5.196000000000000000e+04
5.196100000000000000e+04
5.196200000000000000e+04
5.196300000000000000e+04
5.196400000000000000e+04
5.196500000000000000e+04
5.196600000000000000e+04
5.196700000000000000e+04
5.196800000000000000e+04
5.196900000000000000e+04
5.197000000000000000e+04
5.197100000000000000e+04
5.197200000000000000e+04
5.197300000000000000e+04
5.197400000000000000e+04
5.197500000000000000e+04
5.197600000000000000e+04
5.197700000000000000e+04
5.197800000000000000e+04
5.197900000000000000e+04
5.198000000000000000e+04
5.198100000000000000e+04
5.198200000000000000e+04
5.198300000000000000e+04
5.198400000000000000e+04
5.198500000000000000e+04
5.198600000000000000e+04
5.198700000000000000e+04
5.198800000000000000e+04
5.198900000000000000e+04
5.199000000000000000e+04
5.199100000000000000e+04
5.199200000000000000e+04
5.199300000000000000e+04
5.199400000000000000e+04
5.199500000000000000e+04
5.199600000000000000e+04
5.199700000000000000e+04
5.199800000000000000e+04
5.199900000000000000e+04
5.200000000000000000e+04
5.200100000000000000e+04
5.200200000000000000e+04
5.200300000000000000e+04
5.200400000000000000e+04
5.200500000000000000e+04
5.200600000000000000e+04
5.200700000000000000e+04
5.200800000000000000e+04
5.200900000000000000e+04
5.201000000000000000e+04
5.201100000000000000e+04
5.201200000000000000e+04
5.201300000000000000e+04
5.201400000000000000e+04
5.201500000000000000e+04
5.201600000000000000e+04
5.201700000000000000e+04
5.201800000000000000e+04
5.201900000000000000e+04
5.202000000000000000e+04
5.202100000000000000e+04
5.202200000000000000e+04
5.202300000000000000e+04
5.202400000000000000e+04
5.202500000000000000e+04
5.202600000000000000e+04
5.202700000000000000e+04
5.202800000000000000e+04
5.202900000000000000e+04
5.203000000000000000e+04
5.203100000000000000e+04
5.203200000000000000e+04
5.203300000000000000e+04
5.203400000000000000e+04
5.203500000000000000e+04
5.203600000000000000e+04
5.203700000000000000e+04
5.203800000000000000e+04
5.203900000000000000e+04
5.204000000000000000e+04
5.204100000000000000e+04
5.204200000000000000e+04
5.204300000000000000e+04
5.204400000000000000e+04
5.204500000000000000e+04
5.204600000000000000e+04
5.204700000000000000e+04
5.204800000000000000e+04
5.204900000000000000e+04
5.205000000000000000e+04
6.909300000000000000e+04
6.909400000000000000e+04
6.909500000000000000e+04
6.909600000000000000e+04
6.909700000000000000e+04
6.909800000000000000e+04
6.909900000000000000e+04
6.910000000000000000e+04
6.910100000000000000e+04
6.910200000000000000e+04
6.910300000000000000e+04
6.910400000000000000e+04
6.910500000000000000e+04
6.910600000000000000e+04
6.910700000000000000e+04
6.910800000000000000e+04
6.910900000000000000e+04
6.911000000000000000e+04
6.911100000000000000e+04
6.911200000000000000e+04
6.911300000000000000e+04
6.911400000000000000e+04
6.911500000000000000e+04
6.911600000000000000e+04
6.911700000000000000e+04
6.911800000000000000e+04
6.911900000000000000e+04
6.912000000000000000e+04
6.912100000000000000e+04
6.912200000000000000e+04
6.912300000000000000e+04
6.912400000000000000e+04
6.912500000000000000e+04
6.912600000000000000e+04
6.912700000000000000e+04
6.912800000000000000e+04
6.912900000000000000e+04
6.913000000000000000e+04
6.913100000000000000e+04
6.913200000000000000e+04
6.913300000000000000e+04
6.913400000000000000e+04
6.913500000000000000e+04
6.913600000000000000e+04
6.913700000000000000e+04
6.913800000000000000e+04
6.913900000000000000e+04
6.914000000000000000e+04
6.914100000000000000e+04
6.914200000000000000e+04
6.914300000000000000e+04
6.914400000000000000e+04
6.914500000000000000e+04
6.914600000000000000e+04
6.914700000000000000e+04
6.914800000000000000e+04
6.914900000000000000e+04
6.915000000000000000e+04
6.915100000000000000e+04
6.915200000000000000e+04
6.915300000000000000e+04
6.915400000000000000e+04
6.915500000000000000e+04
6.915600000000000000e+04
6.915700000000000000e+04
6.915800000000000000e+04
6.915900000000000000e+04
6.916000000000000000e+04
6.916100000000000000e+04
6.916200000000000000e+04
6.916300000000000000e+04
6.916400000000000000e+04
6.916500000000000000e+04
6.916600000000000000e+04
6.916700000000000000e+04
6.916800000000000000e+04
6.916900000000000000e+04
6.917000000000000000e+04
6.917100000000000000e+04
6.917200000000000000e+04
6.917300000000000000e+04
6.917400000000000000e+04
6.917500000000000000e+04
6.917600000000000000e+04
6.917700000000000000e+04
6.917800000000000000e+04
6.917900000000000000e+04
6.918000000000000000e+04
6.918100000000000000e+04
6.918200000000000000e+04
6.918300000000000000e+04
6.918400000000000000e+04
6.918500000000000000e+04
6.918600000000000000e+04
6.918700000000000000e+04
6.918800000000000000e+04
6.918900000000000000e+04
6.919000000000000000e+04
6.919100000000000000e+04
6.919200000000000000e+04
6.919300000000000000e+04
6.919400000000000000e+04
6.919500000000000000e+04
6.919600000000000000e+04
6.919700000000000000e+04
6.919800000000000000e+04
6.919900000000000000e+04
6.920000000000000000e+04
6.920100000000000000e+04
6.920200000000000000e+04
6.920300000000000000e+04
6.920400000000000000e+04
6.920500000000000000e+04
6.920600000000000000e+04
6.920700000000000000e+04
6.920800000000000000e+04
6.920900000000000000e+04
6.921000000000000000e+04
6.921100000000000000e+04
6.921200000000000000e+04
6.921300000000000000e+04
6.921400000000000000e+04
6.921500000000000000e+04
6.921600000000000000e+04
6.921700000000000000e+04
6.921800000000000000e+04
6.921900000000000000e+04
6.922000000000000000e+04
6.922100000000000000e+04
6.922200000000000000e+04
6.922300000000000000e+04
6.922400000000000000e+04
6.922500000000000000e+04
6.922600000000000000e+04
6.922700000000000000e+04
6.922800000000000000e+04
6.922900000000000000e+04
6.923000000000000000e+04
6.923100000000000000e+04
6.923200000000000000e+04
6.923300000000000000e+04
6.923400000000000000e+04
6.923500000000000000e+04
6.923600000000000000e+04
6.923700000000000000e+04
6.923800000000000000e+04
6.923900000000000000e+04
6.924000000000000000e+04
6.924100000000000000e+04
6.924200000000000000e+04
6.924300000000000000e+04
6.924400000000000000e+04
6.924500000000000000e+04
6.924600000000000000e+04
6.924700000000000000e+04
6.924800000000000000e+04
6.924900000000000000e+04
6.925000000000000000e+04
6.925100000000000000e+04
6.925200000000000000e+04
6.925300000000000000e+04
6.925400000000000000e+04
6.925500000000000000e+04
6.925600000000000000e+04
6.925700000000000000e+04
6.925800000000000000e+04
6.925900000000000000e+04
6.926000000000000000e+04
6.926100000000000000e+04
6.926200000000000000e+04
6.926300000000000000e+04
6.926400000000000000e+04
6.926500000000000000e+04
6.926600000000000000e+04
6.926700000000000000e+04
6.926800000000000000e+04
6.926900000000000000e+04
6.927000000000000000e+04
6.927100000000000000e+04
6.927200000000000000e+04
6.927300000000000000e+04
6.927400000000000000e+04
6.927500000000000000e+04
6.927600000000000000e+04
6.927700000000000000e+04
6.927800000000000000e+04
6.927900000000000000e+04
6.928000000000000000e+04
6.928100000000000000e+04
6.928200000000000000e+04
6.928300000000000000e+04
6.928400000000000000e+04
6.928500000000000000e+04
6.928600000000000000e+04
6.928700000000000000e+04
6.928800000000000000e+04
6.928900000000000000e+04
6.929000000000000000e+04
6.929100000000000000e+04
6.929200000000000000e+04
6.929300000000000000e+04
6.929400000000000000e+04
6.929500000000000000e+04
6.929600000000000000e+04
6.929700000000000000e+04
6.929800000000000000e+04
6.929900000000000000e+04
6.930000000000000000e+04
6.930100000000000000e+04
6.930200000000000000e+04
6.930300000000000000e+04
6.930400000000000000e+04
6.930500000000000000e+04
6.930600000000000000e+04
6.930700000000000000e+04
6.930800000000000000e+04
6.930900000000000000e+04
6.931000000000000000e+04
6.931100000000000000e+04
6.931200000000000000e+04
6.931300000000000000e+04
6.931400000000000000e+04
6.931500000000000000e+04
6.931600000000000000e+04
6.931700000000000000e+04
6.931800000000000000e+04
6.931900000000000000e+04
6.932000000000000000e+04
6.932100000000000000e+04
6.932200000000000000e+04
6.932300000000000000e+04
6.932400000000000000e+04
6.932500000000000000e+04
6.932600000000000000e+04
6.932700000000000000e+04
6.932800000000000000e+04
6.932900000000000000e+04
6.933000000000000000e+04
6.933100000000000000e+04
6.933200000000000000e+04
6.933300000000000000e+04
6.933400000000000000e+04
6.933500000000000000e+04
6.933600000000000000e+04
6.933700000000000000e+04
6.933800000000000000e+04
6.933900000000000000e+04
6.934000000000000000e+04
6.934100000000000000e+04
6.934200000000000000e+04
6.934300000000000000e+04
6.934400000000000000e+04
6.934500000000000000e+04
6.934600000000000000e+04
6.934700000000000000e+04
6.934800000000000000e+04
6.934900000000000000e+04
6.935000000000000000e+04
6.935100000000000000e+04
6.935200000000000000e+04
6.935300000000000000e+04
6.935400000000000000e+04
6.935500000000000000e+04
6.935600000000000000e+04
6.935700000000000000e+04
6.935800000000000000e+04
6.935900000000000000e+04
6.936000000000000000e+04
6.936100000000000000e+04
6.936200000000000000e+04
6.936300000000000000e+04
6.936400000000000000e+04
6.936500000000000000e+04
6.936600000000000000e+04
6.936700000000000000e+04
6.936800000000000000e+04
6.936900000000000000e+04
6.937000000000000000e+04
6.937100000000000000e+04
6.937200000000000000e+04
6.937300000000000000e+04
6.937400000000000000e+04
6.937500000000000000e+04
6.937600000000000000e+04
6.937700000000000000e+04
6.937800000000000000e+04
6.937900000000000000e+04
6.938000000000000000e+04
6.938100000000000000e+04
6.938200000000000000e+04
6.938300000000000000e+04
6.938400000000000000e+04
6.938500000000000000e+04
6.938600000000000000e+04
6.938700000000000000e+04
6.938800000000000000e+04
6.938900000000000000e+04
6.939000000000000000e+04
6.939100000000000000e+04
6.939200000000000000e+04
6.939300000000000000e+04
6.939400000000000000e+04
6.939500000000000000e+04
6.939600000000000000e+04
6.939700000000000000e+04
6.939800000000000000e+04
6.939900000000000000e+04
