5.197000000000000000e+03
5.198000000000000000e+03
5.199000000000000000e+03
5.285000000000000000e+03
5.289000000000000000e+03
5.291000000000000000e+03
5.293000000000000000e+03
5.295000000000000000e+03
5.296000000000000000e+03
5.297000000000000000e+03
5.395000000000000000e+03
5.493000000000000000e+03
5.591000000000000000e+03
5.592000000000000000e+03
5.686000000000000000e+03
5.690000000000000000e+03
5.984000000000000000e+03
6.079000000000000000e+03
6.081000000000000000e+03
6.083000000000000000e+03
6.181000000000000000e+03
6.268000000000000000e+03
6.276000000000000000e+03
6.278000000000000000e+03
6.280000000000000000e+03
6.377000000000000000e+03
6.378000000000000000e+03
6.379000000000000000e+03
6.465000000000000000e+03
6.469000000000000000e+03
6.471000000000000000e+03
6.473000000000000000e+03
6.474000000000000000e+03
6.475000000000000000e+03
6.476000000000000000e+03
6.477000000000000000e+03
9.139000000000000000e+03
9.140000000000000000e+03
9.141000000000000000e+03
9.142000000000000000e+03
9.143000000000000000e+03
9.144000000000000000e+03
9.145000000000000000e+03
9.147000000000000000e+03
9.148000000000000000e+03
9.149000000000000000e+03
9.150000000000000000e+03
9.151000000000000000e+03
9.152000000000000000e+03
9.153000000000000000e+03
9.154000000000000000e+03
9.155000000000000000e+03
9.156000000000000000e+03
9.157000000000000000e+03
9.158000000000000000e+03
9.159000000000000000e+03
9.160000000000000000e+03
9.161000000000000000e+03
9.162000000000000000e+03
9.163000000000000000e+03
9.164000000000000000e+03
9.165000000000000000e+03
9.166000000000000000e+03
9.167000000000000000e+03
9.168000000000000000e+03
9.169000000000000000e+03
9.170000000000000000e+03
9.171000000000000000e+03
9.172000000000000000e+03
9.173000000000000000e+03
9.174000000000000000e+03
9.175000000000000000e+03
9.176000000000000000e+03
9.177000000000000000e+03
9.178000000000000000e+03
9.179000000000000000e+03
9.180000000000000000e+03
9.181000000000000000e+03
9.182000000000000000e+03
9.183000000000000000e+03
9.184000000000000000e+03
9.185000000000000000e+03
9.186000000000000000e+03
9.187000000000000000e+03
9.188000000000000000e+03
9.189000000000000000e+03
9.190000000000000000e+03
9.191000000000000000e+03
9.192000000000000000e+03
9.193000000000000000e+03
9.194000000000000000e+03
9.195000000000000000e+03
9.196000000000000000e+03
9.197000000000000000e+03
9.198000000000000000e+03
9.199000000000000000e+03
9.200000000000000000e+03
9.201000000000000000e+03
9.202000000000000000e+03
9.203000000000000000e+03
9.204000000000000000e+03
9.205000000000000000e+03
9.206000000000000000e+03
9.207000000000000000e+03
9.208000000000000000e+03
9.209000000000000000e+03
9.210000000000000000e+03
9.211000000000000000e+03
9.212000000000000000e+03
9.213000000000000000e+03
9.214000000000000000e+03
9.215000000000000000e+03
9.216000000000000000e+03
9.217000000000000000e+03
9.218000000000000000e+03
9.219000000000000000e+03
9.220000000000000000e+03
9.221000000000000000e+03
9.222000000000000000e+03
9.223000000000000000e+03
9.224000000000000000e+03
9.225000000000000000e+03
9.226000000000000000e+03
9.227000000000000000e+03
9.228000000000000000e+03
9.229000000000000000e+03
9.230000000000000000e+03
9.231000000000000000e+03
9.232000000000000000e+03
9.233000000000000000e+03
