5.016000000000000000e+03
5.020000000000000000e+03
5.021000000000000000e+03
5.022000000000000000e+03
5.023000000000000000e+03
5.024000000000000000e+03
5.025000000000000000e+03
5.026000000000000000e+03
5.027000000000000000e+03
5.028000000000000000e+03
5.029000000000000000e+03
5.030000000000000000e+03
5.031000000000000000e+03
5.032000000000000000e+03
5.033000000000000000e+03
5.034000000000000000e+03
5.035000000000000000e+03
5.036000000000000000e+03
5.037000000000000000e+03
5.038000000000000000e+03
5.039000000000000000e+03
5.040000000000000000e+03
5.041000000000000000e+03
5.042000000000000000e+03
5.043000000000000000e+03
5.044000000000000000e+03
5.045000000000000000e+03
5.046000000000000000e+03
5.047000000000000000e+03
5.048000000000000000e+03
5.049000000000000000e+03
5.050000000000000000e+03
5.051000000000000000e+03
5.052000000000000000e+03
5.053000000000000000e+03
5.054000000000000000e+03
5.055000000000000000e+03
5.056000000000000000e+03
5.057000000000000000e+03
5.058000000000000000e+03
5.059000000000000000e+03
5.060000000000000000e+03
5.061000000000000000e+03
5.062000000000000000e+03
5.063000000000000000e+03
5.064000000000000000e+03
5.065000000000000000e+03
5.066000000000000000e+03
5.067000000000000000e+03
5.068000000000000000e+03
5.069000000000000000e+03
5.070000000000000000e+03
5.071000000000000000e+03
5.072000000000000000e+03
5.073000000000000000e+03
5.074000000000000000e+03
5.075000000000000000e+03
5.076000000000000000e+03
5.077000000000000000e+03
5.078000000000000000e+03
5.079000000000000000e+03
5.080000000000000000e+03
5.081000000000000000e+03
5.082000000000000000e+03
5.083000000000000000e+03
5.084000000000000000e+03
5.085000000000000000e+03
5.086000000000000000e+03
5.087000000000000000e+03
5.088000000000000000e+03
5.089000000000000000e+03
5.090000000000000000e+03
5.091000000000000000e+03
5.092000000000000000e+03
5.093000000000000000e+03
5.094000000000000000e+03
5.095000000000000000e+03
5.096000000000000000e+03
5.097000000000000000e+03
5.098000000000000000e+03
5.099000000000000000e+03
5.100000000000000000e+03
5.101000000000000000e+03
5.102000000000000000e+03
5.103000000000000000e+03
5.104000000000000000e+03
5.105000000000000000e+03
5.107000000000000000e+03
5.111000000000000000e+03
5.115000000000000000e+03
7.173000000000000000e+03
7.174000000000000000e+03
7.175000000000000000e+03
7.176000000000000000e+03
7.177000000000000000e+03
7.178000000000000000e+03
7.179000000000000000e+03
7.180000000000000000e+03
7.181000000000000000e+03
7.182000000000000000e+03
7.183000000000000000e+03
7.184000000000000000e+03
7.185000000000000000e+03
7.186000000000000000e+03
7.187000000000000000e+03
7.188000000000000000e+03
7.189000000000000000e+03
7.190000000000000000e+03
7.191000000000000000e+03
7.192000000000000000e+03
7.193000000000000000e+03
7.194000000000000000e+03
7.195000000000000000e+03
7.196000000000000000e+03
7.197000000000000000e+03
7.198000000000000000e+03
