1.733800000000000000e+04
1.734000000000000000e+04
1.734100000000000000e+04
1.734200000000000000e+04
1.734300000000000000e+04
1.734400000000000000e+04
1.734500000000000000e+04
1.734600000000000000e+04
1.735000000000000000e+04
1.735400000000000000e+04
1.735800000000000000e+04
1.736200000000000000e+04
1.736600000000000000e+04
1.736700000000000000e+04
1.736800000000000000e+04
1.736900000000000000e+04
1.737000000000000000e+04
1.737100000000000000e+04
1.737200000000000000e+04
1.737300000000000000e+04
1.737400000000000000e+04
1.737500000000000000e+04
1.737600000000000000e+04
1.737700000000000000e+04
1.737800000000000000e+04
1.737900000000000000e+04
1.738000000000000000e+04
1.738100000000000000e+04
1.738200000000000000e+04
1.738300000000000000e+04
1.738400000000000000e+04
1.738500000000000000e+04
1.738600000000000000e+04
1.738700000000000000e+04
1.738800000000000000e+04
1.738900000000000000e+04
1.739000000000000000e+04
1.739100000000000000e+04
1.739200000000000000e+04
1.739300000000000000e+04
1.739400000000000000e+04
1.739500000000000000e+04
1.739600000000000000e+04
1.739700000000000000e+04
1.739800000000000000e+04
1.739900000000000000e+04
1.740000000000000000e+04
1.740200000000000000e+04
1.740600000000000000e+04
1.741000000000000000e+04
1.741400000000000000e+04
1.741800000000000000e+04
1.742200000000000000e+04
1.742600000000000000e+04
1.743000000000000000e+04
1.965200000000000000e+04
1.973200000000000000e+04
1.973500000000000000e+04
1.973600000000000000e+04
1.973700000000000000e+04
1.973900000000000000e+04
1.974000000000000000e+04
1.974100000000000000e+04
1.974300000000000000e+04
1.974400000000000000e+04
1.974500000000000000e+04
2.042600000000000000e+04
2.044500000000000000e+04
2.044600000000000000e+04
2.044700000000000000e+04
2.044800000000000000e+04
2.044900000000000000e+04
2.045000000000000000e+04
2.045100000000000000e+04
2.045200000000000000e+04
2.045300000000000000e+04
2.045400000000000000e+04
2.045500000000000000e+04
2.045600000000000000e+04
2.045700000000000000e+04
2.045800000000000000e+04
2.045900000000000000e+04
2.046000000000000000e+04
2.046100000000000000e+04
2.046200000000000000e+04
2.046300000000000000e+04
2.046400000000000000e+04
2.046500000000000000e+04
2.046600000000000000e+04
2.046700000000000000e+04
2.046800000000000000e+04
2.046900000000000000e+04
2.047000000000000000e+04
2.047100000000000000e+04
2.047200000000000000e+04
2.047300000000000000e+04
2.047400000000000000e+04
2.047500000000000000e+04
2.047600000000000000e+04
2.047700000000000000e+04
2.047800000000000000e+04
2.047900000000000000e+04
2.048000000000000000e+04
2.048100000000000000e+04
2.048200000000000000e+04
2.048300000000000000e+04
2.048400000000000000e+04
2.048500000000000000e+04
2.048600000000000000e+04
2.048700000000000000e+04
2.048800000000000000e+04
2.048900000000000000e+04
2.049000000000000000e+04
2.049100000000000000e+04
2.049200000000000000e+04
2.049300000000000000e+04
2.049400000000000000e+04
2.049500000000000000e+04
2.049600000000000000e+04
2.049700000000000000e+04
2.049800000000000000e+04
2.049900000000000000e+04
2.050000000000000000e+04
2.050100000000000000e+04
2.050200000000000000e+04
2.050300000000000000e+04
2.050400000000000000e+04
2.050500000000000000e+04
2.050600000000000000e+04
2.050700000000000000e+04
2.050800000000000000e+04
2.050900000000000000e+04
2.051000000000000000e+04
2.051100000000000000e+04
2.051200000000000000e+04
2.051300000000000000e+04
2.051400000000000000e+04
2.051500000000000000e+04
2.051600000000000000e+04
2.051700000000000000e+04
2.051800000000000000e+04
2.051900000000000000e+04
2.052000000000000000e+04
2.052100000000000000e+04
2.052200000000000000e+04
2.052300000000000000e+04
2.052400000000000000e+04
2.052500000000000000e+04
2.052600000000000000e+04
2.052700000000000000e+04
2.052800000000000000e+04
2.052900000000000000e+04
2.053000000000000000e+04
2.053100000000000000e+04
2.053200000000000000e+04
2.053300000000000000e+04
2.053400000000000000e+04
2.053500000000000000e+04
2.053600000000000000e+04
2.053700000000000000e+04
2.053800000000000000e+04
2.053900000000000000e+04
2.054000000000000000e+04
2.054100000000000000e+04
2.054200000000000000e+04
2.054300000000000000e+04
2.054500000000000000e+04
2.181900000000000000e+04
2.182100000000000000e+04
2.182200000000000000e+04
2.182300000000000000e+04
2.182500000000000000e+04
2.182600000000000000e+04
2.182700000000000000e+04
2.182900000000000000e+04
2.183000000000000000e+04
2.183100000000000000e+04
2.183500000000000000e+04
2.233300000000000000e+04
2.233700000000000000e+04
2.234100000000000000e+04
2.235300000000000000e+04
2.235700000000000000e+04
2.236100000000000000e+04
2.236300000000000000e+04
2.448900000000000000e+04
2.449300000000000000e+04
2.449500000000000000e+04
2.449600000000000000e+04
2.449700000000000000e+04
2.449900000000000000e+04
2.450000000000000000e+04
2.450100000000000000e+04
2.450200000000000000e+04
2.450300000000000000e+04
2.450400000000000000e+04
2.450500000000000000e+04
2.450600000000000000e+04
2.450700000000000000e+04
2.450800000000000000e+04
2.450900000000000000e+04
2.451100000000000000e+04
2.451700000000000000e+04
2.451800000000000000e+04
2.451900000000000000e+04
2.510100000000000000e+04
2.510200000000000000e+04
2.510300000000000000e+04
2.510400000000000000e+04
2.510700000000000000e+04
2.510800000000000000e+04
2.510900000000000000e+04
2.511000000000000000e+04
2.511100000000000000e+04
2.511200000000000000e+04
2.511300000000000000e+04
2.511400000000000000e+04
2.511500000000000000e+04
2.511600000000000000e+04
2.511700000000000000e+04
2.511800000000000000e+04
2.511900000000000000e+04
2.512000000000000000e+04
2.512100000000000000e+04
2.512200000000000000e+04
2.512300000000000000e+04
2.512400000000000000e+04
2.512500000000000000e+04
2.512600000000000000e+04
2.512700000000000000e+04
2.512800000000000000e+04
2.512900000000000000e+04
2.513000000000000000e+04
2.513100000000000000e+04
2.513200000000000000e+04
2.513300000000000000e+04
2.513400000000000000e+04
2.513500000000000000e+04
2.513600000000000000e+04
2.513700000000000000e+04
2.513800000000000000e+04
2.513900000000000000e+04
2.514000000000000000e+04
2.514100000000000000e+04
2.514200000000000000e+04
2.514300000000000000e+04
2.514400000000000000e+04
2.514500000000000000e+04
2.514600000000000000e+04
2.514700000000000000e+04
2.514800000000000000e+04
2.514900000000000000e+04
2.515000000000000000e+04
2.515100000000000000e+04
2.515200000000000000e+04
2.515300000000000000e+04
2.515400000000000000e+04
2.515500000000000000e+04
2.515600000000000000e+04
2.515700000000000000e+04
2.515800000000000000e+04
2.515900000000000000e+04
2.516000000000000000e+04
2.516100000000000000e+04
2.516200000000000000e+04
2.516300000000000000e+04
2.516400000000000000e+04
2.516500000000000000e+04
2.516600000000000000e+04
2.516700000000000000e+04
2.516800000000000000e+04
2.516900000000000000e+04
2.517000000000000000e+04
2.517100000000000000e+04
2.517200000000000000e+04
2.517300000000000000e+04
2.517400000000000000e+04
2.517500000000000000e+04
2.517600000000000000e+04
2.517700000000000000e+04
2.517800000000000000e+04
2.517900000000000000e+04
2.518000000000000000e+04
2.518100000000000000e+04
2.518200000000000000e+04
2.518300000000000000e+04
2.518400000000000000e+04
2.518500000000000000e+04
2.518600000000000000e+04
2.518700000000000000e+04
2.518800000000000000e+04
2.518900000000000000e+04
2.519000000000000000e+04
2.519100000000000000e+04
2.519200000000000000e+04
2.519300000000000000e+04
2.519400000000000000e+04
2.519500000000000000e+04
2.519600000000000000e+04
2.519700000000000000e+04
2.519800000000000000e+04
2.519900000000000000e+04
2.520000000000000000e+04
2.520100000000000000e+04
2.520200000000000000e+04
2.520300000000000000e+04
2.520400000000000000e+04
2.520500000000000000e+04
2.520600000000000000e+04
2.520700000000000000e+04
2.520800000000000000e+04
2.520900000000000000e+04
2.521000000000000000e+04
2.521100000000000000e+04
2.521200000000000000e+04
2.521300000000000000e+04
2.521400000000000000e+04
2.521500000000000000e+04
2.521600000000000000e+04
2.521700000000000000e+04
2.521800000000000000e+04
2.521900000000000000e+04
2.522000000000000000e+04
2.522100000000000000e+04
2.522200000000000000e+04
2.522300000000000000e+04
2.522400000000000000e+04
2.522500000000000000e+04
2.522600000000000000e+04
2.522700000000000000e+04
2.522800000000000000e+04
2.522900000000000000e+04
2.523000000000000000e+04
2.523100000000000000e+04
2.523200000000000000e+04
2.523300000000000000e+04
2.523400000000000000e+04
2.523500000000000000e+04
2.523600000000000000e+04
2.523700000000000000e+04
2.523800000000000000e+04
2.523900000000000000e+04
2.524000000000000000e+04
2.524100000000000000e+04
2.524200000000000000e+04
2.524300000000000000e+04
2.524400000000000000e+04
2.524500000000000000e+04
2.524600000000000000e+04
2.524700000000000000e+04
2.524800000000000000e+04
2.524900000000000000e+04
2.525000000000000000e+04
2.525100000000000000e+04
2.525200000000000000e+04
2.525300000000000000e+04
2.525400000000000000e+04
2.525500000000000000e+04
2.525600000000000000e+04
2.525700000000000000e+04
2.525800000000000000e+04
2.525900000000000000e+04
2.526000000000000000e+04
2.526100000000000000e+04
2.526200000000000000e+04
2.526300000000000000e+04
2.526400000000000000e+04
2.526500000000000000e+04
2.526600000000000000e+04
2.526700000000000000e+04
2.526800000000000000e+04
2.526900000000000000e+04
2.527000000000000000e+04
2.713300000000000000e+04
2.713400000000000000e+04
2.713500000000000000e+04
2.713600000000000000e+04
2.713700000000000000e+04
2.713800000000000000e+04
2.713900000000000000e+04
2.714000000000000000e+04
2.714100000000000000e+04
2.714200000000000000e+04
2.714300000000000000e+04
2.714400000000000000e+04
2.714500000000000000e+04
2.714600000000000000e+04
2.714700000000000000e+04
2.714800000000000000e+04
2.714900000000000000e+04
2.715000000000000000e+04
2.715100000000000000e+04
2.715200000000000000e+04
2.715300000000000000e+04
2.715400000000000000e+04
2.715500000000000000e+04
2.715600000000000000e+04
2.715700000000000000e+04
2.715800000000000000e+04
2.715900000000000000e+04
2.716000000000000000e+04
2.716100000000000000e+04
2.716200000000000000e+04
2.716300000000000000e+04
2.716400000000000000e+04
2.716500000000000000e+04
2.716600000000000000e+04
2.716700000000000000e+04
2.716800000000000000e+04
2.716900000000000000e+04
2.717000000000000000e+04
2.717100000000000000e+04
2.717200000000000000e+04
2.717300000000000000e+04
2.717400000000000000e+04
2.717500000000000000e+04
2.717600000000000000e+04
2.717700000000000000e+04
2.717800000000000000e+04
2.717900000000000000e+04
2.718000000000000000e+04
2.718100000000000000e+04
2.718200000000000000e+04
2.718300000000000000e+04
2.718400000000000000e+04
2.718500000000000000e+04
2.718600000000000000e+04
2.718700000000000000e+04
2.718800000000000000e+04
2.718900000000000000e+04
2.719000000000000000e+04
2.719100000000000000e+04
2.719200000000000000e+04
2.719300000000000000e+04
2.719400000000000000e+04
2.719500000000000000e+04
2.719600000000000000e+04
2.719700000000000000e+04
2.719800000000000000e+04
2.719900000000000000e+04
2.720000000000000000e+04
2.720100000000000000e+04
2.720200000000000000e+04
2.720300000000000000e+04
2.720400000000000000e+04
2.720500000000000000e+04
2.720600000000000000e+04
2.720700000000000000e+04
2.720800000000000000e+04
2.720900000000000000e+04
2.721000000000000000e+04
2.721100000000000000e+04
2.721200000000000000e+04
2.721300000000000000e+04
2.721400000000000000e+04
2.721500000000000000e+04
2.721600000000000000e+04
2.721700000000000000e+04
2.721800000000000000e+04
2.721900000000000000e+04
2.722000000000000000e+04
2.722100000000000000e+04
2.722200000000000000e+04
2.722300000000000000e+04
2.722400000000000000e+04
2.722500000000000000e+04
2.722600000000000000e+04
2.722700000000000000e+04
2.722800000000000000e+04
2.722900000000000000e+04
2.723000000000000000e+04
2.723100000000000000e+04
2.760800000000000000e+04
2.761000000000000000e+04
2.761100000000000000e+04
2.761200000000000000e+04
2.761300000000000000e+04
2.761400000000000000e+04
2.761500000000000000e+04
2.761600000000000000e+04
2.761700000000000000e+04
2.761800000000000000e+04
2.761900000000000000e+04
2.762000000000000000e+04
2.762100000000000000e+04
2.762200000000000000e+04
2.762300000000000000e+04
2.762400000000000000e+04
2.762500000000000000e+04
2.762600000000000000e+04
2.762700000000000000e+04
2.762800000000000000e+04
2.762900000000000000e+04
2.763000000000000000e+04
2.763100000000000000e+04
2.763200000000000000e+04
2.763300000000000000e+04
2.763400000000000000e+04
2.763500000000000000e+04
2.763600000000000000e+04
2.763700000000000000e+04
2.763800000000000000e+04
2.763900000000000000e+04
2.764000000000000000e+04
2.764100000000000000e+04
2.764200000000000000e+04
2.764300000000000000e+04
2.764400000000000000e+04
2.764500000000000000e+04
2.764600000000000000e+04
2.764700000000000000e+04
2.764800000000000000e+04
2.764900000000000000e+04
2.765000000000000000e+04
2.765100000000000000e+04
2.765200000000000000e+04
2.765300000000000000e+04
2.765400000000000000e+04
2.765500000000000000e+04
2.765600000000000000e+04
2.765700000000000000e+04
2.765800000000000000e+04
2.765900000000000000e+04
2.766000000000000000e+04
2.766100000000000000e+04
2.766200000000000000e+04
2.766300000000000000e+04
2.766400000000000000e+04
2.766500000000000000e+04
2.766600000000000000e+04
2.766700000000000000e+04
2.766800000000000000e+04
2.766900000000000000e+04
2.767000000000000000e+04
2.767100000000000000e+04
2.767200000000000000e+04
2.767300000000000000e+04
2.767400000000000000e+04
2.767500000000000000e+04
2.767600000000000000e+04
2.767700000000000000e+04
2.767800000000000000e+04
2.767900000000000000e+04
2.768000000000000000e+04
2.768100000000000000e+04
2.768200000000000000e+04
2.768300000000000000e+04
2.768400000000000000e+04
2.768500000000000000e+04
2.768600000000000000e+04
2.768700000000000000e+04
2.768800000000000000e+04
2.768900000000000000e+04
2.769000000000000000e+04
2.769100000000000000e+04
2.769200000000000000e+04
2.769300000000000000e+04
2.769400000000000000e+04
2.769500000000000000e+04
2.769600000000000000e+04
2.769700000000000000e+04
2.769800000000000000e+04
2.769900000000000000e+04
2.770000000000000000e+04
2.770100000000000000e+04
2.770200000000000000e+04
2.770300000000000000e+04
2.770400000000000000e+04
2.770500000000000000e+04
2.770600000000000000e+04
2.770700000000000000e+04
2.770800000000000000e+04
2.770900000000000000e+04
2.771000000000000000e+04
2.814800000000000000e+04
2.815200000000000000e+04
2.815600000000000000e+04
2.815900000000000000e+04
2.816000000000000000e+04
2.816300000000000000e+04
2.816400000000000000e+04
2.816600000000000000e+04
2.816700000000000000e+04
2.816800000000000000e+04
2.817000000000000000e+04
2.817100000000000000e+04
2.817200000000000000e+04
2.817400000000000000e+04
2.817500000000000000e+04
2.817600000000000000e+04
2.817800000000000000e+04
2.817900000000000000e+04
2.818000000000000000e+04
2.884200000000000000e+04
2.884600000000000000e+04
2.885000000000000000e+04
2.885400000000000000e+04
2.885800000000000000e+04
2.886000000000000000e+04
2.886200000000000000e+04
2.886300000000000000e+04
2.886400000000000000e+04
2.886600000000000000e+04
2.886700000000000000e+04
2.886800000000000000e+04
2.887000000000000000e+04
2.887100000000000000e+04
2.887200000000000000e+04
2.887400000000000000e+04
2.887500000000000000e+04
2.887600000000000000e+04
2.887800000000000000e+04
2.887900000000000000e+04
2.888000000000000000e+04
2.888200000000000000e+04
2.888300000000000000e+04
2.888400000000000000e+04
2.888600000000000000e+04
3.324900000000000000e+04
3.325000000000000000e+04
3.325200000000000000e+04
3.325300000000000000e+04
3.325400000000000000e+04
3.325600000000000000e+04
3.325700000000000000e+04
3.325800000000000000e+04
3.326000000000000000e+04
3.326100000000000000e+04
3.326200000000000000e+04
3.326400000000000000e+04
3.326500000000000000e+04
3.326600000000000000e+04
3.326800000000000000e+04
3.326900000000000000e+04
3.327000000000000000e+04
3.331800000000000000e+04
3.414700000000000000e+04
3.415100000000000000e+04
3.415300000000000000e+04
3.415400000000000000e+04
3.415500000000000000e+04
3.415600000000000000e+04
3.415700000000000000e+04
3.415800000000000000e+04
3.415900000000000000e+04
3.416000000000000000e+04
3.416100000000000000e+04
3.416200000000000000e+04
3.416300000000000000e+04
3.416400000000000000e+04
3.416500000000000000e+04
3.416600000000000000e+04
3.416700000000000000e+04
3.416800000000000000e+04
3.416900000000000000e+04
3.417000000000000000e+04
3.417100000000000000e+04
3.417200000000000000e+04
3.417300000000000000e+04
3.417400000000000000e+04
3.417500000000000000e+04
3.417600000000000000e+04
3.417700000000000000e+04
3.417800000000000000e+04
3.417900000000000000e+04
3.418000000000000000e+04
3.418100000000000000e+04
3.418200000000000000e+04
3.418300000000000000e+04
3.418400000000000000e+04
3.418500000000000000e+04
3.418600000000000000e+04
3.418700000000000000e+04
3.418800000000000000e+04
3.418900000000000000e+04
3.419000000000000000e+04
3.419100000000000000e+04
3.419200000000000000e+04
3.419300000000000000e+04
3.419400000000000000e+04
3.419500000000000000e+04
3.419600000000000000e+04
3.419700000000000000e+04
3.419800000000000000e+04
3.419900000000000000e+04
3.420000000000000000e+04
3.420100000000000000e+04
3.420200000000000000e+04
3.420300000000000000e+04
3.420400000000000000e+04
3.420500000000000000e+04
3.420600000000000000e+04
3.420700000000000000e+04
3.420800000000000000e+04
3.420900000000000000e+04
3.421000000000000000e+04
3.421100000000000000e+04
3.421200000000000000e+04
3.421300000000000000e+04
3.421400000000000000e+04
3.421500000000000000e+04
3.421600000000000000e+04
3.421700000000000000e+04
3.421800000000000000e+04
3.421900000000000000e+04
3.422000000000000000e+04
3.422100000000000000e+04
3.422200000000000000e+04
3.422300000000000000e+04
3.422400000000000000e+04
3.422500000000000000e+04
3.422600000000000000e+04
3.422700000000000000e+04
3.422800000000000000e+04
3.422900000000000000e+04
3.423000000000000000e+04
3.423100000000000000e+04
3.423200000000000000e+04
3.423300000000000000e+04
3.423400000000000000e+04
3.423500000000000000e+04
3.423600000000000000e+04
3.423700000000000000e+04
3.423800000000000000e+04
3.423900000000000000e+04
3.424000000000000000e+04
3.424100000000000000e+04
3.424200000000000000e+04
3.424300000000000000e+04
3.424400000000000000e+04
3.424500000000000000e+04
3.424600000000000000e+04
3.424700000000000000e+04
3.424800000000000000e+04
3.424900000000000000e+04
3.425000000000000000e+04
3.425100000000000000e+04
3.425200000000000000e+04
3.425300000000000000e+04
3.425400000000000000e+04
3.425500000000000000e+04
3.425600000000000000e+04
3.425700000000000000e+04
3.425800000000000000e+04
3.425900000000000000e+04
3.426000000000000000e+04
3.426100000000000000e+04
3.426200000000000000e+04
3.426300000000000000e+04
3.426400000000000000e+04
3.426500000000000000e+04
3.426600000000000000e+04
3.426700000000000000e+04
3.426800000000000000e+04
3.426900000000000000e+04
3.427000000000000000e+04
3.427100000000000000e+04
3.427200000000000000e+04
3.427300000000000000e+04
3.427400000000000000e+04
3.427500000000000000e+04
3.427600000000000000e+04
3.427700000000000000e+04
3.427800000000000000e+04
3.427900000000000000e+04
3.428000000000000000e+04
3.428100000000000000e+04
3.428200000000000000e+04
3.428300000000000000e+04
3.428400000000000000e+04
3.428500000000000000e+04
3.428600000000000000e+04
3.428700000000000000e+04
3.428800000000000000e+04
3.428900000000000000e+04
3.429000000000000000e+04
3.429100000000000000e+04
3.429200000000000000e+04
3.429300000000000000e+04
3.429400000000000000e+04
3.429500000000000000e+04
3.429600000000000000e+04
3.429700000000000000e+04
3.429800000000000000e+04
3.429900000000000000e+04
3.430000000000000000e+04
3.430100000000000000e+04
3.430200000000000000e+04
3.430300000000000000e+04
3.430500000000000000e+04
3.430700000000000000e+04
3.430800000000000000e+04
3.430900000000000000e+04
3.431000000000000000e+04
3.431100000000000000e+04
3.431200000000000000e+04
3.431300000000000000e+04
3.431400000000000000e+04
3.431500000000000000e+04
3.431600000000000000e+04
3.431700000000000000e+04
3.431800000000000000e+04
3.431900000000000000e+04
3.432000000000000000e+04
3.432100000000000000e+04
3.432200000000000000e+04
3.432300000000000000e+04
3.432400000000000000e+04
3.432500000000000000e+04
3.432600000000000000e+04
3.432700000000000000e+04
3.432800000000000000e+04
3.432900000000000000e+04
3.433000000000000000e+04
3.433100000000000000e+04
3.433200000000000000e+04
3.433300000000000000e+04
3.433400000000000000e+04
3.433500000000000000e+04
3.433600000000000000e+04
3.433700000000000000e+04
3.433800000000000000e+04
3.433900000000000000e+04
3.434000000000000000e+04
3.434100000000000000e+04
3.434200000000000000e+04
3.434300000000000000e+04
3.434400000000000000e+04
3.434500000000000000e+04
3.434600000000000000e+04
3.434700000000000000e+04
3.434800000000000000e+04
3.434900000000000000e+04
3.435100000000000000e+04
3.435300000000000000e+04
3.435500000000000000e+04
3.435900000000000000e+04
3.436000000000000000e+04
3.436100000000000000e+04
3.436300000000000000e+04
3.436400000000000000e+04
3.436500000000000000e+04
3.436700000000000000e+04
3.436800000000000000e+04
3.436900000000000000e+04
3.437100000000000000e+04
3.437200000000000000e+04
3.437300000000000000e+04
3.437500000000000000e+04
3.437600000000000000e+04
3.437700000000000000e+04
3.437900000000000000e+04
3.438100000000000000e+04
3.438300000000000000e+04
3.438500000000000000e+04
3.438700000000000000e+04
3.440900000000000000e+04
3.565100000000000000e+04
3.565200000000000000e+04
3.565300000000000000e+04
3.565500000000000000e+04
3.565600000000000000e+04
3.565700000000000000e+04
3.565800000000000000e+04
3.565900000000000000e+04
3.566000000000000000e+04
3.566100000000000000e+04
3.566200000000000000e+04
3.566300000000000000e+04
3.566400000000000000e+04
3.566500000000000000e+04
3.566600000000000000e+04
3.566700000000000000e+04
3.566800000000000000e+04
3.566900000000000000e+04
3.567000000000000000e+04
3.567100000000000000e+04
3.567200000000000000e+04
3.567300000000000000e+04
3.567400000000000000e+04
3.567500000000000000e+04
3.567600000000000000e+04
3.567700000000000000e+04
3.567800000000000000e+04
3.567900000000000000e+04
3.568000000000000000e+04
3.568100000000000000e+04
3.568200000000000000e+04
3.568300000000000000e+04
3.568400000000000000e+04
3.568500000000000000e+04
3.568600000000000000e+04
3.568700000000000000e+04
3.568800000000000000e+04
3.568900000000000000e+04
3.569000000000000000e+04
3.569100000000000000e+04
3.569200000000000000e+04
3.569300000000000000e+04
3.569400000000000000e+04
3.569500000000000000e+04
3.569600000000000000e+04
3.569700000000000000e+04
3.569800000000000000e+04
3.569900000000000000e+04
3.570000000000000000e+04
3.570100000000000000e+04
3.570200000000000000e+04
3.570300000000000000e+04
3.570400000000000000e+04
3.570500000000000000e+04
3.570600000000000000e+04
3.570700000000000000e+04
3.570800000000000000e+04
3.570900000000000000e+04
3.571000000000000000e+04
3.571100000000000000e+04
3.571200000000000000e+04
3.571300000000000000e+04
3.571400000000000000e+04
3.571500000000000000e+04
3.571600000000000000e+04
3.571700000000000000e+04
3.571800000000000000e+04
3.571900000000000000e+04
3.572000000000000000e+04
3.572100000000000000e+04
3.572200000000000000e+04
3.572300000000000000e+04
3.572400000000000000e+04
3.572500000000000000e+04
3.572600000000000000e+04
3.572700000000000000e+04
3.572800000000000000e+04
3.572900000000000000e+04
3.573000000000000000e+04
3.573100000000000000e+04
3.573200000000000000e+04
3.573300000000000000e+04
3.573400000000000000e+04
3.573500000000000000e+04
3.573600000000000000e+04
3.573700000000000000e+04
3.573800000000000000e+04
3.573900000000000000e+04
3.574000000000000000e+04
3.574100000000000000e+04
3.574200000000000000e+04
3.574300000000000000e+04
3.574400000000000000e+04
3.574500000000000000e+04
3.574600000000000000e+04
3.574700000000000000e+04
3.574800000000000000e+04
3.574900000000000000e+04
3.575000000000000000e+04
3.575100000000000000e+04
3.575200000000000000e+04
3.575300000000000000e+04
3.575400000000000000e+04
3.575500000000000000e+04
3.575600000000000000e+04
3.575700000000000000e+04
3.575800000000000000e+04
3.575900000000000000e+04
3.576000000000000000e+04
3.576100000000000000e+04
3.576200000000000000e+04
3.576300000000000000e+04
3.576400000000000000e+04
3.576500000000000000e+04
3.576600000000000000e+04
3.576700000000000000e+04
3.576800000000000000e+04
3.576900000000000000e+04
3.577000000000000000e+04
3.577100000000000000e+04
3.577200000000000000e+04
3.577300000000000000e+04
3.577400000000000000e+04
3.577500000000000000e+04
3.577600000000000000e+04
3.577700000000000000e+04
3.577800000000000000e+04
3.577900000000000000e+04
3.578000000000000000e+04
3.578100000000000000e+04
3.578200000000000000e+04
3.578300000000000000e+04
3.578400000000000000e+04
3.578500000000000000e+04
3.578600000000000000e+04
3.578700000000000000e+04
3.578800000000000000e+04
3.578900000000000000e+04
3.579000000000000000e+04
3.579100000000000000e+04
3.579200000000000000e+04
3.579300000000000000e+04
3.579400000000000000e+04
3.579500000000000000e+04
3.579600000000000000e+04
3.579700000000000000e+04
3.579800000000000000e+04
3.579900000000000000e+04
3.580000000000000000e+04
3.580100000000000000e+04
3.580200000000000000e+04
3.580300000000000000e+04
3.580400000000000000e+04
3.580500000000000000e+04
3.580600000000000000e+04
3.580700000000000000e+04
3.580800000000000000e+04
3.580900000000000000e+04
3.581000000000000000e+04
3.581100000000000000e+04
3.581200000000000000e+04
3.581300000000000000e+04
3.581400000000000000e+04
3.581500000000000000e+04
3.581600000000000000e+04
3.581700000000000000e+04
3.581800000000000000e+04
3.581900000000000000e+04
3.582000000000000000e+04
3.582100000000000000e+04
3.582200000000000000e+04
3.582300000000000000e+04
3.582400000000000000e+04
3.582500000000000000e+04
3.582600000000000000e+04
3.582700000000000000e+04
3.582800000000000000e+04
3.582900000000000000e+04
3.583000000000000000e+04
3.583100000000000000e+04
3.583200000000000000e+04
3.583300000000000000e+04
3.583400000000000000e+04
3.583500000000000000e+04
3.583600000000000000e+04
3.583700000000000000e+04
3.583800000000000000e+04
3.583900000000000000e+04
3.584000000000000000e+04
3.584100000000000000e+04
3.584200000000000000e+04
3.584300000000000000e+04
3.584400000000000000e+04
3.584500000000000000e+04
3.584600000000000000e+04
3.584700000000000000e+04
3.584800000000000000e+04
3.584900000000000000e+04
3.585000000000000000e+04
3.585100000000000000e+04
3.585200000000000000e+04
3.585300000000000000e+04
3.585400000000000000e+04
3.585500000000000000e+04
3.585600000000000000e+04
3.585700000000000000e+04
3.585800000000000000e+04
3.585900000000000000e+04
3.586000000000000000e+04
3.586100000000000000e+04
3.586200000000000000e+04
3.586300000000000000e+04
3.586400000000000000e+04
3.586500000000000000e+04
3.586600000000000000e+04
3.586700000000000000e+04
3.586800000000000000e+04
3.586900000000000000e+04
3.587000000000000000e+04
3.587100000000000000e+04
3.587200000000000000e+04
3.587300000000000000e+04
3.587400000000000000e+04
3.587500000000000000e+04
3.587600000000000000e+04
3.587700000000000000e+04
3.587800000000000000e+04
3.587900000000000000e+04
3.588000000000000000e+04
3.588100000000000000e+04
3.588200000000000000e+04
3.588300000000000000e+04
3.588400000000000000e+04
3.588500000000000000e+04
3.588600000000000000e+04
3.588700000000000000e+04
3.588800000000000000e+04
3.588900000000000000e+04
3.589000000000000000e+04
3.589100000000000000e+04
3.589200000000000000e+04
3.589300000000000000e+04
3.589400000000000000e+04
3.589500000000000000e+04
3.589600000000000000e+04
3.589700000000000000e+04
3.589800000000000000e+04
3.589900000000000000e+04
3.590000000000000000e+04
3.590100000000000000e+04
3.590200000000000000e+04
3.590300000000000000e+04
3.590400000000000000e+04
3.590500000000000000e+04
3.590600000000000000e+04
3.590700000000000000e+04
3.590800000000000000e+04
3.590900000000000000e+04
3.591000000000000000e+04
3.591100000000000000e+04
3.591200000000000000e+04
3.591300000000000000e+04
3.591400000000000000e+04
3.591500000000000000e+04
3.591600000000000000e+04
3.591700000000000000e+04
3.591800000000000000e+04
3.591900000000000000e+04
3.592000000000000000e+04
3.592100000000000000e+04
3.592200000000000000e+04
3.592300000000000000e+04
3.592400000000000000e+04
3.592500000000000000e+04
3.592600000000000000e+04
3.592700000000000000e+04
3.592800000000000000e+04
3.592900000000000000e+04
3.593000000000000000e+04
3.593100000000000000e+04
3.593200000000000000e+04
3.593300000000000000e+04
3.593400000000000000e+04
3.593500000000000000e+04
3.593600000000000000e+04
3.593700000000000000e+04
3.593800000000000000e+04
3.593900000000000000e+04
3.594000000000000000e+04
3.594100000000000000e+04
3.594200000000000000e+04
3.594300000000000000e+04
3.594400000000000000e+04
3.594500000000000000e+04
3.594600000000000000e+04
3.594700000000000000e+04
3.594800000000000000e+04
3.594900000000000000e+04
3.595000000000000000e+04
3.595100000000000000e+04
3.595200000000000000e+04
3.595300000000000000e+04
3.595400000000000000e+04
3.595500000000000000e+04
3.595600000000000000e+04
3.595700000000000000e+04
3.595800000000000000e+04
3.595900000000000000e+04
3.596000000000000000e+04
3.596100000000000000e+04
3.596200000000000000e+04
3.596300000000000000e+04
3.596400000000000000e+04
3.596500000000000000e+04
3.596600000000000000e+04
3.596700000000000000e+04
3.596800000000000000e+04
3.596900000000000000e+04
3.597000000000000000e+04
3.597100000000000000e+04
3.597200000000000000e+04
3.597300000000000000e+04
3.597400000000000000e+04
3.597500000000000000e+04
3.597600000000000000e+04
3.597700000000000000e+04
3.597800000000000000e+04
3.597900000000000000e+04
3.598000000000000000e+04
3.598100000000000000e+04
3.598200000000000000e+04
3.598300000000000000e+04
3.598400000000000000e+04
3.598500000000000000e+04
3.598600000000000000e+04
3.598700000000000000e+04
3.598800000000000000e+04
3.598900000000000000e+04
3.599000000000000000e+04
3.599100000000000000e+04
3.599200000000000000e+04
3.599300000000000000e+04
3.599400000000000000e+04
3.599500000000000000e+04
3.735700000000000000e+04
3.735800000000000000e+04
3.735900000000000000e+04
3.736000000000000000e+04
3.736100000000000000e+04
3.736200000000000000e+04
3.736300000000000000e+04
3.736400000000000000e+04
3.736500000000000000e+04
3.736700000000000000e+04
3.736900000000000000e+04
3.737000000000000000e+04
3.737100000000000000e+04
3.737200000000000000e+04
3.737300000000000000e+04
3.737400000000000000e+04
3.738300000000000000e+04
3.738400000000000000e+04
3.738500000000000000e+04
3.738600000000000000e+04
3.738800000000000000e+04
3.738900000000000000e+04
3.739000000000000000e+04
3.739200000000000000e+04
3.739300000000000000e+04
3.739400000000000000e+04
3.739500000000000000e+04
3.739600000000000000e+04
3.739700000000000000e+04
3.739800000000000000e+04
3.739900000000000000e+04
3.740000000000000000e+04
3.740100000000000000e+04
3.740200000000000000e+04
3.740400000000000000e+04
3.740500000000000000e+04
3.740600000000000000e+04
3.740700000000000000e+04
3.740800000000000000e+04
3.740900000000000000e+04
3.741000000000000000e+04
3.741200000000000000e+04
3.741300000000000000e+04
3.741400000000000000e+04
3.741500000000000000e+04
3.741600000000000000e+04
3.741700000000000000e+04
3.741800000000000000e+04
3.742000000000000000e+04
3.742100000000000000e+04
3.742200000000000000e+04
3.742300000000000000e+04
3.742400000000000000e+04
3.742500000000000000e+04
3.742600000000000000e+04
3.742700000000000000e+04
3.742800000000000000e+04
3.742900000000000000e+04
3.743000000000000000e+04
3.743100000000000000e+04
3.743200000000000000e+04
3.743300000000000000e+04
3.743400000000000000e+04
3.743500000000000000e+04
3.743600000000000000e+04
3.743700000000000000e+04
3.743800000000000000e+04
3.743900000000000000e+04
3.744000000000000000e+04
3.744100000000000000e+04
3.744200000000000000e+04
3.744300000000000000e+04
3.744400000000000000e+04
3.744500000000000000e+04
3.744600000000000000e+04
3.744700000000000000e+04
3.744800000000000000e+04
3.744900000000000000e+04
3.745000000000000000e+04
3.745100000000000000e+04
3.745200000000000000e+04
3.745300000000000000e+04
3.745400000000000000e+04
3.745500000000000000e+04
3.745600000000000000e+04
3.745700000000000000e+04
3.745800000000000000e+04
3.745900000000000000e+04
3.746000000000000000e+04
3.746100000000000000e+04
3.746200000000000000e+04
3.746300000000000000e+04
3.746400000000000000e+04
3.746500000000000000e+04
3.746600000000000000e+04
3.746700000000000000e+04
3.746800000000000000e+04
3.746900000000000000e+04
3.747000000000000000e+04
3.747100000000000000e+04
3.747200000000000000e+04
3.747300000000000000e+04
3.747400000000000000e+04
3.747500000000000000e+04
3.747600000000000000e+04
3.747700000000000000e+04
3.747800000000000000e+04
3.747900000000000000e+04
3.748000000000000000e+04
3.748100000000000000e+04
3.748200000000000000e+04
3.748300000000000000e+04
3.748400000000000000e+04
3.748500000000000000e+04
3.748600000000000000e+04
3.748700000000000000e+04
3.748800000000000000e+04
3.748900000000000000e+04
3.749000000000000000e+04
3.749100000000000000e+04
3.749200000000000000e+04
3.749300000000000000e+04
3.749400000000000000e+04
3.749500000000000000e+04
3.749600000000000000e+04
3.749700000000000000e+04
3.749800000000000000e+04
3.749900000000000000e+04
3.750000000000000000e+04
3.750100000000000000e+04
3.750200000000000000e+04
3.750300000000000000e+04
3.750400000000000000e+04
3.750500000000000000e+04
3.750600000000000000e+04
3.750700000000000000e+04
3.750800000000000000e+04
3.750900000000000000e+04
3.751000000000000000e+04
3.751100000000000000e+04
3.751200000000000000e+04
3.751300000000000000e+04
3.751400000000000000e+04
3.751500000000000000e+04
3.751600000000000000e+04
3.751700000000000000e+04
3.751800000000000000e+04
3.751900000000000000e+04
3.752000000000000000e+04
3.752100000000000000e+04
3.752200000000000000e+04
3.752300000000000000e+04
3.752400000000000000e+04
3.752500000000000000e+04
3.752600000000000000e+04
3.752700000000000000e+04
3.752800000000000000e+04
3.752900000000000000e+04
3.753000000000000000e+04
3.753100000000000000e+04
3.753200000000000000e+04
3.753300000000000000e+04
3.753400000000000000e+04
3.753500000000000000e+04
3.753600000000000000e+04
3.753700000000000000e+04
3.753800000000000000e+04
3.753900000000000000e+04
3.754000000000000000e+04
3.754100000000000000e+04
3.754200000000000000e+04
3.754300000000000000e+04
3.754400000000000000e+04
3.754500000000000000e+04
3.754600000000000000e+04
3.754700000000000000e+04
3.754800000000000000e+04
3.754900000000000000e+04
3.755000000000000000e+04
3.755100000000000000e+04
3.755200000000000000e+04
3.755300000000000000e+04
3.755400000000000000e+04
3.755500000000000000e+04
3.755600000000000000e+04
3.755700000000000000e+04
3.755800000000000000e+04
3.755900000000000000e+04
3.756000000000000000e+04
3.756100000000000000e+04
3.756200000000000000e+04
3.756300000000000000e+04
3.756400000000000000e+04
3.756500000000000000e+04
3.756600000000000000e+04
3.756700000000000000e+04
3.756800000000000000e+04
3.756900000000000000e+04
3.757000000000000000e+04
3.757100000000000000e+04
3.757200000000000000e+04
3.757300000000000000e+04
3.757400000000000000e+04
3.757500000000000000e+04
3.757600000000000000e+04
3.757700000000000000e+04
3.757800000000000000e+04
3.757900000000000000e+04
3.758000000000000000e+04
3.758100000000000000e+04
3.758200000000000000e+04
3.758300000000000000e+04
3.758400000000000000e+04
3.758500000000000000e+04
3.758600000000000000e+04
3.758700000000000000e+04
3.758800000000000000e+04
3.758900000000000000e+04
3.759000000000000000e+04
3.759100000000000000e+04
3.759200000000000000e+04
3.759300000000000000e+04
3.759400000000000000e+04
3.759500000000000000e+04
3.759600000000000000e+04
3.759700000000000000e+04
3.759800000000000000e+04
3.759900000000000000e+04
3.760000000000000000e+04
3.760100000000000000e+04
3.760200000000000000e+04
3.760300000000000000e+04
3.760400000000000000e+04
3.760500000000000000e+04
3.760600000000000000e+04
3.760700000000000000e+04
3.760800000000000000e+04
3.760900000000000000e+04
3.761000000000000000e+04
3.761100000000000000e+04
3.761200000000000000e+04
3.761300000000000000e+04
3.761400000000000000e+04
3.761500000000000000e+04
3.761600000000000000e+04
3.761700000000000000e+04
3.761800000000000000e+04
3.761900000000000000e+04
3.762000000000000000e+04
3.762100000000000000e+04
3.762200000000000000e+04
3.762300000000000000e+04
3.762400000000000000e+04
3.762500000000000000e+04
3.762600000000000000e+04
3.762700000000000000e+04
3.762800000000000000e+04
3.762900000000000000e+04
3.763000000000000000e+04
3.763100000000000000e+04
3.763200000000000000e+04
3.763300000000000000e+04
3.763400000000000000e+04
3.763500000000000000e+04
3.763600000000000000e+04
3.763700000000000000e+04
3.763800000000000000e+04
3.763900000000000000e+04
3.764000000000000000e+04
3.764100000000000000e+04
3.764200000000000000e+04
3.764300000000000000e+04
3.764400000000000000e+04
3.764500000000000000e+04
3.764600000000000000e+04
3.764700000000000000e+04
3.764800000000000000e+04
3.764900000000000000e+04
3.765000000000000000e+04
3.765100000000000000e+04
3.765200000000000000e+04
3.765300000000000000e+04
3.765400000000000000e+04
3.765500000000000000e+04
3.765600000000000000e+04
3.765700000000000000e+04
3.765800000000000000e+04
3.765900000000000000e+04
3.766000000000000000e+04
3.766100000000000000e+04
3.766200000000000000e+04
3.766300000000000000e+04
3.766400000000000000e+04
3.766500000000000000e+04
3.766600000000000000e+04
3.766700000000000000e+04
3.766800000000000000e+04
3.766900000000000000e+04
3.767000000000000000e+04
3.767100000000000000e+04
3.767200000000000000e+04
3.767300000000000000e+04
3.767400000000000000e+04
3.767500000000000000e+04
3.767600000000000000e+04
3.767700000000000000e+04
3.767800000000000000e+04
3.767900000000000000e+04
3.768000000000000000e+04
3.768100000000000000e+04
3.768200000000000000e+04
3.768300000000000000e+04
3.768400000000000000e+04
3.768500000000000000e+04
3.768600000000000000e+04
3.768700000000000000e+04
3.768800000000000000e+04
3.768900000000000000e+04
3.769000000000000000e+04
3.769100000000000000e+04
3.769200000000000000e+04
3.769300000000000000e+04
3.769400000000000000e+04
3.769500000000000000e+04
3.769600000000000000e+04
3.769700000000000000e+04
3.769800000000000000e+04
3.769900000000000000e+04
3.770000000000000000e+04
3.770100000000000000e+04
3.770200000000000000e+04
3.770300000000000000e+04
3.770400000000000000e+04
3.770500000000000000e+04
3.770600000000000000e+04
3.770700000000000000e+04
3.770800000000000000e+04
3.770900000000000000e+04
3.771000000000000000e+04
3.771100000000000000e+04
3.771200000000000000e+04
3.771300000000000000e+04
3.771400000000000000e+04
3.771500000000000000e+04
3.771600000000000000e+04
3.771700000000000000e+04
3.771800000000000000e+04
3.954200000000000000e+04
3.954300000000000000e+04
3.954400000000000000e+04
3.954500000000000000e+04
3.954600000000000000e+04
3.954700000000000000e+04
3.954800000000000000e+04
3.954900000000000000e+04
3.955000000000000000e+04
3.955100000000000000e+04
3.955200000000000000e+04
3.955300000000000000e+04
3.955400000000000000e+04
3.955500000000000000e+04
3.955600000000000000e+04
3.955700000000000000e+04
3.955800000000000000e+04
3.955900000000000000e+04
3.956000000000000000e+04
3.956100000000000000e+04
3.956200000000000000e+04
3.956300000000000000e+04
3.956400000000000000e+04
3.956500000000000000e+04
3.956600000000000000e+04
3.956700000000000000e+04
3.956800000000000000e+04
3.956900000000000000e+04
3.957000000000000000e+04
3.957100000000000000e+04
3.957200000000000000e+04
3.957300000000000000e+04
3.957400000000000000e+04
3.957500000000000000e+04
3.957600000000000000e+04
3.957700000000000000e+04
3.957800000000000000e+04
3.957900000000000000e+04
3.958000000000000000e+04
3.958100000000000000e+04
3.958200000000000000e+04
3.958300000000000000e+04
3.958400000000000000e+04
3.958500000000000000e+04
3.958600000000000000e+04
3.958700000000000000e+04
3.958800000000000000e+04
3.958900000000000000e+04
3.959000000000000000e+04
3.959100000000000000e+04
3.959200000000000000e+04
3.959300000000000000e+04
3.959400000000000000e+04
3.959500000000000000e+04
3.959600000000000000e+04
3.959700000000000000e+04
3.959800000000000000e+04
3.959900000000000000e+04
3.960000000000000000e+04
3.960100000000000000e+04
3.960200000000000000e+04
3.960300000000000000e+04
3.960400000000000000e+04
3.960500000000000000e+04
3.960600000000000000e+04
3.960700000000000000e+04
3.960800000000000000e+04
3.960900000000000000e+04
3.961000000000000000e+04
3.961100000000000000e+04
3.961200000000000000e+04
3.961300000000000000e+04
3.961400000000000000e+04
3.961500000000000000e+04
3.961600000000000000e+04
3.961700000000000000e+04
3.961800000000000000e+04
3.961900000000000000e+04
3.962000000000000000e+04
3.962100000000000000e+04
3.962200000000000000e+04
3.962300000000000000e+04
3.962400000000000000e+04
3.962500000000000000e+04
3.962600000000000000e+04
3.962700000000000000e+04
3.962800000000000000e+04
3.962900000000000000e+04
3.963000000000000000e+04
3.963100000000000000e+04
3.963200000000000000e+04
3.963300000000000000e+04
3.963400000000000000e+04
3.963500000000000000e+04
3.963600000000000000e+04
3.963700000000000000e+04
3.963800000000000000e+04
3.963900000000000000e+04
3.964200000000000000e+04
3.964300000000000000e+04
3.991800000000000000e+04
3.992000000000000000e+04
3.992200000000000000e+04
3.992300000000000000e+04
3.992400000000000000e+04
3.992600000000000000e+04
3.992700000000000000e+04
3.992800000000000000e+04
3.993000000000000000e+04
3.993100000000000000e+04
3.993200000000000000e+04
3.993300000000000000e+04
3.993400000000000000e+04
3.993500000000000000e+04
3.993600000000000000e+04
3.993700000000000000e+04
3.993800000000000000e+04
3.993900000000000000e+04
3.994000000000000000e+04
3.994100000000000000e+04
3.994200000000000000e+04
3.994300000000000000e+04
3.994400000000000000e+04
3.994500000000000000e+04
3.994600000000000000e+04
3.994700000000000000e+04
3.994800000000000000e+04
3.994900000000000000e+04
3.995000000000000000e+04
3.995100000000000000e+04
3.995200000000000000e+04
3.995300000000000000e+04
3.995400000000000000e+04
3.995500000000000000e+04
3.995600000000000000e+04
3.995700000000000000e+04
3.995800000000000000e+04
3.995900000000000000e+04
3.996000000000000000e+04
3.996100000000000000e+04
3.996200000000000000e+04
3.996300000000000000e+04
3.996400000000000000e+04
3.996500000000000000e+04
3.996600000000000000e+04
3.996700000000000000e+04
3.996800000000000000e+04
3.996900000000000000e+04
3.997000000000000000e+04
3.997100000000000000e+04
3.997200000000000000e+04
3.997300000000000000e+04
3.997400000000000000e+04
3.997500000000000000e+04
3.997600000000000000e+04
3.997700000000000000e+04
3.997800000000000000e+04
3.997900000000000000e+04
3.998000000000000000e+04
3.998100000000000000e+04
3.998200000000000000e+04
3.998300000000000000e+04
3.998400000000000000e+04
3.998500000000000000e+04
3.998600000000000000e+04
3.998700000000000000e+04
3.998800000000000000e+04
3.998900000000000000e+04
3.999000000000000000e+04
3.999100000000000000e+04
3.999200000000000000e+04
3.999300000000000000e+04
3.999400000000000000e+04
3.999500000000000000e+04
3.999600000000000000e+04
3.999700000000000000e+04
3.999800000000000000e+04
3.999900000000000000e+04
4.000000000000000000e+04
4.000100000000000000e+04
4.000200000000000000e+04
4.000300000000000000e+04
4.000400000000000000e+04
4.000500000000000000e+04
4.000600000000000000e+04
4.000700000000000000e+04
4.000800000000000000e+04
4.000900000000000000e+04
4.001000000000000000e+04
4.001100000000000000e+04
4.001200000000000000e+04
4.001300000000000000e+04
4.001400000000000000e+04
4.001500000000000000e+04
4.001600000000000000e+04
4.001700000000000000e+04
4.001800000000000000e+04
4.001900000000000000e+04
4.002000000000000000e+04
4.786800000000000000e+04
4.787100000000000000e+04
4.787200000000000000e+04
4.787300000000000000e+04
4.787400000000000000e+04
4.787500000000000000e+04
4.787600000000000000e+04
4.787700000000000000e+04
4.787800000000000000e+04
4.787900000000000000e+04
4.788000000000000000e+04
4.788100000000000000e+04
4.788200000000000000e+04
4.788300000000000000e+04
4.788400000000000000e+04
4.788500000000000000e+04
4.788800000000000000e+04
4.789200000000000000e+04
4.793200000000000000e+04
4.911000000000000000e+04
4.911400000000000000e+04
4.911600000000000000e+04
4.911700000000000000e+04
4.911800000000000000e+04
4.911900000000000000e+04
4.912000000000000000e+04
4.912100000000000000e+04
4.912200000000000000e+04
4.912300000000000000e+04
4.912400000000000000e+04
4.912500000000000000e+04
4.912600000000000000e+04
4.912700000000000000e+04
4.912800000000000000e+04
4.912900000000000000e+04
4.913000000000000000e+04
4.913100000000000000e+04
4.913200000000000000e+04
4.913300000000000000e+04
4.913400000000000000e+04
4.913500000000000000e+04
4.913600000000000000e+04
4.913700000000000000e+04
4.913800000000000000e+04
4.914200000000000000e+04
4.914600000000000000e+04
5.117900000000000000e+04
5.118000000000000000e+04
5.118100000000000000e+04
5.118200000000000000e+04
5.118300000000000000e+04
5.118400000000000000e+04
5.118500000000000000e+04
5.118600000000000000e+04
5.118700000000000000e+04
5.118800000000000000e+04
5.118900000000000000e+04
5.119000000000000000e+04
5.119100000000000000e+04
5.119200000000000000e+04
5.119300000000000000e+04
5.119400000000000000e+04
5.119500000000000000e+04
5.119600000000000000e+04
5.119700000000000000e+04
5.119800000000000000e+04
5.119900000000000000e+04
5.120000000000000000e+04
5.120100000000000000e+04
5.120200000000000000e+04
5.120300000000000000e+04
5.120400000000000000e+04
5.120500000000000000e+04
5.120600000000000000e+04
5.120700000000000000e+04
5.120800000000000000e+04
5.120900000000000000e+04
5.121000000000000000e+04
5.121100000000000000e+04
5.121200000000000000e+04
5.121300000000000000e+04
5.121400000000000000e+04
5.121500000000000000e+04
5.121600000000000000e+04
5.121700000000000000e+04
5.121800000000000000e+04
5.121900000000000000e+04
5.122000000000000000e+04
5.122100000000000000e+04
5.122200000000000000e+04
5.122300000000000000e+04
5.122400000000000000e+04
5.122500000000000000e+04
5.122600000000000000e+04
5.122700000000000000e+04
5.122800000000000000e+04
5.122900000000000000e+04
5.123000000000000000e+04
5.123100000000000000e+04
5.123200000000000000e+04
5.123300000000000000e+04
5.123400000000000000e+04
5.123500000000000000e+04
5.123600000000000000e+04
5.123700000000000000e+04
5.123800000000000000e+04
5.123900000000000000e+04
5.124000000000000000e+04
5.124100000000000000e+04
5.124200000000000000e+04
5.124300000000000000e+04
5.124400000000000000e+04
5.124500000000000000e+04
5.124600000000000000e+04
5.124700000000000000e+04
5.124800000000000000e+04
5.124900000000000000e+04
5.125000000000000000e+04
5.125100000000000000e+04
5.125200000000000000e+04
5.125300000000000000e+04
5.125500000000000000e+04
5.125600000000000000e+04
5.125700000000000000e+04
5.125900000000000000e+04
5.126000000000000000e+04
5.126100000000000000e+04
5.126300000000000000e+04
5.126400000000000000e+04
5.126500000000000000e+04
5.126700000000000000e+04
5.126800000000000000e+04
5.126900000000000000e+04
5.127000000000000000e+04
5.127100000000000000e+04
5.127200000000000000e+04
5.127300000000000000e+04
5.127400000000000000e+04
5.127500000000000000e+04
5.127600000000000000e+04
5.127700000000000000e+04
5.127900000000000000e+04
5.142100000000000000e+04
5.142200000000000000e+04
5.142300000000000000e+04
5.142400000000000000e+04
5.142500000000000000e+04
5.142600000000000000e+04
5.142700000000000000e+04
5.142800000000000000e+04
5.142900000000000000e+04
5.143000000000000000e+04
5.143100000000000000e+04
5.143200000000000000e+04
5.143300000000000000e+04
5.143400000000000000e+04
5.143500000000000000e+04
5.143600000000000000e+04
5.143700000000000000e+04
5.143800000000000000e+04
5.143900000000000000e+04
5.144000000000000000e+04
5.144100000000000000e+04
5.144200000000000000e+04
5.144300000000000000e+04
5.144400000000000000e+04
5.144500000000000000e+04
5.144600000000000000e+04
5.144700000000000000e+04
5.144800000000000000e+04
5.144900000000000000e+04
5.145000000000000000e+04
5.145100000000000000e+04
5.145200000000000000e+04
5.145300000000000000e+04
5.145400000000000000e+04
5.145500000000000000e+04
5.145600000000000000e+04
5.145700000000000000e+04
5.145800000000000000e+04
5.145900000000000000e+04
5.146000000000000000e+04
5.146100000000000000e+04
5.146200000000000000e+04
5.146300000000000000e+04
5.146400000000000000e+04
5.146500000000000000e+04
5.146600000000000000e+04
5.146700000000000000e+04
5.146800000000000000e+04
5.146900000000000000e+04
5.147000000000000000e+04
5.147100000000000000e+04
5.147200000000000000e+04
5.147300000000000000e+04
5.147400000000000000e+04
5.147500000000000000e+04
5.147600000000000000e+04
5.147700000000000000e+04
5.147800000000000000e+04
5.147900000000000000e+04
5.148000000000000000e+04
5.148100000000000000e+04
5.148200000000000000e+04
5.148300000000000000e+04
5.148400000000000000e+04
5.148500000000000000e+04
5.148600000000000000e+04
5.148700000000000000e+04
5.148800000000000000e+04
5.149000000000000000e+04
5.149100000000000000e+04
5.149400000000000000e+04
5.149800000000000000e+04
5.150200000000000000e+04
5.150600000000000000e+04
5.168800000000000000e+04
5.169000000000000000e+04
5.169100000000000000e+04
5.169200000000000000e+04
5.169300000000000000e+04
5.169400000000000000e+04
5.169500000000000000e+04
5.169600000000000000e+04
5.169700000000000000e+04
5.169800000000000000e+04
5.169900000000000000e+04
5.170000000000000000e+04
5.170100000000000000e+04
5.170200000000000000e+04
5.170300000000000000e+04
5.170400000000000000e+04
5.170500000000000000e+04
5.170700000000000000e+04
5.170800000000000000e+04
5.170900000000000000e+04
5.171000000000000000e+04
5.171100000000000000e+04
5.171200000000000000e+04
5.171300000000000000e+04
5.171400000000000000e+04
5.171500000000000000e+04
5.171600000000000000e+04
5.171700000000000000e+04
5.171900000000000000e+04
5.172100000000000000e+04
5.281300000000000000e+04
5.281500000000000000e+04
5.281900000000000000e+04
5.283700000000000000e+04
5.284100000000000000e+04
5.284300000000000000e+04
5.284400000000000000e+04
5.284500000000000000e+04
5.284700000000000000e+04
5.284800000000000000e+04
5.284900000000000000e+04
5.285100000000000000e+04
5.285200000000000000e+04
5.285300000000000000e+04
5.285500000000000000e+04
5.285600000000000000e+04
5.285700000000000000e+04
5.285900000000000000e+04
5.286100000000000000e+04
5.292900000000000000e+04
5.293000000000000000e+04
5.293100000000000000e+04
5.293200000000000000e+04
5.293300000000000000e+04
5.293400000000000000e+04
5.293500000000000000e+04
5.293600000000000000e+04
5.293700000000000000e+04
5.293800000000000000e+04
5.293900000000000000e+04
5.294000000000000000e+04
5.294100000000000000e+04
5.294200000000000000e+04
5.294300000000000000e+04
5.294400000000000000e+04
5.294500000000000000e+04
5.294600000000000000e+04
5.294700000000000000e+04
5.294800000000000000e+04
5.294900000000000000e+04
5.295000000000000000e+04
5.295100000000000000e+04
5.295200000000000000e+04
5.295300000000000000e+04
5.295400000000000000e+04
5.295500000000000000e+04
5.295600000000000000e+04
5.295700000000000000e+04
5.295800000000000000e+04
5.295900000000000000e+04
5.296000000000000000e+04
5.296100000000000000e+04
5.296200000000000000e+04
5.296300000000000000e+04
5.296400000000000000e+04
5.296500000000000000e+04
5.296600000000000000e+04
5.296700000000000000e+04
5.296800000000000000e+04
5.296900000000000000e+04
5.297000000000000000e+04
5.297100000000000000e+04
5.297200000000000000e+04
5.297300000000000000e+04
5.297400000000000000e+04
5.297500000000000000e+04
5.297600000000000000e+04
5.297700000000000000e+04
5.297800000000000000e+04
5.297900000000000000e+04
5.298000000000000000e+04
5.298100000000000000e+04
5.298200000000000000e+04
5.298300000000000000e+04
5.298400000000000000e+04
5.298500000000000000e+04
5.298600000000000000e+04
5.298700000000000000e+04
5.298800000000000000e+04
5.298900000000000000e+04
5.299000000000000000e+04
5.299100000000000000e+04
5.299200000000000000e+04
5.299300000000000000e+04
5.299400000000000000e+04
5.299500000000000000e+04
5.299600000000000000e+04
5.299700000000000000e+04
5.299800000000000000e+04
5.299900000000000000e+04
5.300000000000000000e+04
5.300100000000000000e+04
5.300200000000000000e+04
5.300300000000000000e+04
5.300400000000000000e+04
5.300500000000000000e+04
5.300600000000000000e+04
5.300700000000000000e+04
5.300800000000000000e+04
5.300900000000000000e+04
5.301000000000000000e+04
5.301100000000000000e+04
5.301200000000000000e+04
5.301300000000000000e+04
5.301400000000000000e+04
5.301500000000000000e+04
5.301600000000000000e+04
5.301700000000000000e+04
5.301800000000000000e+04
5.301900000000000000e+04
5.302000000000000000e+04
5.302100000000000000e+04
5.302200000000000000e+04
5.302300000000000000e+04
5.302400000000000000e+04
5.302500000000000000e+04
5.302600000000000000e+04
5.302700000000000000e+04
5.302800000000000000e+04
5.302900000000000000e+04
5.303000000000000000e+04
5.303100000000000000e+04
5.303200000000000000e+04
5.303300000000000000e+04
5.303400000000000000e+04
5.303500000000000000e+04
5.303600000000000000e+04
5.303700000000000000e+04
5.303800000000000000e+04
5.303900000000000000e+04
5.304000000000000000e+04
5.304100000000000000e+04
5.304200000000000000e+04
5.304300000000000000e+04
5.304400000000000000e+04
5.304500000000000000e+04
5.304600000000000000e+04
5.304700000000000000e+04
5.304800000000000000e+04
5.304900000000000000e+04
5.305000000000000000e+04
5.305100000000000000e+04
5.305200000000000000e+04
5.305300000000000000e+04
5.305400000000000000e+04
5.305500000000000000e+04
5.305600000000000000e+04
5.305700000000000000e+04
5.305800000000000000e+04
5.305900000000000000e+04
5.306000000000000000e+04
5.306100000000000000e+04
5.306200000000000000e+04
5.306300000000000000e+04
5.306400000000000000e+04
5.306500000000000000e+04
5.306600000000000000e+04
5.306700000000000000e+04
5.306800000000000000e+04
5.306900000000000000e+04
5.307000000000000000e+04
5.307100000000000000e+04
5.307200000000000000e+04
5.307300000000000000e+04
5.307400000000000000e+04
5.307500000000000000e+04
5.307600000000000000e+04
5.307700000000000000e+04
5.307800000000000000e+04
5.307900000000000000e+04
5.308000000000000000e+04
5.308100000000000000e+04
5.308200000000000000e+04
5.308300000000000000e+04
5.308400000000000000e+04
5.308500000000000000e+04
5.308600000000000000e+04
5.308700000000000000e+04
5.308800000000000000e+04
5.308900000000000000e+04
5.309000000000000000e+04
5.309100000000000000e+04
5.309200000000000000e+04
5.309300000000000000e+04
5.309400000000000000e+04
5.309500000000000000e+04
5.309600000000000000e+04
5.309700000000000000e+04
5.309800000000000000e+04
5.309900000000000000e+04
5.310000000000000000e+04
5.310100000000000000e+04
5.310200000000000000e+04
5.310300000000000000e+04
5.310400000000000000e+04
5.310500000000000000e+04
5.310600000000000000e+04
5.310700000000000000e+04
5.310800000000000000e+04
5.310900000000000000e+04
5.311000000000000000e+04
5.311100000000000000e+04
5.311200000000000000e+04
5.311300000000000000e+04
5.311400000000000000e+04
5.311500000000000000e+04
5.311600000000000000e+04
5.311700000000000000e+04
5.311800000000000000e+04
5.311900000000000000e+04
5.312000000000000000e+04
5.312100000000000000e+04
5.312200000000000000e+04
5.312300000000000000e+04
5.312400000000000000e+04
5.312500000000000000e+04
5.312600000000000000e+04
5.312700000000000000e+04
5.312800000000000000e+04
5.312900000000000000e+04
5.313000000000000000e+04
5.313100000000000000e+04
5.313200000000000000e+04
5.313300000000000000e+04
5.313400000000000000e+04
5.313500000000000000e+04
5.313600000000000000e+04
5.313700000000000000e+04
5.313800000000000000e+04
5.313900000000000000e+04
5.314000000000000000e+04
5.314100000000000000e+04
5.314200000000000000e+04
5.314300000000000000e+04
5.314400000000000000e+04
5.314500000000000000e+04
5.314600000000000000e+04
5.314700000000000000e+04
5.314800000000000000e+04
5.314900000000000000e+04
5.315000000000000000e+04
5.315100000000000000e+04
5.315200000000000000e+04
5.315300000000000000e+04
5.315400000000000000e+04
5.315500000000000000e+04
5.315600000000000000e+04
5.315700000000000000e+04
5.315800000000000000e+04
5.315900000000000000e+04
5.316000000000000000e+04
5.316100000000000000e+04
5.316200000000000000e+04
5.316300000000000000e+04
5.316400000000000000e+04
5.316500000000000000e+04
5.316600000000000000e+04
5.316700000000000000e+04
5.316800000000000000e+04
5.316900000000000000e+04
5.317000000000000000e+04
5.317100000000000000e+04
5.317200000000000000e+04
5.317300000000000000e+04
5.317400000000000000e+04
5.317500000000000000e+04
5.317600000000000000e+04
5.317700000000000000e+04
5.317800000000000000e+04
5.317900000000000000e+04
5.318000000000000000e+04
5.318100000000000000e+04
5.318200000000000000e+04
5.318300000000000000e+04
5.318400000000000000e+04
5.320100000000000000e+04
5.320200000000000000e+04
5.320300000000000000e+04
5.320400000000000000e+04
5.320600000000000000e+04
5.320700000000000000e+04
5.320800000000000000e+04
5.321000000000000000e+04
5.321100000000000000e+04
5.321200000000000000e+04
5.321600000000000000e+04
5.322000000000000000e+04
5.322400000000000000e+04
5.322800000000000000e+04
5.323200000000000000e+04
5.323600000000000000e+04
5.323800000000000000e+04
5.324000000000000000e+04
5.324200000000000000e+04
5.324300000000000000e+04
5.324400000000000000e+04
5.324600000000000000e+04
5.324700000000000000e+04
5.324800000000000000e+04
5.325000000000000000e+04
5.325100000000000000e+04
5.325200000000000000e+04
5.325600000000000000e+04
5.569200000000000000e+04
5.569400000000000000e+04
5.569500000000000000e+04
5.569600000000000000e+04
5.569700000000000000e+04
5.569800000000000000e+04
5.569900000000000000e+04
5.570000000000000000e+04
5.570100000000000000e+04
5.570200000000000000e+04
5.570300000000000000e+04
5.570400000000000000e+04
5.570500000000000000e+04
5.570600000000000000e+04
5.570700000000000000e+04
5.570800000000000000e+04
5.570900000000000000e+04
5.571000000000000000e+04
5.571100000000000000e+04
5.571200000000000000e+04
5.571300000000000000e+04
5.571400000000000000e+04
5.571500000000000000e+04
5.571600000000000000e+04
5.571700000000000000e+04
5.571800000000000000e+04
5.571900000000000000e+04
5.572000000000000000e+04
5.572100000000000000e+04
5.572200000000000000e+04
5.572300000000000000e+04
5.572400000000000000e+04
5.610400000000000000e+04
5.639000000000000000e+04
5.639200000000000000e+04
5.639300000000000000e+04
5.639400000000000000e+04
5.639500000000000000e+04
5.639600000000000000e+04
5.639700000000000000e+04
5.639800000000000000e+04
5.639900000000000000e+04
5.640000000000000000e+04
5.640100000000000000e+04
5.640200000000000000e+04
5.640300000000000000e+04
5.640400000000000000e+04
5.640500000000000000e+04
5.640600000000000000e+04
5.640700000000000000e+04
5.640800000000000000e+04
5.640900000000000000e+04
5.641000000000000000e+04
5.641100000000000000e+04
5.641200000000000000e+04
5.641300000000000000e+04
5.641400000000000000e+04
5.641500000000000000e+04
5.641600000000000000e+04
5.641700000000000000e+04
5.641800000000000000e+04
5.641900000000000000e+04
5.642000000000000000e+04
5.642100000000000000e+04
5.642200000000000000e+04
5.642300000000000000e+04
5.642400000000000000e+04
5.642500000000000000e+04
5.642600000000000000e+04
5.642700000000000000e+04
5.642800000000000000e+04
5.642900000000000000e+04
5.643000000000000000e+04
5.643100000000000000e+04
5.643200000000000000e+04
5.643300000000000000e+04
5.643400000000000000e+04
5.643500000000000000e+04
5.643600000000000000e+04
5.643700000000000000e+04
5.643800000000000000e+04
5.643900000000000000e+04
5.644000000000000000e+04
5.644100000000000000e+04
5.644200000000000000e+04
5.644400000000000000e+04
5.644500000000000000e+04
5.644600000000000000e+04
5.644800000000000000e+04
5.644900000000000000e+04
5.645000000000000000e+04
5.645100000000000000e+04
5.645200000000000000e+04
5.645300000000000000e+04
5.645400000000000000e+04
5.645500000000000000e+04
5.645600000000000000e+04
5.645700000000000000e+04
5.645800000000000000e+04
5.645900000000000000e+04
5.646000000000000000e+04
5.646100000000000000e+04
5.646200000000000000e+04
5.646300000000000000e+04
5.646400000000000000e+04
5.646600000000000000e+04
5.646700000000000000e+04
5.646800000000000000e+04
5.646900000000000000e+04
5.647000000000000000e+04
5.647100000000000000e+04
5.647200000000000000e+04
5.647300000000000000e+04
5.647400000000000000e+04
5.647500000000000000e+04
5.647600000000000000e+04
5.647700000000000000e+04
5.647800000000000000e+04
5.647900000000000000e+04
5.648000000000000000e+04
5.648100000000000000e+04
5.648200000000000000e+04
5.648300000000000000e+04
5.648400000000000000e+04
5.648500000000000000e+04
5.648600000000000000e+04
5.648700000000000000e+04
5.648800000000000000e+04
5.648900000000000000e+04
5.649000000000000000e+04
5.649100000000000000e+04
5.649200000000000000e+04
5.649300000000000000e+04
5.649400000000000000e+04
5.649500000000000000e+04
5.649600000000000000e+04
5.649700000000000000e+04
5.649800000000000000e+04
5.649900000000000000e+04
5.650000000000000000e+04
5.650100000000000000e+04
5.650200000000000000e+04
5.650300000000000000e+04
5.650400000000000000e+04
5.650500000000000000e+04
5.650600000000000000e+04
5.650700000000000000e+04
5.650800000000000000e+04
5.650900000000000000e+04
5.651000000000000000e+04
5.651100000000000000e+04
5.651200000000000000e+04
5.651300000000000000e+04
5.651400000000000000e+04
5.651500000000000000e+04
5.651600000000000000e+04
5.651700000000000000e+04
5.651800000000000000e+04
5.651900000000000000e+04
5.652000000000000000e+04
5.652100000000000000e+04
5.652200000000000000e+04
5.652300000000000000e+04
5.652400000000000000e+04
5.652500000000000000e+04
5.652600000000000000e+04
5.652700000000000000e+04
5.652800000000000000e+04
5.652900000000000000e+04
5.653000000000000000e+04
5.653100000000000000e+04
5.653200000000000000e+04
5.653300000000000000e+04
5.653400000000000000e+04
5.653500000000000000e+04
5.653600000000000000e+04
5.653700000000000000e+04
5.653800000000000000e+04
5.653900000000000000e+04
5.654000000000000000e+04
5.654100000000000000e+04
5.654200000000000000e+04
5.654300000000000000e+04
5.654400000000000000e+04
5.654500000000000000e+04
5.654600000000000000e+04
5.654700000000000000e+04
5.654800000000000000e+04
5.654900000000000000e+04
5.655000000000000000e+04
5.655100000000000000e+04
5.655200000000000000e+04
5.655300000000000000e+04
5.655400000000000000e+04
5.655500000000000000e+04
5.655600000000000000e+04
5.655700000000000000e+04
5.655800000000000000e+04
5.655900000000000000e+04
5.656000000000000000e+04
5.656100000000000000e+04
5.656200000000000000e+04
5.656300000000000000e+04
5.656400000000000000e+04
5.656500000000000000e+04
5.656600000000000000e+04
5.656700000000000000e+04
5.656800000000000000e+04
5.656900000000000000e+04
5.657000000000000000e+04
5.657100000000000000e+04
5.657200000000000000e+04
5.657300000000000000e+04
5.657400000000000000e+04
5.657500000000000000e+04
5.657600000000000000e+04
5.657700000000000000e+04
5.657800000000000000e+04
5.657900000000000000e+04
5.658000000000000000e+04
5.658100000000000000e+04
5.658200000000000000e+04
5.658300000000000000e+04
5.658400000000000000e+04
5.658500000000000000e+04
5.658600000000000000e+04
5.658700000000000000e+04
5.658800000000000000e+04
5.658900000000000000e+04
5.659000000000000000e+04
5.659100000000000000e+04
5.659200000000000000e+04
5.659300000000000000e+04
5.659400000000000000e+04
5.659500000000000000e+04
5.659600000000000000e+04
5.659700000000000000e+04
5.659800000000000000e+04
5.659900000000000000e+04
5.660000000000000000e+04
5.660100000000000000e+04
5.660200000000000000e+04
5.660300000000000000e+04
5.660400000000000000e+04
5.660500000000000000e+04
5.660600000000000000e+04
5.660700000000000000e+04
5.660800000000000000e+04
5.660900000000000000e+04
5.661000000000000000e+04
5.661100000000000000e+04
5.661200000000000000e+04
5.661300000000000000e+04
5.661400000000000000e+04
5.661500000000000000e+04
5.661600000000000000e+04
5.661700000000000000e+04
5.661800000000000000e+04
5.661900000000000000e+04
5.662000000000000000e+04
5.662100000000000000e+04
5.662200000000000000e+04
5.662300000000000000e+04
5.662400000000000000e+04
5.662500000000000000e+04
5.662600000000000000e+04
5.662700000000000000e+04
5.662800000000000000e+04
5.662900000000000000e+04
5.663000000000000000e+04
5.663100000000000000e+04
5.663200000000000000e+04
5.663300000000000000e+04
5.663400000000000000e+04
5.663500000000000000e+04
5.663600000000000000e+04
5.663700000000000000e+04
5.663800000000000000e+04
5.663900000000000000e+04
5.664000000000000000e+04
5.664100000000000000e+04
5.664200000000000000e+04
5.664300000000000000e+04
5.664400000000000000e+04
5.664500000000000000e+04
5.664600000000000000e+04
5.664700000000000000e+04
5.664800000000000000e+04
5.664900000000000000e+04
5.665000000000000000e+04
5.665100000000000000e+04
5.665200000000000000e+04
5.665300000000000000e+04
5.665400000000000000e+04
5.665500000000000000e+04
5.665600000000000000e+04
5.665700000000000000e+04
5.665800000000000000e+04
5.665900000000000000e+04
5.666000000000000000e+04
5.666100000000000000e+04
5.666200000000000000e+04
5.666300000000000000e+04
5.666400000000000000e+04
5.666500000000000000e+04
5.666600000000000000e+04
5.666700000000000000e+04
5.666800000000000000e+04
5.666900000000000000e+04
5.667000000000000000e+04
5.667100000000000000e+04
5.667200000000000000e+04
5.667300000000000000e+04
5.667400000000000000e+04
5.667500000000000000e+04
5.667600000000000000e+04
5.667700000000000000e+04
5.667800000000000000e+04
5.667900000000000000e+04
5.668000000000000000e+04
5.668100000000000000e+04
5.668300000000000000e+04
