2.278100000000000000e+04
2.278500000000000000e+04
2.278900000000000000e+04
2.279300000000000000e+04
2.279400000000000000e+04
2.279500000000000000e+04
2.279600000000000000e+04
2.279700000000000000e+04
2.279800000000000000e+04
2.279900000000000000e+04
2.280000000000000000e+04
2.280100000000000000e+04
2.280200000000000000e+04
2.280300000000000000e+04
2.280400000000000000e+04
2.280500000000000000e+04
2.280600000000000000e+04
2.280700000000000000e+04
2.280800000000000000e+04
2.280900000000000000e+04
2.281000000000000000e+04
2.281100000000000000e+04
2.281200000000000000e+04
2.281300000000000000e+04
2.281400000000000000e+04
2.281500000000000000e+04
2.281600000000000000e+04
2.281700000000000000e+04
2.282100000000000000e+04
2.282500000000000000e+04
2.282900000000000000e+04
2.283300000000000000e+04
2.283400000000000000e+04
2.283500000000000000e+04
2.283600000000000000e+04
2.283700000000000000e+04
2.283800000000000000e+04
2.284100000000000000e+04
2.284500000000000000e+04
2.284900000000000000e+04
