5.040000000000000000e+03
5.044000000000000000e+03
5.052000000000000000e+03
5.056000000000000000e+03
5.060000000000000000e+03
5.064000000000000000e+03
5.072000000000000000e+03
5.216000000000000000e+03
6.485000000000000000e+03
7.310000000000000000e+03
7.311000000000000000e+03
7.313000000000000000e+03
7.399000000000000000e+03
7.400000000000000000e+03
7.401000000000000000e+03
7.402000000000000000e+03
7.403000000000000000e+03
9.672000000000000000e+03
1.053300000000000000e+04
1.580600000000000000e+04
1.612400000000000000e+04
1.644800000000000000e+04
1.644900000000000000e+04
1.645000000000000000e+04
1.645200000000000000e+04
1.696800000000000000e+04
1.715400000000000000e+04
1.715500000000000000e+04
1.715600000000000000e+04
1.715700000000000000e+04
1.715800000000000000e+04
1.715900000000000000e+04
1.716000000000000000e+04
1.716100000000000000e+04
1.716200000000000000e+04
1.716300000000000000e+04
1.716400000000000000e+04
1.716500000000000000e+04
1.716600000000000000e+04
1.716700000000000000e+04
1.716800000000000000e+04
1.716900000000000000e+04
1.717000000000000000e+04
1.717100000000000000e+04
1.717200000000000000e+04
1.717300000000000000e+04
1.717400000000000000e+04
1.717500000000000000e+04
1.717600000000000000e+04
1.717700000000000000e+04
1.717800000000000000e+04
1.717900000000000000e+04
1.718000000000000000e+04
1.718100000000000000e+04
1.718200000000000000e+04
1.718300000000000000e+04
1.718400000000000000e+04
1.718500000000000000e+04
1.718600000000000000e+04
1.718700000000000000e+04
1.718800000000000000e+04
1.718900000000000000e+04
1.719000000000000000e+04
1.719100000000000000e+04
1.719200000000000000e+04
1.719300000000000000e+04
1.719400000000000000e+04
1.719500000000000000e+04
1.719600000000000000e+04
1.719700000000000000e+04
1.719800000000000000e+04
1.719900000000000000e+04
1.720000000000000000e+04
1.720100000000000000e+04
1.720200000000000000e+04
1.720300000000000000e+04
1.720400000000000000e+04
1.720500000000000000e+04
1.720600000000000000e+04
1.720700000000000000e+04
1.720800000000000000e+04
1.720900000000000000e+04
1.721000000000000000e+04
1.721100000000000000e+04
1.721200000000000000e+04
1.734500000000000000e+04
1.829700000000000000e+04
1.829800000000000000e+04
1.851000000000000000e+04
1.851100000000000000e+04
1.851200000000000000e+04
1.851300000000000000e+04
1.851400000000000000e+04
1.851600000000000000e+04
1.877100000000000000e+04
1.980200000000000000e+04
1.980600000000000000e+04
1.982200000000000000e+04
1.982700000000000000e+04
1.982800000000000000e+04
1.982900000000000000e+04
1.999800000000000000e+04
2.005000000000000000e+04
2.005200000000000000e+04
2.008100000000000000e+04
2.016500000000000000e+04
2.016900000000000000e+04
2.017100000000000000e+04
2.017200000000000000e+04
2.017300000000000000e+04
2.017400000000000000e+04
2.017500000000000000e+04
2.017600000000000000e+04
2.017700000000000000e+04
2.023400000000000000e+04
2.023500000000000000e+04
2.056700000000000000e+04
2.056800000000000000e+04
2.056900000000000000e+04
2.057000000000000000e+04
2.057100000000000000e+04
2.060000000000000000e+04
2.075900000000000000e+04
2.076200000000000000e+04
2.076300000000000000e+04
2.085500000000000000e+04
2.085600000000000000e+04
2.132300000000000000e+04
2.136500000000000000e+04
2.136600000000000000e+04
2.136800000000000000e+04
2.136900000000000000e+04
2.143100000000000000e+04
2.143200000000000000e+04
2.143300000000000000e+04
2.144100000000000000e+04
2.145800000000000000e+04
2.145900000000000000e+04
2.146000000000000000e+04
2.146100000000000000e+04
2.146200000000000000e+04
2.146300000000000000e+04
2.146400000000000000e+04
2.146500000000000000e+04
2.358800000000000000e+04
2.359000000000000000e+04
2.368400000000000000e+04
2.371500000000000000e+04
2.600300000000000000e+04
