3.589000000000000000e+03
3.590000000000000000e+03
3.592000000000000000e+03
3.593000000000000000e+03
3.594000000000000000e+03
3.595000000000000000e+03
3.596000000000000000e+03
3.597000000000000000e+03
3.598000000000000000e+03
3.599000000000000000e+03
3.600000000000000000e+03
3.601000000000000000e+03
3.602000000000000000e+03
3.603000000000000000e+03
3.604000000000000000e+03
3.605000000000000000e+03
3.606000000000000000e+03
3.607000000000000000e+03
3.608000000000000000e+03
3.609000000000000000e+03
3.610000000000000000e+03
3.611000000000000000e+03
4.552000000000000000e+03
4.553000000000000000e+03
4.554000000000000000e+03
4.555000000000000000e+03
4.556000000000000000e+03
4.557000000000000000e+03
4.558000000000000000e+03
4.559000000000000000e+03
4.560000000000000000e+03
4.561000000000000000e+03
4.562000000000000000e+03
4.563000000000000000e+03
4.564000000000000000e+03
4.565000000000000000e+03
4.566000000000000000e+03
4.567000000000000000e+03
4.568000000000000000e+03
4.569000000000000000e+03
4.570000000000000000e+03
4.571000000000000000e+03
4.572000000000000000e+03
4.573000000000000000e+03
4.574000000000000000e+03
4.575000000000000000e+03
4.576000000000000000e+03
4.577000000000000000e+03
4.578000000000000000e+03
4.579000000000000000e+03
4.580000000000000000e+03
4.581000000000000000e+03
4.582000000000000000e+03
4.583000000000000000e+03
4.584000000000000000e+03
4.585000000000000000e+03
4.586000000000000000e+03
4.587000000000000000e+03
4.588000000000000000e+03
4.589000000000000000e+03
4.590000000000000000e+03
4.591000000000000000e+03
4.592000000000000000e+03
4.593000000000000000e+03
4.594000000000000000e+03
4.595000000000000000e+03
4.596000000000000000e+03
4.597000000000000000e+03
4.598000000000000000e+03
4.599000000000000000e+03
4.600000000000000000e+03
4.601000000000000000e+03
4.602000000000000000e+03
4.603000000000000000e+03
4.604000000000000000e+03
4.605000000000000000e+03
4.606000000000000000e+03
4.607000000000000000e+03
4.608000000000000000e+03
4.609000000000000000e+03
