6.406900000000000000e+04
6.407100000000000000e+04
6.407200000000000000e+04
6.407300000000000000e+04
6.407400000000000000e+04
6.407500000000000000e+04
6.407600000000000000e+04
6.407700000000000000e+04
6.407900000000000000e+04
6.408000000000000000e+04
6.408100000000000000e+04
6.408200000000000000e+04
6.408300000000000000e+04
6.408400000000000000e+04
6.408500000000000000e+04
6.408600000000000000e+04
6.408700000000000000e+04
6.408800000000000000e+04
6.408900000000000000e+04
6.409000000000000000e+04
6.409100000000000000e+04
6.409200000000000000e+04
6.409300000000000000e+04
6.409400000000000000e+04
6.409500000000000000e+04
6.409600000000000000e+04
6.409700000000000000e+04
6.409800000000000000e+04
6.409900000000000000e+04
6.410000000000000000e+04
6.410100000000000000e+04
6.410200000000000000e+04
6.410300000000000000e+04
6.410400000000000000e+04
6.410500000000000000e+04
6.410600000000000000e+04
6.410700000000000000e+04
6.410800000000000000e+04
6.410900000000000000e+04
6.411000000000000000e+04
6.411100000000000000e+04
6.411200000000000000e+04
6.411300000000000000e+04
6.411400000000000000e+04
6.411500000000000000e+04
6.411600000000000000e+04
6.411700000000000000e+04
6.411800000000000000e+04
7.495800000000000000e+04
7.495900000000000000e+04
7.522100000000000000e+04
7.522200000000000000e+04
7.522300000000000000e+04
7.522400000000000000e+04
7.522500000000000000e+04
7.522600000000000000e+04
7.522700000000000000e+04
7.522800000000000000e+04
7.522900000000000000e+04
7.523000000000000000e+04
7.523100000000000000e+04
7.523200000000000000e+04
7.523300000000000000e+04
7.523400000000000000e+04
7.523500000000000000e+04
7.523600000000000000e+04
7.523700000000000000e+04
7.523800000000000000e+04
7.523900000000000000e+04
7.524000000000000000e+04
7.524100000000000000e+04
7.524200000000000000e+04
7.524300000000000000e+04
7.524400000000000000e+04
7.524500000000000000e+04
7.524600000000000000e+04
7.524700000000000000e+04
7.524800000000000000e+04
7.524900000000000000e+04
7.525000000000000000e+04
7.525100000000000000e+04
7.525200000000000000e+04
7.525300000000000000e+04
7.525400000000000000e+04
7.525500000000000000e+04
7.525600000000000000e+04
7.525700000000000000e+04
7.525800000000000000e+04
7.525900000000000000e+04
7.526000000000000000e+04
7.526100000000000000e+04
7.526200000000000000e+04
7.526300000000000000e+04
7.526400000000000000e+04
7.526500000000000000e+04
7.526600000000000000e+04
7.526700000000000000e+04
7.526800000000000000e+04
7.526900000000000000e+04
7.527000000000000000e+04
7.527100000000000000e+04
7.527200000000000000e+04
7.527300000000000000e+04
7.527400000000000000e+04
7.527500000000000000e+04
7.527600000000000000e+04
7.527700000000000000e+04
7.527800000000000000e+04
7.527900000000000000e+04
7.528000000000000000e+04
7.528100000000000000e+04
7.528200000000000000e+04
7.528300000000000000e+04
7.528400000000000000e+04
7.528500000000000000e+04
7.528600000000000000e+04
7.528700000000000000e+04
7.528800000000000000e+04
7.528900000000000000e+04
7.529000000000000000e+04
7.529100000000000000e+04
7.529200000000000000e+04
7.529300000000000000e+04
7.529400000000000000e+04
7.529500000000000000e+04
7.529600000000000000e+04
7.529700000000000000e+04
7.529800000000000000e+04
7.529900000000000000e+04
7.530000000000000000e+04
7.530200000000000000e+04
7.530400000000000000e+04
7.530600000000000000e+04
7.532000000000000000e+04
7.532200000000000000e+04
7.532400000000000000e+04
7.532600000000000000e+04
9.052000000000000000e+04
9.052100000000000000e+04
9.052200000000000000e+04
9.052300000000000000e+04
9.052400000000000000e+04
9.052500000000000000e+04
9.052600000000000000e+04
9.052700000000000000e+04
9.052800000000000000e+04
9.052900000000000000e+04
9.053000000000000000e+04
9.053100000000000000e+04
9.053200000000000000e+04
9.053300000000000000e+04
9.053400000000000000e+04
9.053500000000000000e+04
9.053600000000000000e+04
9.053700000000000000e+04
9.053800000000000000e+04
9.053900000000000000e+04
9.054000000000000000e+04
9.054100000000000000e+04
9.054200000000000000e+04
9.054300000000000000e+04
9.054400000000000000e+04
9.054500000000000000e+04
9.054600000000000000e+04
9.054700000000000000e+04
9.054800000000000000e+04
9.054900000000000000e+04
9.055000000000000000e+04
9.055100000000000000e+04
9.055200000000000000e+04
9.055300000000000000e+04
9.055400000000000000e+04
9.055500000000000000e+04
9.055600000000000000e+04
9.055700000000000000e+04
9.055800000000000000e+04
9.055900000000000000e+04
9.056000000000000000e+04
9.056100000000000000e+04
9.056200000000000000e+04
9.056300000000000000e+04
9.056400000000000000e+04
9.056500000000000000e+04
9.056600000000000000e+04
9.056700000000000000e+04
9.056800000000000000e+04
9.056900000000000000e+04
9.057000000000000000e+04
9.057100000000000000e+04
9.057200000000000000e+04
9.057300000000000000e+04
9.057400000000000000e+04
9.057500000000000000e+04
9.057600000000000000e+04
9.057700000000000000e+04
9.057800000000000000e+04
9.057900000000000000e+04
9.058000000000000000e+04
9.058100000000000000e+04
9.058200000000000000e+04
9.058300000000000000e+04
9.058400000000000000e+04
9.058500000000000000e+04
9.058600000000000000e+04
9.058700000000000000e+04
9.058800000000000000e+04
9.058900000000000000e+04
9.059000000000000000e+04
9.059100000000000000e+04
9.059200000000000000e+04
9.059300000000000000e+04
9.059400000000000000e+04
9.059500000000000000e+04
9.059600000000000000e+04
9.059700000000000000e+04
9.059800000000000000e+04
9.059900000000000000e+04
9.060000000000000000e+04
9.060100000000000000e+04
9.060200000000000000e+04
9.060300000000000000e+04
9.060400000000000000e+04
9.060500000000000000e+04
9.060600000000000000e+04
9.060700000000000000e+04
9.060800000000000000e+04
9.060900000000000000e+04
9.061000000000000000e+04
9.061100000000000000e+04
9.061200000000000000e+04
9.674300000000000000e+04
9.674400000000000000e+04
9.674600000000000000e+04
9.674700000000000000e+04
9.674800000000000000e+04
9.674900000000000000e+04
9.675000000000000000e+04
9.675100000000000000e+04
9.675200000000000000e+04
9.675300000000000000e+04
9.675400000000000000e+04
9.675500000000000000e+04
9.675600000000000000e+04
9.675700000000000000e+04
9.675800000000000000e+04
9.675900000000000000e+04
9.676000000000000000e+04
9.676100000000000000e+04
9.676200000000000000e+04
9.676300000000000000e+04
9.676400000000000000e+04
9.676500000000000000e+04
9.676600000000000000e+04
9.676700000000000000e+04
9.676800000000000000e+04
9.676900000000000000e+04
9.677000000000000000e+04
9.677100000000000000e+04
9.677200000000000000e+04
9.677300000000000000e+04
9.677400000000000000e+04
9.677500000000000000e+04
9.677600000000000000e+04
9.677700000000000000e+04
9.677800000000000000e+04
9.677900000000000000e+04
9.678000000000000000e+04
9.678100000000000000e+04
9.678200000000000000e+04
9.678300000000000000e+04
9.678400000000000000e+04
9.678500000000000000e+04
9.678600000000000000e+04
9.678700000000000000e+04
9.678800000000000000e+04
9.678900000000000000e+04
9.679000000000000000e+04
9.679100000000000000e+04
9.679200000000000000e+04
9.679300000000000000e+04
9.679400000000000000e+04
9.679500000000000000e+04
9.679600000000000000e+04
9.679700000000000000e+04
9.679800000000000000e+04
9.679900000000000000e+04
9.680000000000000000e+04
9.680100000000000000e+04
9.680200000000000000e+04
9.680300000000000000e+04
9.680400000000000000e+04
9.680500000000000000e+04
9.680600000000000000e+04
9.680700000000000000e+04
9.680800000000000000e+04
9.680900000000000000e+04
9.681000000000000000e+04
9.681100000000000000e+04
9.681200000000000000e+04
9.681300000000000000e+04
9.681400000000000000e+04
9.681500000000000000e+04
9.681600000000000000e+04
9.681700000000000000e+04
9.681800000000000000e+04
9.681900000000000000e+04
9.682000000000000000e+04
9.682100000000000000e+04
9.682200000000000000e+04
9.682300000000000000e+04
9.682400000000000000e+04
9.682500000000000000e+04
9.682600000000000000e+04
9.682700000000000000e+04
9.682800000000000000e+04
9.682900000000000000e+04
9.683000000000000000e+04
