3.945000000000000000e+03
5.043000000000000000e+03
5.055000000000000000e+03
5.058000000000000000e+03
5.059000000000000000e+03
5.062000000000000000e+03
5.063000000000000000e+03
6.020000000000000000e+03
6.024000000000000000e+03
6.140000000000000000e+03
6.141000000000000000e+03
6.142000000000000000e+03
6.144000000000000000e+03
6.148000000000000000e+03
6.150000000000000000e+03
6.152000000000000000e+03
6.153000000000000000e+03
6.154000000000000000e+03
6.155000000000000000e+03
6.156000000000000000e+03
6.157000000000000000e+03
6.158000000000000000e+03
6.159000000000000000e+03
6.160000000000000000e+03
6.161000000000000000e+03
6.162000000000000000e+03
6.164000000000000000e+03
7.114000000000000000e+03
7.115000000000000000e+03
7.116000000000000000e+03
7.117000000000000000e+03
7.118000000000000000e+03
7.119000000000000000e+03
7.121000000000000000e+03
7.122000000000000000e+03
7.123000000000000000e+03
7.131000000000000000e+03
7.135000000000000000e+03
