3.135000000000000000e+03
3.139000000000000000e+03
3.141000000000000000e+03
3.143000000000000000e+03
3.145000000000000000e+03
3.147000000000000000e+03
3.151000000000000000e+03
3.155000000000000000e+03
3.159000000000000000e+03
3.995000000000000000e+03
3.996000000000000000e+03
3.997000000000000000e+03
3.998000000000000000e+03
3.999000000000000000e+03
4.000000000000000000e+03
4.001000000000000000e+03
4.002000000000000000e+03
4.003000000000000000e+03
4.004000000000000000e+03
4.005000000000000000e+03
4.006000000000000000e+03
4.007000000000000000e+03
4.008000000000000000e+03
4.009000000000000000e+03
4.010000000000000000e+03
4.011000000000000000e+03
4.012000000000000000e+03
4.013000000000000000e+03
4.014000000000000000e+03
4.015000000000000000e+03
4.016000000000000000e+03
4.017000000000000000e+03
4.018000000000000000e+03
4.019000000000000000e+03
4.020000000000000000e+03
4.021000000000000000e+03
4.022000000000000000e+03
4.023000000000000000e+03
4.025000000000000000e+03
4.234000000000000000e+03
4.322000000000000000e+03
4.324000000000000000e+03
4.326000000000000000e+03
4.328000000000000000e+03
4.330000000000000000e+03
4.332000000000000000e+03
4.334000000000000000e+03
4.335000000000000000e+03
4.336000000000000000e+03
4.338000000000000000e+03
4.339000000000000000e+03
4.340000000000000000e+03
4.346000000000000000e+03
4.347000000000000000e+03
4.350000000000000000e+03
4.351000000000000000e+03
4.352000000000000000e+03
4.353000000000000000e+03
4.354000000000000000e+03
4.355000000000000000e+03
4.542000000000000000e+03
4.544000000000000000e+03
4.546000000000000000e+03
4.548000000000000000e+03
4.550000000000000000e+03
4.665000000000000000e+03
4.669000000000000000e+03
5.508000000000000000e+03
5.677000000000000000e+03
5.678000000000000000e+03
5.679000000000000000e+03
5.680000000000000000e+03
5.681000000000000000e+03
5.682000000000000000e+03
5.683000000000000000e+03
5.684000000000000000e+03
5.685000000000000000e+03
5.686000000000000000e+03
5.687000000000000000e+03
5.688000000000000000e+03
5.689000000000000000e+03
5.690000000000000000e+03
5.691000000000000000e+03
5.692000000000000000e+03
5.693000000000000000e+03
5.694000000000000000e+03
5.695000000000000000e+03
5.696000000000000000e+03
5.697000000000000000e+03
5.698000000000000000e+03
5.699000000000000000e+03
5.700000000000000000e+03
5.701000000000000000e+03
5.702000000000000000e+03
5.703000000000000000e+03
5.704000000000000000e+03
5.705000000000000000e+03
5.706000000000000000e+03
5.707000000000000000e+03
5.708000000000000000e+03
5.709000000000000000e+03
5.710000000000000000e+03
5.711000000000000000e+03
5.712000000000000000e+03
5.713000000000000000e+03
5.714000000000000000e+03
5.715000000000000000e+03
5.716000000000000000e+03
5.717000000000000000e+03
5.718000000000000000e+03
5.719000000000000000e+03
5.720000000000000000e+03
5.721000000000000000e+03
5.722000000000000000e+03
5.723000000000000000e+03
5.725000000000000000e+03
5.726000000000000000e+03
5.727000000000000000e+03
5.728000000000000000e+03
5.729000000000000000e+03
5.730000000000000000e+03
5.731000000000000000e+03
5.732000000000000000e+03
5.733000000000000000e+03
5.734000000000000000e+03
5.735000000000000000e+03
5.736000000000000000e+03
5.802000000000000000e+03
5.803000000000000000e+03
5.804000000000000000e+03
5.805000000000000000e+03
5.806000000000000000e+03
5.807000000000000000e+03
5.808000000000000000e+03
5.809000000000000000e+03
5.810000000000000000e+03
5.811000000000000000e+03
5.812000000000000000e+03
5.813000000000000000e+03
5.814000000000000000e+03
5.815000000000000000e+03
5.816000000000000000e+03
5.817000000000000000e+03
5.818000000000000000e+03
5.819000000000000000e+03
5.820000000000000000e+03
5.821000000000000000e+03
5.822000000000000000e+03
5.823000000000000000e+03
5.824000000000000000e+03
5.825000000000000000e+03
5.826000000000000000e+03
5.827000000000000000e+03
5.828000000000000000e+03
5.829000000000000000e+03
5.830000000000000000e+03
5.831000000000000000e+03
5.832000000000000000e+03
5.833000000000000000e+03
5.834000000000000000e+03
5.835000000000000000e+03
5.836000000000000000e+03
5.837000000000000000e+03
5.838000000000000000e+03
5.839000000000000000e+03
5.840000000000000000e+03
5.841000000000000000e+03
5.842000000000000000e+03
5.843000000000000000e+03
5.844000000000000000e+03
5.845000000000000000e+03
5.846000000000000000e+03
5.847000000000000000e+03
5.848000000000000000e+03
5.849000000000000000e+03
5.850000000000000000e+03
5.851000000000000000e+03
5.852000000000000000e+03
5.853000000000000000e+03
5.854000000000000000e+03
5.855000000000000000e+03
5.856000000000000000e+03
5.857000000000000000e+03
5.858000000000000000e+03
5.859000000000000000e+03
5.860000000000000000e+03
5.861000000000000000e+03
5.862000000000000000e+03
5.863000000000000000e+03
5.864000000000000000e+03
5.865000000000000000e+03
5.866000000000000000e+03
5.867000000000000000e+03
5.868000000000000000e+03
5.869000000000000000e+03
5.870000000000000000e+03
5.871000000000000000e+03
5.872000000000000000e+03
5.873000000000000000e+03
5.874000000000000000e+03
5.875000000000000000e+03
5.876000000000000000e+03
5.877000000000000000e+03
5.878000000000000000e+03
5.879000000000000000e+03
5.880000000000000000e+03
5.881000000000000000e+03
5.882000000000000000e+03
5.883000000000000000e+03
5.884000000000000000e+03
5.885000000000000000e+03
5.886000000000000000e+03
5.887000000000000000e+03
5.888000000000000000e+03
5.889000000000000000e+03
5.890000000000000000e+03
5.891000000000000000e+03
5.892000000000000000e+03
5.893000000000000000e+03
5.894000000000000000e+03
5.895000000000000000e+03
5.896000000000000000e+03
5.897000000000000000e+03
5.898000000000000000e+03
5.899000000000000000e+03
5.900000000000000000e+03
5.901000000000000000e+03
5.902000000000000000e+03
5.903000000000000000e+03
5.904000000000000000e+03
5.905000000000000000e+03
5.906000000000000000e+03
5.907000000000000000e+03
5.908000000000000000e+03
5.909000000000000000e+03
5.910000000000000000e+03
5.948000000000000000e+03
5.949000000000000000e+03
5.950000000000000000e+03
5.952000000000000000e+03
5.953000000000000000e+03
5.954000000000000000e+03
5.956000000000000000e+03
5.957000000000000000e+03
5.958000000000000000e+03
5.960000000000000000e+03
5.961000000000000000e+03
5.962000000000000000e+03
5.964000000000000000e+03
5.965000000000000000e+03
5.966000000000000000e+03
5.968000000000000000e+03
5.969000000000000000e+03
5.970000000000000000e+03
5.972000000000000000e+03
5.973000000000000000e+03
5.974000000000000000e+03
5.976000000000000000e+03
5.977000000000000000e+03
5.978000000000000000e+03
5.980000000000000000e+03
5.981000000000000000e+03
5.982000000000000000e+03
6.046000000000000000e+03
6.047000000000000000e+03
6.048000000000000000e+03
6.049000000000000000e+03
6.050000000000000000e+03
6.051000000000000000e+03
6.052000000000000000e+03
6.054000000000000000e+03
6.055000000000000000e+03
6.078000000000000000e+03
6.079000000000000000e+03
6.082000000000000000e+03
6.083000000000000000e+03
6.084000000000000000e+03
6.086000000000000000e+03
6.087000000000000000e+03
6.088000000000000000e+03
6.090000000000000000e+03
6.091000000000000000e+03
6.092000000000000000e+03
6.099000000000000000e+03
6.300000000000000000e+03
6.304000000000000000e+03
6.308000000000000000e+03
6.311000000000000000e+03
6.312000000000000000e+03
6.315000000000000000e+03
6.316000000000000000e+03
6.319000000000000000e+03
6.320000000000000000e+03
6.323000000000000000e+03
6.324000000000000000e+03
6.327000000000000000e+03
6.328000000000000000e+03
6.331000000000000000e+03
6.332000000000000000e+03
6.336000000000000000e+03
6.340000000000000000e+03
6.344000000000000000e+03
6.348000000000000000e+03
6.350000000000000000e+03
6.351000000000000000e+03
