1.595700000000000000e+04
1.596100000000000000e+04
1.596200000000000000e+04
1.596300000000000000e+04
1.596400000000000000e+04
2.271000000000000000e+04
2.271300000000000000e+04
2.271400000000000000e+04
2.271600000000000000e+04
2.271700000000000000e+04
2.271800000000000000e+04
2.271900000000000000e+04
2.272000000000000000e+04
2.272100000000000000e+04
2.272200000000000000e+04
2.272300000000000000e+04
2.272400000000000000e+04
2.272500000000000000e+04
2.272600000000000000e+04
2.272700000000000000e+04
2.272800000000000000e+04
2.272900000000000000e+04
2.273000000000000000e+04
2.273100000000000000e+04
2.273200000000000000e+04
2.273300000000000000e+04
2.273400000000000000e+04
2.273500000000000000e+04
2.273600000000000000e+04
2.273700000000000000e+04
2.273800000000000000e+04
2.273900000000000000e+04
2.274000000000000000e+04
2.274100000000000000e+04
2.274200000000000000e+04
2.274300000000000000e+04
2.274400000000000000e+04
2.274500000000000000e+04
2.274600000000000000e+04
2.274700000000000000e+04
2.274800000000000000e+04
2.274900000000000000e+04
2.275000000000000000e+04
2.572500000000000000e+04
2.572600000000000000e+04
2.572700000000000000e+04
2.572800000000000000e+04
2.572900000000000000e+04
2.573000000000000000e+04
2.573100000000000000e+04
2.573200000000000000e+04
