1.302910000000000000e+05
1.302920000000000000e+05
1.302930000000000000e+05
1.302940000000000000e+05
1.302950000000000000e+05
1.302960000000000000e+05
1.302970000000000000e+05
1.302980000000000000e+05
1.302990000000000000e+05
1.303000000000000000e+05
1.303010000000000000e+05
1.303020000000000000e+05
1.303030000000000000e+05
1.303040000000000000e+05
1.303050000000000000e+05
1.303060000000000000e+05
1.303070000000000000e+05
1.303080000000000000e+05
1.303090000000000000e+05
1.303100000000000000e+05
1.303110000000000000e+05
1.303120000000000000e+05
1.303130000000000000e+05
1.303140000000000000e+05
1.303150000000000000e+05
1.303160000000000000e+05
1.303170000000000000e+05
1.303180000000000000e+05
1.303190000000000000e+05
1.303200000000000000e+05
1.303210000000000000e+05
1.303220000000000000e+05
1.303230000000000000e+05
1.303240000000000000e+05
1.303250000000000000e+05
1.303260000000000000e+05
1.303270000000000000e+05
1.303280000000000000e+05
1.303290000000000000e+05
1.303300000000000000e+05
1.303310000000000000e+05
1.303320000000000000e+05
1.303330000000000000e+05
1.303340000000000000e+05
1.303350000000000000e+05
1.303360000000000000e+05
1.303370000000000000e+05
1.303380000000000000e+05
1.303390000000000000e+05
1.303400000000000000e+05
1.303410000000000000e+05
1.303420000000000000e+05
1.303430000000000000e+05
1.303440000000000000e+05
1.303450000000000000e+05
1.303460000000000000e+05
1.303470000000000000e+05
1.303480000000000000e+05
1.303490000000000000e+05
1.303500000000000000e+05
1.303510000000000000e+05
1.303520000000000000e+05
1.303530000000000000e+05
1.303540000000000000e+05
1.303550000000000000e+05
1.303560000000000000e+05
1.303570000000000000e+05
1.303580000000000000e+05
1.303590000000000000e+05
1.303600000000000000e+05
1.303610000000000000e+05
1.303620000000000000e+05
1.303630000000000000e+05
1.303640000000000000e+05
1.311740000000000000e+05
1.311750000000000000e+05
1.311770000000000000e+05
1.311780000000000000e+05
1.311790000000000000e+05
1.311800000000000000e+05
1.311810000000000000e+05
1.311820000000000000e+05
1.311830000000000000e+05
1.311840000000000000e+05
1.311850000000000000e+05
1.311860000000000000e+05
1.311870000000000000e+05
1.311880000000000000e+05
1.311890000000000000e+05
1.311900000000000000e+05
1.311910000000000000e+05
1.311920000000000000e+05
1.311930000000000000e+05
1.311940000000000000e+05
1.311950000000000000e+05
1.311960000000000000e+05
1.311970000000000000e+05
1.311980000000000000e+05
1.311990000000000000e+05
1.312000000000000000e+05
1.312010000000000000e+05
1.312020000000000000e+05
1.312030000000000000e+05
1.312040000000000000e+05
1.312050000000000000e+05
1.312060000000000000e+05
1.312070000000000000e+05
1.312080000000000000e+05
1.312090000000000000e+05
1.312100000000000000e+05
1.312110000000000000e+05
1.324580000000000000e+05
1.324620000000000000e+05
1.336760000000000000e+05
1.336770000000000000e+05
1.336780000000000000e+05
1.336790000000000000e+05
1.336800000000000000e+05
1.336810000000000000e+05
1.336820000000000000e+05
1.336830000000000000e+05
1.336840000000000000e+05
1.336850000000000000e+05
1.336860000000000000e+05
1.336870000000000000e+05
1.336880000000000000e+05
1.336890000000000000e+05
1.336900000000000000e+05
1.336910000000000000e+05
1.336920000000000000e+05
1.336930000000000000e+05
1.336940000000000000e+05
1.336950000000000000e+05
1.336960000000000000e+05
1.336970000000000000e+05
1.336980000000000000e+05
1.336990000000000000e+05
1.337000000000000000e+05
1.337010000000000000e+05
1.337020000000000000e+05
1.337030000000000000e+05
1.337040000000000000e+05
1.337050000000000000e+05
1.337060000000000000e+05
1.337070000000000000e+05
1.337080000000000000e+05
1.337090000000000000e+05
1.337100000000000000e+05
1.337110000000000000e+05
1.337120000000000000e+05
1.337130000000000000e+05
1.337140000000000000e+05
1.337150000000000000e+05
1.337160000000000000e+05
1.337170000000000000e+05
1.337180000000000000e+05
1.337190000000000000e+05
1.337200000000000000e+05
1.337210000000000000e+05
1.337220000000000000e+05
1.337230000000000000e+05
1.337240000000000000e+05
1.337250000000000000e+05
1.337260000000000000e+05
1.337270000000000000e+05
1.337280000000000000e+05
1.337290000000000000e+05
1.337300000000000000e+05
1.337310000000000000e+05
1.337320000000000000e+05
1.337330000000000000e+05
1.337340000000000000e+05
1.337350000000000000e+05
1.337360000000000000e+05
1.337370000000000000e+05
1.337380000000000000e+05
1.337390000000000000e+05
1.337400000000000000e+05
1.337410000000000000e+05
1.337420000000000000e+05
1.337430000000000000e+05
1.337440000000000000e+05
1.337450000000000000e+05
1.337460000000000000e+05
1.337470000000000000e+05
1.337480000000000000e+05
1.337490000000000000e+05
1.337500000000000000e+05
1.337510000000000000e+05
1.337520000000000000e+05
1.337530000000000000e+05
1.337540000000000000e+05
1.337550000000000000e+05
1.337560000000000000e+05
1.337570000000000000e+05
1.337580000000000000e+05
1.337590000000000000e+05
1.337600000000000000e+05
1.337610000000000000e+05
1.337620000000000000e+05
1.337630000000000000e+05
1.337640000000000000e+05
1.337650000000000000e+05
1.337660000000000000e+05
1.337670000000000000e+05
1.337680000000000000e+05
1.337690000000000000e+05
1.337700000000000000e+05
1.337710000000000000e+05
1.337720000000000000e+05
1.337730000000000000e+05
1.337740000000000000e+05
1.337750000000000000e+05
1.337760000000000000e+05
1.337770000000000000e+05
1.337780000000000000e+05
1.337790000000000000e+05
1.337800000000000000e+05
1.337810000000000000e+05
1.337820000000000000e+05
1.337830000000000000e+05
1.337840000000000000e+05
1.337850000000000000e+05
1.337860000000000000e+05
1.337870000000000000e+05
1.337880000000000000e+05
1.337890000000000000e+05
1.337900000000000000e+05
1.337910000000000000e+05
1.337920000000000000e+05
1.337930000000000000e+05
1.337940000000000000e+05
1.337950000000000000e+05
1.337960000000000000e+05
1.337970000000000000e+05
1.337980000000000000e+05
1.337990000000000000e+05
1.338000000000000000e+05
1.338010000000000000e+05
1.340210000000000000e+05
1.340220000000000000e+05
1.340230000000000000e+05
1.340240000000000000e+05
1.340250000000000000e+05
1.340260000000000000e+05
1.340270000000000000e+05
1.340280000000000000e+05
1.340290000000000000e+05
1.340300000000000000e+05
1.340310000000000000e+05
1.340320000000000000e+05
1.340330000000000000e+05
1.340340000000000000e+05
1.340350000000000000e+05
1.340360000000000000e+05
1.340370000000000000e+05
1.340380000000000000e+05
1.340390000000000000e+05
1.340400000000000000e+05
1.340410000000000000e+05
1.340420000000000000e+05
1.340430000000000000e+05
1.340440000000000000e+05
1.340450000000000000e+05
1.340460000000000000e+05
1.340470000000000000e+05
1.340480000000000000e+05
1.340490000000000000e+05
1.340500000000000000e+05
1.340510000000000000e+05
1.340520000000000000e+05
1.340530000000000000e+05
1.340540000000000000e+05
1.340550000000000000e+05
1.340560000000000000e+05
1.340570000000000000e+05
1.340580000000000000e+05
1.340590000000000000e+05
1.340600000000000000e+05
1.340610000000000000e+05
1.340620000000000000e+05
1.340630000000000000e+05
1.340640000000000000e+05
1.340650000000000000e+05
1.340660000000000000e+05
1.340670000000000000e+05
1.340680000000000000e+05
1.340690000000000000e+05
1.340700000000000000e+05
1.340710000000000000e+05
1.340720000000000000e+05
1.340730000000000000e+05
1.340740000000000000e+05
1.340750000000000000e+05
1.340760000000000000e+05
1.340770000000000000e+05
1.340780000000000000e+05
1.340790000000000000e+05
1.340800000000000000e+05
1.340810000000000000e+05
1.340820000000000000e+05
1.340830000000000000e+05
1.340840000000000000e+05
1.340850000000000000e+05
1.340860000000000000e+05
1.340870000000000000e+05
1.340880000000000000e+05
1.340890000000000000e+05
1.340900000000000000e+05
1.340910000000000000e+05
1.340920000000000000e+05
1.340930000000000000e+05
1.340940000000000000e+05
1.340950000000000000e+05
1.340960000000000000e+05
1.340970000000000000e+05
1.340980000000000000e+05
1.340990000000000000e+05
1.341000000000000000e+05
1.341010000000000000e+05
1.341020000000000000e+05
1.341030000000000000e+05
1.341040000000000000e+05
1.341050000000000000e+05
1.341060000000000000e+05
1.341070000000000000e+05
1.341080000000000000e+05
1.341090000000000000e+05
1.341100000000000000e+05
1.341110000000000000e+05
1.341120000000000000e+05
1.341130000000000000e+05
1.341140000000000000e+05
1.341150000000000000e+05
1.341160000000000000e+05
1.341170000000000000e+05
1.341180000000000000e+05
1.341190000000000000e+05
1.341200000000000000e+05
1.341210000000000000e+05
1.341220000000000000e+05
1.341230000000000000e+05
1.341240000000000000e+05
1.341250000000000000e+05
1.341260000000000000e+05
1.341270000000000000e+05
1.341280000000000000e+05
1.341290000000000000e+05
1.341300000000000000e+05
1.341310000000000000e+05
1.341320000000000000e+05
1.341330000000000000e+05
1.341340000000000000e+05
1.341350000000000000e+05
1.341360000000000000e+05
1.341370000000000000e+05
1.341380000000000000e+05
1.341390000000000000e+05
1.341400000000000000e+05
1.341410000000000000e+05
1.341420000000000000e+05
1.341430000000000000e+05
1.341440000000000000e+05
1.341450000000000000e+05
1.341460000000000000e+05
1.341470000000000000e+05
1.341480000000000000e+05
1.341490000000000000e+05
1.341500000000000000e+05
1.341510000000000000e+05
1.341520000000000000e+05
1.341530000000000000e+05
1.341540000000000000e+05
1.341550000000000000e+05
1.341560000000000000e+05
1.341570000000000000e+05
1.341580000000000000e+05
1.341590000000000000e+05
1.341600000000000000e+05
1.341610000000000000e+05
1.341620000000000000e+05
1.341630000000000000e+05
1.341640000000000000e+05
1.341650000000000000e+05
1.341660000000000000e+05
1.341670000000000000e+05
1.341680000000000000e+05
1.341690000000000000e+05
1.341700000000000000e+05
1.341710000000000000e+05
1.341720000000000000e+05
1.341730000000000000e+05
1.341740000000000000e+05
1.341750000000000000e+05
1.341760000000000000e+05
1.341770000000000000e+05
1.341780000000000000e+05
1.341790000000000000e+05
1.341800000000000000e+05
1.341810000000000000e+05
1.341820000000000000e+05
1.353770000000000000e+05
1.353780000000000000e+05
1.353790000000000000e+05
1.353800000000000000e+05
1.353810000000000000e+05
1.353820000000000000e+05
1.353830000000000000e+05
1.353840000000000000e+05
1.353850000000000000e+05
1.353860000000000000e+05
1.353870000000000000e+05
1.353890000000000000e+05
1.357680000000000000e+05
1.357720000000000000e+05
1.357760000000000000e+05
1.378810000000000000e+05
1.378820000000000000e+05
1.378830000000000000e+05
1.378840000000000000e+05
1.378850000000000000e+05
1.378860000000000000e+05
1.378870000000000000e+05
1.378880000000000000e+05
1.378890000000000000e+05
1.378900000000000000e+05
1.378910000000000000e+05
1.378920000000000000e+05
1.378930000000000000e+05
1.378940000000000000e+05
1.378950000000000000e+05
1.378960000000000000e+05
1.378970000000000000e+05
1.378980000000000000e+05
1.378990000000000000e+05
1.379000000000000000e+05
1.379010000000000000e+05
1.379020000000000000e+05
1.379030000000000000e+05
1.379040000000000000e+05
1.379050000000000000e+05
1.379060000000000000e+05
1.379070000000000000e+05
1.379080000000000000e+05
1.379090000000000000e+05
1.379100000000000000e+05
1.379110000000000000e+05
1.379120000000000000e+05
1.379130000000000000e+05
1.379140000000000000e+05
1.379150000000000000e+05
1.379160000000000000e+05
1.379170000000000000e+05
1.379180000000000000e+05
1.379190000000000000e+05
1.379200000000000000e+05
1.379210000000000000e+05
1.379220000000000000e+05
1.379230000000000000e+05
1.379240000000000000e+05
1.379250000000000000e+05
1.379260000000000000e+05
1.379270000000000000e+05
1.379280000000000000e+05
1.379290000000000000e+05
1.379300000000000000e+05
1.379310000000000000e+05
1.379320000000000000e+05
1.379330000000000000e+05
1.379340000000000000e+05
1.379350000000000000e+05
1.379360000000000000e+05
1.379370000000000000e+05
1.379380000000000000e+05
1.379390000000000000e+05
1.382340000000000000e+05
1.382350000000000000e+05
1.382360000000000000e+05
1.382370000000000000e+05
1.382380000000000000e+05
1.382390000000000000e+05
1.382400000000000000e+05
1.382410000000000000e+05
1.382420000000000000e+05
1.382430000000000000e+05
1.382440000000000000e+05
1.382450000000000000e+05
1.382460000000000000e+05
1.382470000000000000e+05
1.382480000000000000e+05
1.382490000000000000e+05
1.382500000000000000e+05
1.382510000000000000e+05
1.382520000000000000e+05
1.382530000000000000e+05
1.382540000000000000e+05
1.382550000000000000e+05
1.382560000000000000e+05
1.382570000000000000e+05
1.382580000000000000e+05
1.382590000000000000e+05
1.382600000000000000e+05
1.382610000000000000e+05
1.382620000000000000e+05
1.382630000000000000e+05
1.382640000000000000e+05
1.382650000000000000e+05
1.382660000000000000e+05
1.382670000000000000e+05
1.382680000000000000e+05
1.382690000000000000e+05
1.382700000000000000e+05
1.382710000000000000e+05
1.382720000000000000e+05
1.382730000000000000e+05
1.382740000000000000e+05
1.382750000000000000e+05
1.382760000000000000e+05
1.382770000000000000e+05
1.382780000000000000e+05
1.382790000000000000e+05
1.382800000000000000e+05
1.382810000000000000e+05
1.382820000000000000e+05
1.382830000000000000e+05
1.382840000000000000e+05
1.382850000000000000e+05
1.382860000000000000e+05
1.382870000000000000e+05
1.382880000000000000e+05
1.382890000000000000e+05
1.382900000000000000e+05
1.382910000000000000e+05
1.382920000000000000e+05
1.382930000000000000e+05
1.382940000000000000e+05
1.382950000000000000e+05
1.382960000000000000e+05
1.382970000000000000e+05
1.382980000000000000e+05
1.382990000000000000e+05
1.383000000000000000e+05
1.383010000000000000e+05
1.383020000000000000e+05
1.383030000000000000e+05
1.383040000000000000e+05
1.383050000000000000e+05
1.383060000000000000e+05
1.383070000000000000e+05
1.383080000000000000e+05
1.383090000000000000e+05
1.383100000000000000e+05
1.383110000000000000e+05
1.383120000000000000e+05
1.383130000000000000e+05
1.383140000000000000e+05
1.383150000000000000e+05
1.383160000000000000e+05
1.383170000000000000e+05
1.383180000000000000e+05
1.383190000000000000e+05
1.383200000000000000e+05
1.383210000000000000e+05
1.383220000000000000e+05
1.383230000000000000e+05
1.383240000000000000e+05
1.383250000000000000e+05
1.383260000000000000e+05
1.383270000000000000e+05
1.383280000000000000e+05
1.383290000000000000e+05
1.383300000000000000e+05
1.412090000000000000e+05
1.412100000000000000e+05
1.412110000000000000e+05
1.412120000000000000e+05
1.412130000000000000e+05
1.412140000000000000e+05
1.412150000000000000e+05
1.412160000000000000e+05
1.412170000000000000e+05
1.412180000000000000e+05
1.412190000000000000e+05
1.412200000000000000e+05
1.412210000000000000e+05
1.412220000000000000e+05
1.412230000000000000e+05
1.412240000000000000e+05
1.412250000000000000e+05
1.412260000000000000e+05
1.412270000000000000e+05
1.412280000000000000e+05
1.412290000000000000e+05
1.412300000000000000e+05
1.412310000000000000e+05
1.412320000000000000e+05
1.412330000000000000e+05
1.412340000000000000e+05
1.412350000000000000e+05
1.412360000000000000e+05
1.412370000000000000e+05
1.412380000000000000e+05
1.412390000000000000e+05
1.412400000000000000e+05
1.412410000000000000e+05
1.449620000000000000e+05
1.449630000000000000e+05
1.449640000000000000e+05
1.449650000000000000e+05
1.449660000000000000e+05
1.449670000000000000e+05
1.449680000000000000e+05
1.449690000000000000e+05
1.449700000000000000e+05
1.449710000000000000e+05
1.449720000000000000e+05
1.449730000000000000e+05
1.449740000000000000e+05
1.449750000000000000e+05
1.449760000000000000e+05
1.449770000000000000e+05
1.449780000000000000e+05
1.449790000000000000e+05
1.449800000000000000e+05
1.449810000000000000e+05
1.449820000000000000e+05
1.449830000000000000e+05
1.449840000000000000e+05
1.449850000000000000e+05
1.449860000000000000e+05
1.449870000000000000e+05
1.449880000000000000e+05
1.449890000000000000e+05
1.449900000000000000e+05
1.449910000000000000e+05
1.449920000000000000e+05
1.449930000000000000e+05
1.449940000000000000e+05
1.449950000000000000e+05
1.449960000000000000e+05
1.449970000000000000e+05
1.449980000000000000e+05
1.449990000000000000e+05
1.450000000000000000e+05
1.450010000000000000e+05
1.450020000000000000e+05
1.450030000000000000e+05
1.450040000000000000e+05
1.450050000000000000e+05
1.450060000000000000e+05
1.450070000000000000e+05
