2.878000000000000000e+03
2.879000000000000000e+03
2.880000000000000000e+03
2.881000000000000000e+03
2.883000000000000000e+03
2.884000000000000000e+03
2.885000000000000000e+03
2.886000000000000000e+03
2.888000000000000000e+03
3.111000000000000000e+03
3.112000000000000000e+03
3.113000000000000000e+03
3.116000000000000000e+03
3.119000000000000000e+03
3.120000000000000000e+03
3.124000000000000000e+03
3.125000000000000000e+03
3.127000000000000000e+03
3.128000000000000000e+03
3.129000000000000000e+03
3.132000000000000000e+03
3.133000000000000000e+03
3.136000000000000000e+03
3.140000000000000000e+03
5.681000000000000000e+03
5.684000000000000000e+03
5.685000000000000000e+03
5.688000000000000000e+03
5.689000000000000000e+03
5.692000000000000000e+03
5.693000000000000000e+03
5.696000000000000000e+03
5.697000000000000000e+03
5.701000000000000000e+03
5.802000000000000000e+03
5.803000000000000000e+03
5.804000000000000000e+03
5.805000000000000000e+03
5.806000000000000000e+03
5.807000000000000000e+03
5.808000000000000000e+03
5.809000000000000000e+03
5.810000000000000000e+03
5.811000000000000000e+03
5.812000000000000000e+03
5.813000000000000000e+03
5.814000000000000000e+03
5.815000000000000000e+03
5.816000000000000000e+03
5.817000000000000000e+03
5.818000000000000000e+03
5.819000000000000000e+03
5.820000000000000000e+03
5.821000000000000000e+03
5.822000000000000000e+03
5.823000000000000000e+03
5.824000000000000000e+03
5.825000000000000000e+03
5.826000000000000000e+03
5.827000000000000000e+03
5.828000000000000000e+03
5.829000000000000000e+03
5.830000000000000000e+03
5.831000000000000000e+03
5.832000000000000000e+03
5.833000000000000000e+03
5.834000000000000000e+03
5.835000000000000000e+03
5.836000000000000000e+03
5.837000000000000000e+03
5.838000000000000000e+03
5.839000000000000000e+03
5.840000000000000000e+03
5.841000000000000000e+03
5.842000000000000000e+03
5.843000000000000000e+03
5.844000000000000000e+03
5.845000000000000000e+03
5.846000000000000000e+03
5.847000000000000000e+03
5.848000000000000000e+03
5.849000000000000000e+03
5.850000000000000000e+03
5.851000000000000000e+03
5.852000000000000000e+03
5.853000000000000000e+03
5.854000000000000000e+03
5.855000000000000000e+03
5.856000000000000000e+03
5.857000000000000000e+03
5.858000000000000000e+03
5.859000000000000000e+03
5.860000000000000000e+03
5.861000000000000000e+03
5.862000000000000000e+03
5.863000000000000000e+03
5.864000000000000000e+03
5.865000000000000000e+03
5.866000000000000000e+03
5.867000000000000000e+03
5.868000000000000000e+03
5.869000000000000000e+03
5.870000000000000000e+03
5.871000000000000000e+03
5.872000000000000000e+03
5.873000000000000000e+03
5.874000000000000000e+03
5.875000000000000000e+03
5.876000000000000000e+03
5.877000000000000000e+03
5.878000000000000000e+03
5.879000000000000000e+03
5.880000000000000000e+03
5.881000000000000000e+03
5.882000000000000000e+03
5.883000000000000000e+03
5.884000000000000000e+03
5.885000000000000000e+03
5.886000000000000000e+03
5.887000000000000000e+03
5.888000000000000000e+03
5.889000000000000000e+03
5.890000000000000000e+03
5.891000000000000000e+03
5.892000000000000000e+03
5.893000000000000000e+03
5.894000000000000000e+03
5.895000000000000000e+03
5.896000000000000000e+03
5.897000000000000000e+03
5.898000000000000000e+03
5.899000000000000000e+03
5.930000000000000000e+03
5.932000000000000000e+03
5.934000000000000000e+03
5.936000000000000000e+03
5.938000000000000000e+03
5.940000000000000000e+03
5.941000000000000000e+03
5.942000000000000000e+03
5.944000000000000000e+03
5.945000000000000000e+03
5.946000000000000000e+03
5.948000000000000000e+03
5.949000000000000000e+03
5.950000000000000000e+03
5.952000000000000000e+03
5.954000000000000000e+03
5.956000000000000000e+03
5.958000000000000000e+03
5.962000000000000000e+03
6.048000000000000000e+03
6.049000000000000000e+03
6.050000000000000000e+03
6.051000000000000000e+03
6.052000000000000000e+03
6.053000000000000000e+03
6.054000000000000000e+03
6.304000000000000000e+03
6.312000000000000000e+03
