5.471000000000000000e+03
5.603000000000000000e+03
5.607000000000000000e+03
5.611000000000000000e+03
5.615000000000000000e+03
5.619000000000000000e+03
5.623000000000000000e+03
5.624000000000000000e+03
5.627000000000000000e+03
5.628000000000000000e+03
5.631000000000000000e+03
5.632000000000000000e+03
5.633000000000000000e+03
5.634000000000000000e+03
5.635000000000000000e+03
5.636000000000000000e+03
5.637000000000000000e+03
5.638000000000000000e+03
5.639000000000000000e+03
5.640000000000000000e+03
5.641000000000000000e+03
5.642000000000000000e+03
5.643000000000000000e+03
5.644000000000000000e+03
5.645000000000000000e+03
5.646000000000000000e+03
5.647000000000000000e+03
5.648000000000000000e+03
5.649000000000000000e+03
5.650000000000000000e+03
5.651000000000000000e+03
5.652000000000000000e+03
5.653000000000000000e+03
5.656000000000000000e+03
5.657000000000000000e+03
5.658000000000000000e+03
5.659000000000000000e+03
5.660000000000000000e+03
5.661000000000000000e+03
5.662000000000000000e+03
5.663000000000000000e+03
5.667000000000000000e+03
5.668000000000000000e+03
5.669000000000000000e+03
5.670000000000000000e+03
5.671000000000000000e+03
5.672000000000000000e+03
5.673000000000000000e+03
5.674000000000000000e+03
5.675000000000000000e+03
5.676000000000000000e+03
5.677000000000000000e+03
5.678000000000000000e+03
5.679000000000000000e+03
5.680000000000000000e+03
5.681000000000000000e+03
5.682000000000000000e+03
5.683000000000000000e+03
5.684000000000000000e+03
5.685000000000000000e+03
5.686000000000000000e+03
5.687000000000000000e+03
5.688000000000000000e+03
5.689000000000000000e+03
5.690000000000000000e+03
5.691000000000000000e+03
5.692000000000000000e+03
5.693000000000000000e+03
5.694000000000000000e+03
5.695000000000000000e+03
5.696000000000000000e+03
5.697000000000000000e+03
5.698000000000000000e+03
5.699000000000000000e+03
5.700000000000000000e+03
5.701000000000000000e+03
5.702000000000000000e+03
5.703000000000000000e+03
5.704000000000000000e+03
5.705000000000000000e+03
5.706000000000000000e+03
5.707000000000000000e+03
5.708000000000000000e+03
5.709000000000000000e+03
5.710000000000000000e+03
5.711000000000000000e+03
5.712000000000000000e+03
5.713000000000000000e+03
5.714000000000000000e+03
5.715000000000000000e+03
5.716000000000000000e+03
5.717000000000000000e+03
5.718000000000000000e+03
5.719000000000000000e+03
5.720000000000000000e+03
5.721000000000000000e+03
5.722000000000000000e+03
5.723000000000000000e+03
5.724000000000000000e+03
5.725000000000000000e+03
5.726000000000000000e+03
5.727000000000000000e+03
5.728000000000000000e+03
5.729000000000000000e+03
5.730000000000000000e+03
5.731000000000000000e+03
5.732000000000000000e+03
5.733000000000000000e+03
5.734000000000000000e+03
5.735000000000000000e+03
5.736000000000000000e+03
5.737000000000000000e+03
5.738000000000000000e+03
5.739000000000000000e+03
5.740000000000000000e+03
5.741000000000000000e+03
5.742000000000000000e+03
5.743000000000000000e+03
5.744000000000000000e+03
5.745000000000000000e+03
5.746000000000000000e+03
5.747000000000000000e+03
5.748000000000000000e+03
5.749000000000000000e+03
5.750000000000000000e+03
5.751000000000000000e+03
5.752000000000000000e+03
5.753000000000000000e+03
5.754000000000000000e+03
5.755000000000000000e+03
5.756000000000000000e+03
5.757000000000000000e+03
5.758000000000000000e+03
5.759000000000000000e+03
5.760000000000000000e+03
5.761000000000000000e+03
5.762000000000000000e+03
5.763000000000000000e+03
5.764000000000000000e+03
5.765000000000000000e+03
5.766000000000000000e+03
5.767000000000000000e+03
5.768000000000000000e+03
5.769000000000000000e+03
5.770000000000000000e+03
5.771000000000000000e+03
5.772000000000000000e+03
5.773000000000000000e+03
5.774000000000000000e+03
5.775000000000000000e+03
5.776000000000000000e+03
5.777000000000000000e+03
5.778000000000000000e+03
5.779000000000000000e+03
5.780000000000000000e+03
5.781000000000000000e+03
5.782000000000000000e+03
5.783000000000000000e+03
5.784000000000000000e+03
5.785000000000000000e+03
5.786000000000000000e+03
5.787000000000000000e+03
5.788000000000000000e+03
5.789000000000000000e+03
5.790000000000000000e+03
5.791000000000000000e+03
5.792000000000000000e+03
5.793000000000000000e+03
5.794000000000000000e+03
5.795000000000000000e+03
5.796000000000000000e+03
5.797000000000000000e+03
5.798000000000000000e+03
5.799000000000000000e+03
5.800000000000000000e+03
5.801000000000000000e+03
5.802000000000000000e+03
5.803000000000000000e+03
5.804000000000000000e+03
5.805000000000000000e+03
5.806000000000000000e+03
5.807000000000000000e+03
5.810000000000000000e+03
5.811000000000000000e+03
5.812000000000000000e+03
5.813000000000000000e+03
5.814000000000000000e+03
5.815000000000000000e+03
5.818000000000000000e+03
5.819000000000000000e+03
5.822000000000000000e+03
5.823000000000000000e+03
5.824000000000000000e+03
5.826000000000000000e+03
5.827000000000000000e+03
5.828000000000000000e+03
5.829000000000000000e+03
5.830000000000000000e+03
5.831000000000000000e+03
5.834000000000000000e+03
5.835000000000000000e+03
5.838000000000000000e+03
5.839000000000000000e+03
5.840000000000000000e+03
5.842000000000000000e+03
5.843000000000000000e+03
5.846000000000000000e+03
5.847000000000000000e+03
5.850000000000000000e+03
5.851000000000000000e+03
5.852000000000000000e+03
5.854000000000000000e+03
5.855000000000000000e+03
5.858000000000000000e+03
5.859000000000000000e+03
5.862000000000000000e+03
5.863000000000000000e+03
5.879000000000000000e+03
5.890000000000000000e+03
5.891000000000000000e+03
5.894000000000000000e+03
5.895000000000000000e+03
5.896000000000000000e+03
5.898000000000000000e+03
5.899000000000000000e+03
5.900000000000000000e+03
5.902000000000000000e+03
5.903000000000000000e+03
5.904000000000000000e+03
5.906000000000000000e+03
5.907000000000000000e+03
5.908000000000000000e+03
5.910000000000000000e+03
5.911000000000000000e+03
5.912000000000000000e+03
5.914000000000000000e+03
5.915000000000000000e+03
5.916000000000000000e+03
5.918000000000000000e+03
5.919000000000000000e+03
5.920000000000000000e+03
5.921000000000000000e+03
5.922000000000000000e+03
5.923000000000000000e+03
5.924000000000000000e+03
5.925000000000000000e+03
5.926000000000000000e+03
5.927000000000000000e+03
5.928000000000000000e+03
5.929000000000000000e+03
5.930000000000000000e+03
5.931000000000000000e+03
5.932000000000000000e+03
5.933000000000000000e+03
5.934000000000000000e+03
5.935000000000000000e+03
5.936000000000000000e+03
5.937000000000000000e+03
5.938000000000000000e+03
5.939000000000000000e+03
5.940000000000000000e+03
5.941000000000000000e+03
5.942000000000000000e+03
5.943000000000000000e+03
5.944000000000000000e+03
5.945000000000000000e+03
5.946000000000000000e+03
5.947000000000000000e+03
5.948000000000000000e+03
5.949000000000000000e+03
5.950000000000000000e+03
5.951000000000000000e+03
5.952000000000000000e+03
5.953000000000000000e+03
5.954000000000000000e+03
5.955000000000000000e+03
5.956000000000000000e+03
5.957000000000000000e+03
5.958000000000000000e+03
5.959000000000000000e+03
5.960000000000000000e+03
5.961000000000000000e+03
5.962000000000000000e+03
5.963000000000000000e+03
5.964000000000000000e+03
5.965000000000000000e+03
5.966000000000000000e+03
5.967000000000000000e+03
5.968000000000000000e+03
5.969000000000000000e+03
5.970000000000000000e+03
5.971000000000000000e+03
5.972000000000000000e+03
5.973000000000000000e+03
5.974000000000000000e+03
5.975000000000000000e+03
5.976000000000000000e+03
5.977000000000000000e+03
5.978000000000000000e+03
5.979000000000000000e+03
5.980000000000000000e+03
5.981000000000000000e+03
5.982000000000000000e+03
5.983000000000000000e+03
5.984000000000000000e+03
5.985000000000000000e+03
5.986000000000000000e+03
5.987000000000000000e+03
5.988000000000000000e+03
5.989000000000000000e+03
5.990000000000000000e+03
5.991000000000000000e+03
5.992000000000000000e+03
5.993000000000000000e+03
5.994000000000000000e+03
5.995000000000000000e+03
5.996000000000000000e+03
5.997000000000000000e+03
5.998000000000000000e+03
5.999000000000000000e+03
6.000000000000000000e+03
6.001000000000000000e+03
6.002000000000000000e+03
6.003000000000000000e+03
6.004000000000000000e+03
6.005000000000000000e+03
6.006000000000000000e+03
6.007000000000000000e+03
6.008000000000000000e+03
6.009000000000000000e+03
6.010000000000000000e+03
6.011000000000000000e+03
6.012000000000000000e+03
6.013000000000000000e+03
6.014000000000000000e+03
6.015000000000000000e+03
6.016000000000000000e+03
6.017000000000000000e+03
6.018000000000000000e+03
6.019000000000000000e+03
6.020000000000000000e+03
6.021000000000000000e+03
6.022000000000000000e+03
6.023000000000000000e+03
6.024000000000000000e+03
6.025000000000000000e+03
6.026000000000000000e+03
6.027000000000000000e+03
6.028000000000000000e+03
6.029000000000000000e+03
6.030000000000000000e+03
6.031000000000000000e+03
6.032000000000000000e+03
6.033000000000000000e+03
6.034000000000000000e+03
6.035000000000000000e+03
6.036000000000000000e+03
6.037000000000000000e+03
6.038000000000000000e+03
6.039000000000000000e+03
6.040000000000000000e+03
6.041000000000000000e+03
6.042000000000000000e+03
6.043000000000000000e+03
6.044000000000000000e+03
6.045000000000000000e+03
6.046000000000000000e+03
6.047000000000000000e+03
6.048000000000000000e+03
6.049000000000000000e+03
6.050000000000000000e+03
6.051000000000000000e+03
6.052000000000000000e+03
6.053000000000000000e+03
6.054000000000000000e+03
6.055000000000000000e+03
6.056000000000000000e+03
6.057000000000000000e+03
6.058000000000000000e+03
6.059000000000000000e+03
6.060000000000000000e+03
6.061000000000000000e+03
6.062000000000000000e+03
6.063000000000000000e+03
6.064000000000000000e+03
6.065000000000000000e+03
6.066000000000000000e+03
6.067000000000000000e+03
6.068000000000000000e+03
6.069000000000000000e+03
6.070000000000000000e+03
6.071000000000000000e+03
6.072000000000000000e+03
6.073000000000000000e+03
6.074000000000000000e+03
6.075000000000000000e+03
6.076000000000000000e+03
6.077000000000000000e+03
6.078000000000000000e+03
6.079000000000000000e+03
6.080000000000000000e+03
6.081000000000000000e+03
6.082000000000000000e+03
6.083000000000000000e+03
6.084000000000000000e+03
6.085000000000000000e+03
6.086000000000000000e+03
6.087000000000000000e+03
6.088000000000000000e+03
6.089000000000000000e+03
6.090000000000000000e+03
6.091000000000000000e+03
6.092000000000000000e+03
6.093000000000000000e+03
6.094000000000000000e+03
6.095000000000000000e+03
6.096000000000000000e+03
6.097000000000000000e+03
6.098000000000000000e+03
6.099000000000000000e+03
6.100000000000000000e+03
6.101000000000000000e+03
6.102000000000000000e+03
6.103000000000000000e+03
6.104000000000000000e+03
6.105000000000000000e+03
6.106000000000000000e+03
6.107000000000000000e+03
6.108000000000000000e+03
6.109000000000000000e+03
6.110000000000000000e+03
6.111000000000000000e+03
6.112000000000000000e+03
6.113000000000000000e+03
6.114000000000000000e+03
6.115000000000000000e+03
6.116000000000000000e+03
6.117000000000000000e+03
6.118000000000000000e+03
6.119000000000000000e+03
6.120000000000000000e+03
6.121000000000000000e+03
6.122000000000000000e+03
6.123000000000000000e+03
6.124000000000000000e+03
6.125000000000000000e+03
6.126000000000000000e+03
6.127000000000000000e+03
6.128000000000000000e+03
6.129000000000000000e+03
6.130000000000000000e+03
6.131000000000000000e+03
6.132000000000000000e+03
6.133000000000000000e+03
6.134000000000000000e+03
6.135000000000000000e+03
6.136000000000000000e+03
6.137000000000000000e+03
6.138000000000000000e+03
6.139000000000000000e+03
6.140000000000000000e+03
6.141000000000000000e+03
6.142000000000000000e+03
6.143000000000000000e+03
6.144000000000000000e+03
6.145000000000000000e+03
6.146000000000000000e+03
6.147000000000000000e+03
6.148000000000000000e+03
6.149000000000000000e+03
6.150000000000000000e+03
6.151000000000000000e+03
6.152000000000000000e+03
6.153000000000000000e+03
6.154000000000000000e+03
6.155000000000000000e+03
6.156000000000000000e+03
6.157000000000000000e+03
6.158000000000000000e+03
6.159000000000000000e+03
6.160000000000000000e+03
6.161000000000000000e+03
6.162000000000000000e+03
6.163000000000000000e+03
6.164000000000000000e+03
6.165000000000000000e+03
6.166000000000000000e+03
6.167000000000000000e+03
6.168000000000000000e+03
6.169000000000000000e+03
6.170000000000000000e+03
6.171000000000000000e+03
6.172000000000000000e+03
6.173000000000000000e+03
6.174000000000000000e+03
6.175000000000000000e+03
6.176000000000000000e+03
6.177000000000000000e+03
6.178000000000000000e+03
6.179000000000000000e+03
6.180000000000000000e+03
6.181000000000000000e+03
6.182000000000000000e+03
6.183000000000000000e+03
6.184000000000000000e+03
6.185000000000000000e+03
6.186000000000000000e+03
6.187000000000000000e+03
6.188000000000000000e+03
6.189000000000000000e+03
6.190000000000000000e+03
6.191000000000000000e+03
6.192000000000000000e+03
6.193000000000000000e+03
6.194000000000000000e+03
6.195000000000000000e+03
6.196000000000000000e+03
6.197000000000000000e+03
6.198000000000000000e+03
6.199000000000000000e+03
6.200000000000000000e+03
6.201000000000000000e+03
6.202000000000000000e+03
6.203000000000000000e+03
6.204000000000000000e+03
6.205000000000000000e+03
6.206000000000000000e+03
6.207000000000000000e+03
6.208000000000000000e+03
6.209000000000000000e+03
6.210000000000000000e+03
6.211000000000000000e+03
6.212000000000000000e+03
6.213000000000000000e+03
6.214000000000000000e+03
6.215000000000000000e+03
6.216000000000000000e+03
6.217000000000000000e+03
6.218000000000000000e+03
6.219000000000000000e+03
6.220000000000000000e+03
6.221000000000000000e+03
6.222000000000000000e+03
6.223000000000000000e+03
6.224000000000000000e+03
6.225000000000000000e+03
6.226000000000000000e+03
6.227000000000000000e+03
6.228000000000000000e+03
6.229000000000000000e+03
6.230000000000000000e+03
6.231000000000000000e+03
6.232000000000000000e+03
6.233000000000000000e+03
6.234000000000000000e+03
6.235000000000000000e+03
6.236000000000000000e+03
6.237000000000000000e+03
6.238000000000000000e+03
6.239000000000000000e+03
6.240000000000000000e+03
6.241000000000000000e+03
6.242000000000000000e+03
6.243000000000000000e+03
6.244000000000000000e+03
6.245000000000000000e+03
6.246000000000000000e+03
6.247000000000000000e+03
6.248000000000000000e+03
6.249000000000000000e+03
6.250000000000000000e+03
6.251000000000000000e+03
6.252000000000000000e+03
6.253000000000000000e+03
6.254000000000000000e+03
6.255000000000000000e+03
6.256000000000000000e+03
6.257000000000000000e+03
6.258000000000000000e+03
6.259000000000000000e+03
6.260000000000000000e+03
6.261000000000000000e+03
6.262000000000000000e+03
6.263000000000000000e+03
6.264000000000000000e+03
6.265000000000000000e+03
6.266000000000000000e+03
6.267000000000000000e+03
6.268000000000000000e+03
6.269000000000000000e+03
6.270000000000000000e+03
6.271000000000000000e+03
6.272000000000000000e+03
6.273000000000000000e+03
6.274000000000000000e+03
6.275000000000000000e+03
6.276000000000000000e+03
6.277000000000000000e+03
6.278000000000000000e+03
6.279000000000000000e+03
6.280000000000000000e+03
6.281000000000000000e+03
6.282000000000000000e+03
6.283000000000000000e+03
6.284000000000000000e+03
6.285000000000000000e+03
6.286000000000000000e+03
6.287000000000000000e+03
6.288000000000000000e+03
6.289000000000000000e+03
6.290000000000000000e+03
6.291000000000000000e+03
6.292000000000000000e+03
6.293000000000000000e+03
6.294000000000000000e+03
6.295000000000000000e+03
6.296000000000000000e+03
6.297000000000000000e+03
6.298000000000000000e+03
6.299000000000000000e+03
6.300000000000000000e+03
6.301000000000000000e+03
6.302000000000000000e+03
6.303000000000000000e+03
6.304000000000000000e+03
6.305000000000000000e+03
6.306000000000000000e+03
6.307000000000000000e+03
6.308000000000000000e+03
6.309000000000000000e+03
6.310000000000000000e+03
6.311000000000000000e+03
6.312000000000000000e+03
6.313000000000000000e+03
6.314000000000000000e+03
6.315000000000000000e+03
6.316000000000000000e+03
6.317000000000000000e+03
6.318000000000000000e+03
6.319000000000000000e+03
6.320000000000000000e+03
6.321000000000000000e+03
6.322000000000000000e+03
6.323000000000000000e+03
6.324000000000000000e+03
6.325000000000000000e+03
6.326000000000000000e+03
6.327000000000000000e+03
6.328000000000000000e+03
6.329000000000000000e+03
6.330000000000000000e+03
6.331000000000000000e+03
6.332000000000000000e+03
6.333000000000000000e+03
6.334000000000000000e+03
6.335000000000000000e+03
6.336000000000000000e+03
6.337000000000000000e+03
6.338000000000000000e+03
6.339000000000000000e+03
6.340000000000000000e+03
6.341000000000000000e+03
6.342000000000000000e+03
6.343000000000000000e+03
6.344000000000000000e+03
6.345000000000000000e+03
6.346000000000000000e+03
6.347000000000000000e+03
6.348000000000000000e+03
6.349000000000000000e+03
6.350000000000000000e+03
6.351000000000000000e+03
6.352000000000000000e+03
6.353000000000000000e+03
6.354000000000000000e+03
6.355000000000000000e+03
6.356000000000000000e+03
6.357000000000000000e+03
6.358000000000000000e+03
6.359000000000000000e+03
6.360000000000000000e+03
6.361000000000000000e+03
6.362000000000000000e+03
6.363000000000000000e+03
6.364000000000000000e+03
6.365000000000000000e+03
6.366000000000000000e+03
6.367000000000000000e+03
6.368000000000000000e+03
6.369000000000000000e+03
6.370000000000000000e+03
6.371000000000000000e+03
6.372000000000000000e+03
6.373000000000000000e+03
6.374000000000000000e+03
6.375000000000000000e+03
6.376000000000000000e+03
6.377000000000000000e+03
6.378000000000000000e+03
6.379000000000000000e+03
6.380000000000000000e+03
6.381000000000000000e+03
6.382000000000000000e+03
6.383000000000000000e+03
6.384000000000000000e+03
6.385000000000000000e+03
6.386000000000000000e+03
6.387000000000000000e+03
6.388000000000000000e+03
6.389000000000000000e+03
6.390000000000000000e+03
6.391000000000000000e+03
6.392000000000000000e+03
6.393000000000000000e+03
6.394000000000000000e+03
6.395000000000000000e+03
6.396000000000000000e+03
6.397000000000000000e+03
6.398000000000000000e+03
6.399000000000000000e+03
6.400000000000000000e+03
6.401000000000000000e+03
6.402000000000000000e+03
6.403000000000000000e+03
6.404000000000000000e+03
6.405000000000000000e+03
6.406000000000000000e+03
6.407000000000000000e+03
6.408000000000000000e+03
6.409000000000000000e+03
6.410000000000000000e+03
6.411000000000000000e+03
6.412000000000000000e+03
6.413000000000000000e+03
6.414000000000000000e+03
6.415000000000000000e+03
6.416000000000000000e+03
6.417000000000000000e+03
6.418000000000000000e+03
6.419000000000000000e+03
6.420000000000000000e+03
6.421000000000000000e+03
6.422000000000000000e+03
6.423000000000000000e+03
6.424000000000000000e+03
6.425000000000000000e+03
6.426000000000000000e+03
6.427000000000000000e+03
6.428000000000000000e+03
6.429000000000000000e+03
6.430000000000000000e+03
6.431000000000000000e+03
6.432000000000000000e+03
6.433000000000000000e+03
6.434000000000000000e+03
6.435000000000000000e+03
6.436000000000000000e+03
6.437000000000000000e+03
6.438000000000000000e+03
6.439000000000000000e+03
6.440000000000000000e+03
6.441000000000000000e+03
6.442000000000000000e+03
6.443000000000000000e+03
6.444000000000000000e+03
6.445000000000000000e+03
6.446000000000000000e+03
6.447000000000000000e+03
6.448000000000000000e+03
6.449000000000000000e+03
6.450000000000000000e+03
6.451000000000000000e+03
6.452000000000000000e+03
6.453000000000000000e+03
6.454000000000000000e+03
6.455000000000000000e+03
6.456000000000000000e+03
6.457000000000000000e+03
6.458000000000000000e+03
6.459000000000000000e+03
6.460000000000000000e+03
6.461000000000000000e+03
6.462000000000000000e+03
6.463000000000000000e+03
6.464000000000000000e+03
6.465000000000000000e+03
6.466000000000000000e+03
6.467000000000000000e+03
6.468000000000000000e+03
6.469000000000000000e+03
6.470000000000000000e+03
6.471000000000000000e+03
6.472000000000000000e+03
6.473000000000000000e+03
6.474000000000000000e+03
6.475000000000000000e+03
6.476000000000000000e+03
6.477000000000000000e+03
6.478000000000000000e+03
6.479000000000000000e+03
6.480000000000000000e+03
6.481000000000000000e+03
6.484000000000000000e+03
6.485000000000000000e+03
6.487000000000000000e+03
6.488000000000000000e+03
6.489000000000000000e+03
6.492000000000000000e+03
6.493000000000000000e+03
6.495000000000000000e+03
6.496000000000000000e+03
6.497000000000000000e+03
6.499000000000000000e+03
6.500000000000000000e+03
6.501000000000000000e+03
6.503000000000000000e+03
6.504000000000000000e+03
6.505000000000000000e+03
6.507000000000000000e+03
6.508000000000000000e+03
6.509000000000000000e+03
6.511000000000000000e+03
6.513000000000000000e+03
6.517000000000000000e+03
6.521000000000000000e+03
6.525000000000000000e+03
6.528000000000000000e+03
6.529000000000000000e+03
6.533000000000000000e+03
6.585000000000000000e+03
6.589000000000000000e+03
6.591000000000000000e+03
6.592000000000000000e+03
6.593000000000000000e+03
6.597000000000000000e+03
6.601000000000000000e+03
6.605000000000000000e+03
6.607000000000000000e+03
6.609000000000000000e+03
6.611000000000000000e+03
6.613000000000000000e+03
6.615000000000000000e+03
6.616000000000000000e+03
6.617000000000000000e+03
6.618000000000000000e+03
6.619000000000000000e+03
6.620000000000000000e+03
6.621000000000000000e+03
6.622000000000000000e+03
6.623000000000000000e+03
6.624000000000000000e+03
6.625000000000000000e+03
6.626000000000000000e+03
6.627000000000000000e+03
6.628000000000000000e+03
6.629000000000000000e+03
6.630000000000000000e+03
6.631000000000000000e+03
6.632000000000000000e+03
6.633000000000000000e+03
6.634000000000000000e+03
6.635000000000000000e+03
6.636000000000000000e+03
6.637000000000000000e+03
6.638000000000000000e+03
6.639000000000000000e+03
6.640000000000000000e+03
6.641000000000000000e+03
6.642000000000000000e+03
6.643000000000000000e+03
6.644000000000000000e+03
6.645000000000000000e+03
6.646000000000000000e+03
6.647000000000000000e+03
6.648000000000000000e+03
6.649000000000000000e+03
6.650000000000000000e+03
6.651000000000000000e+03
6.652000000000000000e+03
6.653000000000000000e+03
6.654000000000000000e+03
6.655000000000000000e+03
6.656000000000000000e+03
6.657000000000000000e+03
6.658000000000000000e+03
6.659000000000000000e+03
6.661000000000000000e+03
6.662000000000000000e+03
6.663000000000000000e+03
6.664000000000000000e+03
6.665000000000000000e+03
6.666000000000000000e+03
6.667000000000000000e+03
6.668000000000000000e+03
6.669000000000000000e+03
6.670000000000000000e+03
6.671000000000000000e+03
6.673000000000000000e+03
6.674000000000000000e+03
6.675000000000000000e+03
6.677000000000000000e+03
6.678000000000000000e+03
6.679000000000000000e+03
6.681000000000000000e+03
6.682000000000000000e+03
6.683000000000000000e+03
6.685000000000000000e+03
6.686000000000000000e+03
6.687000000000000000e+03
6.689000000000000000e+03
6.690000000000000000e+03
6.691000000000000000e+03
6.693000000000000000e+03
6.694000000000000000e+03
6.695000000000000000e+03
6.697000000000000000e+03
6.698000000000000000e+03
6.699000000000000000e+03
6.701000000000000000e+03
6.702000000000000000e+03
6.703000000000000000e+03
6.705000000000000000e+03
6.706000000000000000e+03
6.707000000000000000e+03
6.709000000000000000e+03
6.710000000000000000e+03
6.711000000000000000e+03
6.713000000000000000e+03
6.714000000000000000e+03
6.717000000000000000e+03
6.718000000000000000e+03
6.719000000000000000e+03
6.721000000000000000e+03
6.722000000000000000e+03
6.725000000000000000e+03
6.726000000000000000e+03
6.729000000000000000e+03
6.730000000000000000e+03
6.733000000000000000e+03
6.734000000000000000e+03
6.737000000000000000e+03
6.738000000000000000e+03
6.781000000000000000e+03
6.782000000000000000e+03
6.783000000000000000e+03
6.784000000000000000e+03
6.785000000000000000e+03
6.786000000000000000e+03
6.787000000000000000e+03
6.789000000000000000e+03
8.451000000000000000e+03
1.110500000000000000e+04
1.159400000000000000e+04
1.159500000000000000e+04
1.159600000000000000e+04
1.159800000000000000e+04
1.208500000000000000e+04
1.224600000000000000e+04
1.224700000000000000e+04
1.224800000000000000e+04
1.224900000000000000e+04
1.225000000000000000e+04
1.225100000000000000e+04
1.225200000000000000e+04
1.225300000000000000e+04
1.225400000000000000e+04
1.233400000000000000e+04
1.233700000000000000e+04
1.233800000000000000e+04
1.234100000000000000e+04
1.234200000000000000e+04
1.234400000000000000e+04
1.234500000000000000e+04
1.234600000000000000e+04
1.234700000000000000e+04
1.234800000000000000e+04
1.234900000000000000e+04
1.235000000000000000e+04
1.235200000000000000e+04
1.235300000000000000e+04
1.235400000000000000e+04
1.235600000000000000e+04
1.235700000000000000e+04
1.235800000000000000e+04
1.236000000000000000e+04
1.236100000000000000e+04
1.236200000000000000e+04
1.236400000000000000e+04
1.236500000000000000e+04
1.236600000000000000e+04
1.236700000000000000e+04
1.236800000000000000e+04
1.236900000000000000e+04
1.237000000000000000e+04
1.237100000000000000e+04
1.237200000000000000e+04
1.237300000000000000e+04
1.237400000000000000e+04
1.237600000000000000e+04
1.237700000000000000e+04
1.237800000000000000e+04
1.237900000000000000e+04
1.238000000000000000e+04
1.238100000000000000e+04
1.238200000000000000e+04
1.238300000000000000e+04
1.238400000000000000e+04
1.238500000000000000e+04
1.238600000000000000e+04
1.238700000000000000e+04
1.238800000000000000e+04
1.238900000000000000e+04
1.239000000000000000e+04
1.239200000000000000e+04
1.239300000000000000e+04
1.239400000000000000e+04
1.239600000000000000e+04
1.239700000000000000e+04
1.239800000000000000e+04
1.240000000000000000e+04
1.240100000000000000e+04
1.240200000000000000e+04
1.240300000000000000e+04
1.240400000000000000e+04
1.240500000000000000e+04
1.240600000000000000e+04
1.240700000000000000e+04
1.240800000000000000e+04
1.240900000000000000e+04
1.241000000000000000e+04
1.241100000000000000e+04
1.241200000000000000e+04
1.241300000000000000e+04
1.241400000000000000e+04
1.241500000000000000e+04
1.241600000000000000e+04
1.241700000000000000e+04
1.245300000000000000e+04
1.245600000000000000e+04
1.245700000000000000e+04
1.245800000000000000e+04
1.245900000000000000e+04
1.246000000000000000e+04
1.246100000000000000e+04
1.246200000000000000e+04
1.246300000000000000e+04
1.246400000000000000e+04
1.246500000000000000e+04
1.246600000000000000e+04
1.246700000000000000e+04
1.246800000000000000e+04
1.246900000000000000e+04
1.247000000000000000e+04
1.247100000000000000e+04
1.247200000000000000e+04
1.247300000000000000e+04
1.247600000000000000e+04
1.247700000000000000e+04
1.322300000000000000e+04
1.322400000000000000e+04
1.322500000000000000e+04
1.322600000000000000e+04
1.322700000000000000e+04
1.322800000000000000e+04
1.322900000000000000e+04
1.323000000000000000e+04
1.323100000000000000e+04
1.323200000000000000e+04
1.323300000000000000e+04
1.323400000000000000e+04
1.323500000000000000e+04
1.405100000000000000e+04
1.405200000000000000e+04
1.421200000000000000e+04
1.421300000000000000e+04
1.421400000000000000e+04
1.421600000000000000e+04
1.437800000000000000e+04
1.437900000000000000e+04
1.438000000000000000e+04
1.438300000000000000e+04
1.470200000000000000e+04
1.470300000000000000e+04
1.470400000000000000e+04
1.470500000000000000e+04
1.470600000000000000e+04
1.470700000000000000e+04
1.470800000000000000e+04
1.470900000000000000e+04
1.471000000000000000e+04
1.471100000000000000e+04
1.471200000000000000e+04
1.471500000000000000e+04
1.471900000000000000e+04
1.472300000000000000e+04
1.472500000000000000e+04
1.472700000000000000e+04
1.472800000000000000e+04
1.472900000000000000e+04
1.473100000000000000e+04
1.473200000000000000e+04
1.473300000000000000e+04
1.473500000000000000e+04
1.473600000000000000e+04
1.473700000000000000e+04
1.473900000000000000e+04
1.474000000000000000e+04
1.474100000000000000e+04
1.474200000000000000e+04
1.474300000000000000e+04
1.474400000000000000e+04
1.474500000000000000e+04
1.474600000000000000e+04
1.474700000000000000e+04
1.474800000000000000e+04
1.474900000000000000e+04
1.475000000000000000e+04
1.475100000000000000e+04
1.475200000000000000e+04
1.475300000000000000e+04
1.475400000000000000e+04
1.475500000000000000e+04
1.475600000000000000e+04
1.475700000000000000e+04
1.475800000000000000e+04
1.475900000000000000e+04
1.476000000000000000e+04
1.476100000000000000e+04
1.476200000000000000e+04
1.476300000000000000e+04
1.476400000000000000e+04
1.476500000000000000e+04
1.476600000000000000e+04
1.476700000000000000e+04
1.476800000000000000e+04
1.476900000000000000e+04
1.477100000000000000e+04
1.477200000000000000e+04
1.477300000000000000e+04
1.477500000000000000e+04
1.477600000000000000e+04
1.477700000000000000e+04
1.477800000000000000e+04
1.477900000000000000e+04
1.478000000000000000e+04
1.478100000000000000e+04
1.478300000000000000e+04
1.478400000000000000e+04
1.478500000000000000e+04
1.478700000000000000e+04
1.478800000000000000e+04
1.478900000000000000e+04
1.479100000000000000e+04
1.479200000000000000e+04
1.479500000000000000e+04
1.479600000000000000e+04
1.479900000000000000e+04
1.480300000000000000e+04
1.480700000000000000e+04
1.481100000000000000e+04
1.481500000000000000e+04
1.481900000000000000e+04
1.482300000000000000e+04
1.482700000000000000e+04
1.483100000000000000e+04
1.483500000000000000e+04
1.483900000000000000e+04
1.484100000000000000e+04
1.484300000000000000e+04
1.484400000000000000e+04
1.484500000000000000e+04
1.484700000000000000e+04
1.484800000000000000e+04
1.484900000000000000e+04
1.485100000000000000e+04
1.485200000000000000e+04
1.485500000000000000e+04
1.485900000000000000e+04
1.486300000000000000e+04
1.486700000000000000e+04
1.486800000000000000e+04
1.486900000000000000e+04
1.487000000000000000e+04
1.487100000000000000e+04
1.487200000000000000e+04
1.487300000000000000e+04
1.487400000000000000e+04
1.487500000000000000e+04
1.487600000000000000e+04
1.487700000000000000e+04
1.487800000000000000e+04
1.487900000000000000e+04
1.488100000000000000e+04
1.488200000000000000e+04
1.488300000000000000e+04
1.488500000000000000e+04
1.488700000000000000e+04
1.488900000000000000e+04
1.489300000000000000e+04
1.502900000000000000e+04
1.503000000000000000e+04
1.503100000000000000e+04
1.503200000000000000e+04
1.503300000000000000e+04
1.503400000000000000e+04
1.503500000000000000e+04
1.503600000000000000e+04
1.519600000000000000e+04
1.519700000000000000e+04
1.535700000000000000e+04
1.535800000000000000e+04
1.535900000000000000e+04
1.536000000000000000e+04
1.536100000000000000e+04
1.536200000000000000e+04
1.536300000000000000e+04
1.536400000000000000e+04
1.536500000000000000e+04
1.536600000000000000e+04
1.536700000000000000e+04
1.536800000000000000e+04
1.536900000000000000e+04
1.537000000000000000e+04
1.537100000000000000e+04
1.537200000000000000e+04
1.537300000000000000e+04
1.537400000000000000e+04
1.537500000000000000e+04
1.537600000000000000e+04
1.537700000000000000e+04
1.537800000000000000e+04
1.537900000000000000e+04
1.538000000000000000e+04
1.538100000000000000e+04
1.538200000000000000e+04
1.538300000000000000e+04
1.538400000000000000e+04
1.538500000000000000e+04
1.538600000000000000e+04
1.538700000000000000e+04
1.538800000000000000e+04
1.538900000000000000e+04
1.539000000000000000e+04
1.539100000000000000e+04
1.539200000000000000e+04
1.539300000000000000e+04
1.539500000000000000e+04
1.539600000000000000e+04
1.540000000000000000e+04
1.540100000000000000e+04
1.669000000000000000e+04
1.669300000000000000e+04
1.669400000000000000e+04
1.669500000000000000e+04
1.669600000000000000e+04
1.669700000000000000e+04
1.669800000000000000e+04
1.669900000000000000e+04
1.670100000000000000e+04
1.670500000000000000e+04
1.670600000000000000e+04
1.670700000000000000e+04
1.670900000000000000e+04
1.671000000000000000e+04
1.671100000000000000e+04
1.671300000000000000e+04
1.671400000000000000e+04
1.671500000000000000e+04
1.671700000000000000e+04
1.671800000000000000e+04
1.671900000000000000e+04
1.672000000000000000e+04
1.672100000000000000e+04
1.672200000000000000e+04
1.672300000000000000e+04
1.672400000000000000e+04
1.672500000000000000e+04
1.672600000000000000e+04
1.672700000000000000e+04
1.672800000000000000e+04
1.672900000000000000e+04
1.673000000000000000e+04
1.673100000000000000e+04
1.673300000000000000e+04
1.673400000000000000e+04
1.673500000000000000e+04
1.673600000000000000e+04
1.673700000000000000e+04
1.673800000000000000e+04
1.673900000000000000e+04
1.674000000000000000e+04
1.674100000000000000e+04
1.674200000000000000e+04
1.674300000000000000e+04
1.674400000000000000e+04
1.674500000000000000e+04
1.674600000000000000e+04
1.674700000000000000e+04
1.674800000000000000e+04
1.674900000000000000e+04
1.675000000000000000e+04
1.675100000000000000e+04
1.675200000000000000e+04
1.675300000000000000e+04
1.675400000000000000e+04
1.675500000000000000e+04
1.675600000000000000e+04
1.675700000000000000e+04
1.675800000000000000e+04
1.675900000000000000e+04
1.676000000000000000e+04
1.676100000000000000e+04
1.676200000000000000e+04
1.676300000000000000e+04
1.676400000000000000e+04
1.676500000000000000e+04
1.676600000000000000e+04
1.676700000000000000e+04
1.676800000000000000e+04
1.676900000000000000e+04
1.677000000000000000e+04
1.677100000000000000e+04
1.677200000000000000e+04
1.677300000000000000e+04
1.677400000000000000e+04
1.677500000000000000e+04
1.677600000000000000e+04
1.677700000000000000e+04
1.677800000000000000e+04
1.677900000000000000e+04
1.678000000000000000e+04
1.678100000000000000e+04
1.678200000000000000e+04
1.678300000000000000e+04
1.678400000000000000e+04
1.678500000000000000e+04
1.678600000000000000e+04
1.678700000000000000e+04
1.678800000000000000e+04
1.678900000000000000e+04
1.679000000000000000e+04
1.679100000000000000e+04
1.679200000000000000e+04
1.679300000000000000e+04
1.679400000000000000e+04
1.679500000000000000e+04
1.679600000000000000e+04
1.679700000000000000e+04
1.679800000000000000e+04
1.679900000000000000e+04
1.680000000000000000e+04
1.680100000000000000e+04
1.680200000000000000e+04
1.680300000000000000e+04
1.680400000000000000e+04
1.680500000000000000e+04
1.680600000000000000e+04
1.680700000000000000e+04
1.680800000000000000e+04
1.680900000000000000e+04
1.681000000000000000e+04
1.681100000000000000e+04
1.681200000000000000e+04
1.681300000000000000e+04
1.681400000000000000e+04
1.681500000000000000e+04
1.681600000000000000e+04
1.681700000000000000e+04
1.681800000000000000e+04
1.681900000000000000e+04
1.682000000000000000e+04
1.682100000000000000e+04
1.682200000000000000e+04
1.682300000000000000e+04
1.682400000000000000e+04
1.682500000000000000e+04
1.682600000000000000e+04
1.682700000000000000e+04
1.682800000000000000e+04
1.682900000000000000e+04
1.683000000000000000e+04
1.683100000000000000e+04
1.683200000000000000e+04
1.683300000000000000e+04
1.683400000000000000e+04
1.683500000000000000e+04
1.683600000000000000e+04
1.683700000000000000e+04
1.683800000000000000e+04
1.683900000000000000e+04
1.684000000000000000e+04
1.684100000000000000e+04
1.684200000000000000e+04
1.684300000000000000e+04
1.684400000000000000e+04
1.684500000000000000e+04
1.684600000000000000e+04
1.684700000000000000e+04
1.684800000000000000e+04
1.684900000000000000e+04
1.685000000000000000e+04
1.685100000000000000e+04
1.685200000000000000e+04
1.685300000000000000e+04
1.685400000000000000e+04
1.685500000000000000e+04
1.685600000000000000e+04
1.685700000000000000e+04
1.685800000000000000e+04
1.685900000000000000e+04
1.686000000000000000e+04
1.686100000000000000e+04
2.187100000000000000e+04
2.187200000000000000e+04
2.285700000000000000e+04
2.285800000000000000e+04
2.285900000000000000e+04
2.286100000000000000e+04
2.286200000000000000e+04
2.302500000000000000e+04
2.318800000000000000e+04
2.319000000000000000e+04
2.320000000000000000e+04
2.322700000000000000e+04
2.322800000000000000e+04
2.323500000000000000e+04
2.323600000000000000e+04
2.324300000000000000e+04
2.334700000000000000e+04
2.334800000000000000e+04
2.334900000000000000e+04
2.335000000000000000e+04
2.335100000000000000e+04
2.335200000000000000e+04
2.335300000000000000e+04
2.335400000000000000e+04
2.335500000000000000e+04
2.351200000000000000e+04
2.351300000000000000e+04
2.351400000000000000e+04
2.351500000000000000e+04
2.351600000000000000e+04
2.351700000000000000e+04
2.351800000000000000e+04
2.351900000000000000e+04
2.352000000000000000e+04
2.352100000000000000e+04
2.400200000000000000e+04
2.400300000000000000e+04
2.400400000000000000e+04
2.400500000000000000e+04
2.400600000000000000e+04
2.400700000000000000e+04
2.400800000000000000e+04
2.449200000000000000e+04
2.449300000000000000e+04
2.449400000000000000e+04
2.449500000000000000e+04
2.449600000000000000e+04
2.449700000000000000e+04
2.449800000000000000e+04
2.449900000000000000e+04
2.465500000000000000e+04
2.465600000000000000e+04
2.465700000000000000e+04
2.465800000000000000e+04
2.548300000000000000e+04
2.630600000000000000e+04
2.630800000000000000e+04
2.805400000000000000e+04
2.805600000000000000e+04
2.805700000000000000e+04
2.805800000000000000e+04
2.806000000000000000e+04
2.806100000000000000e+04
2.806200000000000000e+04
2.806300000000000000e+04
2.806400000000000000e+04
2.806500000000000000e+04
2.806600000000000000e+04
2.806700000000000000e+04
2.806800000000000000e+04
2.806900000000000000e+04
2.807000000000000000e+04
2.807100000000000000e+04
2.807200000000000000e+04
2.807300000000000000e+04
2.807400000000000000e+04
2.807500000000000000e+04
2.807600000000000000e+04
2.807700000000000000e+04
2.807800000000000000e+04
2.808000000000000000e+04
2.808100000000000000e+04
2.808200000000000000e+04
2.808400000000000000e+04
2.808500000000000000e+04
2.808600000000000000e+04
2.808800000000000000e+04
2.808900000000000000e+04
2.809000000000000000e+04
2.809200000000000000e+04
2.809300000000000000e+04
2.809400000000000000e+04
2.809600000000000000e+04
2.809700000000000000e+04
2.810000000000000000e+04
2.810100000000000000e+04
2.810400000000000000e+04
2.810500000000000000e+04
2.810800000000000000e+04
2.811200000000000000e+04
2.811300000000000000e+04
2.811600000000000000e+04
2.811700000000000000e+04
2.811900000000000000e+04
2.812000000000000000e+04
2.812100000000000000e+04
2.812200000000000000e+04
2.812300000000000000e+04
2.812400000000000000e+04
2.812500000000000000e+04
