6.929300000000000000e+04
6.929400000000000000e+04
6.929500000000000000e+04
6.929600000000000000e+04
6.929700000000000000e+04
6.929800000000000000e+04
6.929900000000000000e+04
6.930000000000000000e+04
6.930100000000000000e+04
6.930200000000000000e+04
6.930300000000000000e+04
6.930400000000000000e+04
6.930500000000000000e+04
6.930600000000000000e+04
6.930700000000000000e+04
6.930800000000000000e+04
6.930900000000000000e+04
6.931000000000000000e+04
6.931100000000000000e+04
6.931200000000000000e+04
6.931300000000000000e+04
6.931400000000000000e+04
6.931500000000000000e+04
6.931600000000000000e+04
6.931700000000000000e+04
6.931800000000000000e+04
6.931900000000000000e+04
6.932000000000000000e+04
6.932100000000000000e+04
6.932200000000000000e+04
6.932300000000000000e+04
6.932400000000000000e+04
6.932500000000000000e+04
6.932600000000000000e+04
6.932700000000000000e+04
6.932800000000000000e+04
6.932900000000000000e+04
6.933000000000000000e+04
6.933100000000000000e+04
6.933200000000000000e+04
6.933300000000000000e+04
6.933400000000000000e+04
6.933500000000000000e+04
6.933600000000000000e+04
6.933700000000000000e+04
6.933800000000000000e+04
6.933900000000000000e+04
6.934000000000000000e+04
6.934100000000000000e+04
6.934200000000000000e+04
6.934300000000000000e+04
6.934400000000000000e+04
6.934500000000000000e+04
6.934600000000000000e+04
6.934700000000000000e+04
6.934800000000000000e+04
6.934900000000000000e+04
6.935000000000000000e+04
6.935100000000000000e+04
6.935200000000000000e+04
6.935300000000000000e+04
6.935400000000000000e+04
6.935500000000000000e+04
6.935600000000000000e+04
6.935700000000000000e+04
6.935800000000000000e+04
6.935900000000000000e+04
6.936000000000000000e+04
6.936100000000000000e+04
6.936200000000000000e+04
6.936300000000000000e+04
6.936400000000000000e+04
6.936500000000000000e+04
6.936600000000000000e+04
6.936700000000000000e+04
6.936800000000000000e+04
6.936900000000000000e+04
6.937000000000000000e+04
6.937100000000000000e+04
6.937200000000000000e+04
6.937300000000000000e+04
6.937400000000000000e+04
6.937500000000000000e+04
6.937600000000000000e+04
6.937700000000000000e+04
6.937800000000000000e+04
6.937900000000000000e+04
6.938000000000000000e+04
6.938100000000000000e+04
6.938200000000000000e+04
6.938300000000000000e+04
6.938400000000000000e+04
6.938500000000000000e+04
6.938600000000000000e+04
6.938700000000000000e+04
6.938800000000000000e+04
6.938900000000000000e+04
6.939000000000000000e+04
6.939100000000000000e+04
6.939200000000000000e+04
6.939300000000000000e+04
6.939400000000000000e+04
6.939500000000000000e+04
6.939600000000000000e+04
6.939700000000000000e+04
6.939800000000000000e+04
6.939900000000000000e+04
6.940000000000000000e+04
6.940100000000000000e+04
6.940200000000000000e+04
6.940300000000000000e+04
6.940400000000000000e+04
6.940500000000000000e+04
6.940600000000000000e+04
6.940700000000000000e+04
6.940800000000000000e+04
6.940900000000000000e+04
6.941000000000000000e+04
6.941100000000000000e+04
6.941200000000000000e+04
6.941300000000000000e+04
6.941400000000000000e+04
6.941500000000000000e+04
6.941600000000000000e+04
6.941700000000000000e+04
6.941800000000000000e+04
6.941900000000000000e+04
6.942000000000000000e+04
6.942100000000000000e+04
6.942200000000000000e+04
6.942300000000000000e+04
6.942400000000000000e+04
6.942500000000000000e+04
6.942600000000000000e+04
6.942700000000000000e+04
6.942800000000000000e+04
6.942900000000000000e+04
6.943000000000000000e+04
6.943100000000000000e+04
6.943200000000000000e+04
6.943300000000000000e+04
6.943400000000000000e+04
6.943500000000000000e+04
6.943600000000000000e+04
6.943700000000000000e+04
6.943800000000000000e+04
6.943900000000000000e+04
6.944000000000000000e+04
6.944100000000000000e+04
6.944200000000000000e+04
6.944300000000000000e+04
6.944400000000000000e+04
6.944500000000000000e+04
6.944600000000000000e+04
6.944700000000000000e+04
6.944800000000000000e+04
6.944900000000000000e+04
6.945000000000000000e+04
6.945100000000000000e+04
6.945200000000000000e+04
6.945300000000000000e+04
6.945400000000000000e+04
6.945500000000000000e+04
6.945600000000000000e+04
6.945700000000000000e+04
6.945800000000000000e+04
6.945900000000000000e+04
6.946000000000000000e+04
6.946100000000000000e+04
6.946200000000000000e+04
6.946300000000000000e+04
6.946400000000000000e+04
6.946500000000000000e+04
6.946600000000000000e+04
6.946700000000000000e+04
6.946800000000000000e+04
6.946900000000000000e+04
6.947000000000000000e+04
6.947100000000000000e+04
6.947200000000000000e+04
6.947300000000000000e+04
6.947400000000000000e+04
6.947500000000000000e+04
6.947600000000000000e+04
6.947700000000000000e+04
6.947800000000000000e+04
6.947900000000000000e+04
6.948000000000000000e+04
6.948100000000000000e+04
6.948200000000000000e+04
6.948300000000000000e+04
6.948400000000000000e+04
6.948500000000000000e+04
6.948600000000000000e+04
6.948700000000000000e+04
6.948800000000000000e+04
6.948900000000000000e+04
6.949000000000000000e+04
6.949100000000000000e+04
6.949200000000000000e+04
6.949300000000000000e+04
6.949400000000000000e+04
6.949500000000000000e+04
6.949600000000000000e+04
6.949700000000000000e+04
6.949800000000000000e+04
6.949900000000000000e+04
6.950000000000000000e+04
6.950100000000000000e+04
6.950200000000000000e+04
6.950300000000000000e+04
6.950400000000000000e+04
6.950500000000000000e+04
6.950600000000000000e+04
6.950700000000000000e+04
6.950800000000000000e+04
6.950900000000000000e+04
6.951000000000000000e+04
6.951100000000000000e+04
6.951200000000000000e+04
6.951300000000000000e+04
6.951400000000000000e+04
6.951500000000000000e+04
6.951600000000000000e+04
6.951700000000000000e+04
6.951800000000000000e+04
6.951900000000000000e+04
6.952000000000000000e+04
6.952100000000000000e+04
6.952200000000000000e+04
6.952300000000000000e+04
6.952400000000000000e+04
6.952500000000000000e+04
6.952600000000000000e+04
6.952700000000000000e+04
6.952800000000000000e+04
6.952900000000000000e+04
6.953000000000000000e+04
6.953100000000000000e+04
6.953200000000000000e+04
6.953300000000000000e+04
6.953400000000000000e+04
6.953500000000000000e+04
6.953600000000000000e+04
6.953700000000000000e+04
6.953800000000000000e+04
6.953900000000000000e+04
6.954000000000000000e+04
6.954100000000000000e+04
6.954200000000000000e+04
6.954300000000000000e+04
6.954400000000000000e+04
6.954500000000000000e+04
6.954600000000000000e+04
6.954700000000000000e+04
6.954800000000000000e+04
6.954900000000000000e+04
6.955000000000000000e+04
6.955100000000000000e+04
6.955200000000000000e+04
6.955300000000000000e+04
6.955400000000000000e+04
6.955500000000000000e+04
6.955600000000000000e+04
6.955700000000000000e+04
6.955800000000000000e+04
6.955900000000000000e+04
6.956000000000000000e+04
6.956100000000000000e+04
6.956200000000000000e+04
6.956300000000000000e+04
6.956400000000000000e+04
6.956500000000000000e+04
6.956600000000000000e+04
6.956700000000000000e+04
6.956800000000000000e+04
6.956900000000000000e+04
6.957000000000000000e+04
6.957100000000000000e+04
6.957200000000000000e+04
6.957300000000000000e+04
6.957400000000000000e+04
6.957500000000000000e+04
6.957600000000000000e+04
6.957700000000000000e+04
6.957800000000000000e+04
6.957900000000000000e+04
6.958000000000000000e+04
6.958100000000000000e+04
6.958200000000000000e+04
6.958300000000000000e+04
6.958400000000000000e+04
6.958500000000000000e+04
6.958600000000000000e+04
6.958700000000000000e+04
6.958800000000000000e+04
6.958900000000000000e+04
6.959000000000000000e+04
6.959100000000000000e+04
6.959200000000000000e+04
6.959300000000000000e+04
6.959400000000000000e+04
6.959500000000000000e+04
6.959600000000000000e+04
6.959700000000000000e+04
6.959800000000000000e+04
6.959900000000000000e+04
6.960000000000000000e+04
6.960100000000000000e+04
6.960200000000000000e+04
6.960300000000000000e+04
6.960400000000000000e+04
6.960500000000000000e+04
6.960600000000000000e+04
6.960700000000000000e+04
6.960800000000000000e+04
6.960900000000000000e+04
6.961000000000000000e+04
6.961100000000000000e+04
