1.393700000000000000e+04
1.394100000000000000e+04
1.394500000000000000e+04
1.394700000000000000e+04
1.394800000000000000e+04
1.394900000000000000e+04
1.395000000000000000e+04
1.395100000000000000e+04
1.395200000000000000e+04
1.395300000000000000e+04
1.395400000000000000e+04
1.395500000000000000e+04
1.395600000000000000e+04
1.395700000000000000e+04
1.395800000000000000e+04
1.395900000000000000e+04
1.396000000000000000e+04
1.396100000000000000e+04
1.396200000000000000e+04
1.396300000000000000e+04
1.396400000000000000e+04
1.396500000000000000e+04
1.396900000000000000e+04
1.397300000000000000e+04
1.397500000000000000e+04
1.397700000000000000e+04
1.399700000000000000e+04
1.400100000000000000e+04
