4.521000000000000000e+03
4.522000000000000000e+03
4.523000000000000000e+03
4.524000000000000000e+03
4.525000000000000000e+03
4.526000000000000000e+03
4.527000000000000000e+03
4.528000000000000000e+03
4.529000000000000000e+03
4.530000000000000000e+03
4.531000000000000000e+03
4.532000000000000000e+03
4.533000000000000000e+03
4.534000000000000000e+03
4.535000000000000000e+03
4.536000000000000000e+03
4.537000000000000000e+03
4.538000000000000000e+03
4.539000000000000000e+03
4.540000000000000000e+03
4.541000000000000000e+03
4.542000000000000000e+03
4.543000000000000000e+03
4.544000000000000000e+03
4.545000000000000000e+03
4.546000000000000000e+03
4.547000000000000000e+03
4.548000000000000000e+03
4.549000000000000000e+03
4.550000000000000000e+03
4.551000000000000000e+03
4.552000000000000000e+03
4.553000000000000000e+03
4.554000000000000000e+03
4.555000000000000000e+03
4.556000000000000000e+03
4.557000000000000000e+03
4.558000000000000000e+03
4.559000000000000000e+03
4.560000000000000000e+03
4.561000000000000000e+03
4.562000000000000000e+03
4.563000000000000000e+03
4.564000000000000000e+03
4.565000000000000000e+03
4.566000000000000000e+03
4.567000000000000000e+03
4.568000000000000000e+03
4.569000000000000000e+03
4.570000000000000000e+03
4.571000000000000000e+03
4.572000000000000000e+03
4.573000000000000000e+03
4.574000000000000000e+03
4.575000000000000000e+03
4.576000000000000000e+03
4.577000000000000000e+03
4.578000000000000000e+03
4.579000000000000000e+03
4.580000000000000000e+03
4.581000000000000000e+03
4.582000000000000000e+03
4.583000000000000000e+03
4.584000000000000000e+03
4.585000000000000000e+03
4.586000000000000000e+03
4.587000000000000000e+03
4.588000000000000000e+03
4.589000000000000000e+03
4.590000000000000000e+03
4.591000000000000000e+03
4.592000000000000000e+03
4.593000000000000000e+03
4.594000000000000000e+03
4.595000000000000000e+03
4.596000000000000000e+03
4.597000000000000000e+03
4.598000000000000000e+03
4.599000000000000000e+03
4.600000000000000000e+03
4.601000000000000000e+03
4.603000000000000000e+03
6.771000000000000000e+03
6.968000000000000000e+03
7.163000000000000000e+03
7.165000000000000000e+03
7.167000000000000000e+03
8.641000000000000000e+03
1.109200000000000000e+04
1.109600000000000000e+04
1.110000000000000000e+04
1.110100000000000000e+04
