4.152800000000000000e+04
4.152900000000000000e+04
4.153000000000000000e+04
4.153100000000000000e+04
4.153200000000000000e+04
4.153300000000000000e+04
4.153400000000000000e+04
4.153500000000000000e+04
4.153600000000000000e+04
4.153700000000000000e+04
4.153800000000000000e+04
4.153900000000000000e+04
4.154000000000000000e+04
4.154100000000000000e+04
4.154200000000000000e+04
4.154300000000000000e+04
4.154400000000000000e+04
4.154500000000000000e+04
4.154600000000000000e+04
4.154700000000000000e+04
4.154800000000000000e+04
4.154900000000000000e+04
4.155000000000000000e+04
4.155100000000000000e+04
4.155200000000000000e+04
4.155300000000000000e+04
4.155400000000000000e+04
4.155500000000000000e+04
4.155600000000000000e+04
4.155700000000000000e+04
4.155800000000000000e+04
4.155900000000000000e+04
4.156000000000000000e+04
4.156100000000000000e+04
4.156200000000000000e+04
4.156300000000000000e+04
4.156400000000000000e+04
4.156500000000000000e+04
4.156600000000000000e+04
4.156700000000000000e+04
4.156800000000000000e+04
4.156900000000000000e+04
4.157000000000000000e+04
4.157100000000000000e+04
4.157200000000000000e+04
4.157300000000000000e+04
4.157400000000000000e+04
4.157500000000000000e+04
4.157600000000000000e+04
4.157700000000000000e+04
4.157800000000000000e+04
4.157900000000000000e+04
4.158000000000000000e+04
4.158100000000000000e+04
4.158200000000000000e+04
4.158300000000000000e+04
4.158400000000000000e+04
4.158500000000000000e+04
4.158600000000000000e+04
4.158700000000000000e+04
4.158800000000000000e+04
4.158900000000000000e+04
4.159000000000000000e+04
4.159100000000000000e+04
4.159200000000000000e+04
4.159300000000000000e+04
4.159400000000000000e+04
4.159500000000000000e+04
4.159600000000000000e+04
4.159700000000000000e+04
4.159800000000000000e+04
4.159900000000000000e+04
4.160000000000000000e+04
4.160100000000000000e+04
4.160200000000000000e+04
4.160300000000000000e+04
4.160400000000000000e+04
4.160500000000000000e+04
4.160600000000000000e+04
4.160700000000000000e+04
5.164200000000000000e+04
5.164300000000000000e+04
5.164400000000000000e+04
5.164500000000000000e+04
5.164600000000000000e+04
5.164700000000000000e+04
5.164800000000000000e+04
5.164900000000000000e+04
5.165000000000000000e+04
5.165100000000000000e+04
5.165200000000000000e+04
5.165300000000000000e+04
5.165400000000000000e+04
5.165500000000000000e+04
5.165600000000000000e+04
5.165700000000000000e+04
5.165800000000000000e+04
5.165900000000000000e+04
5.166000000000000000e+04
5.166100000000000000e+04
5.166200000000000000e+04
5.166300000000000000e+04
5.166400000000000000e+04
5.166500000000000000e+04
5.166600000000000000e+04
5.166700000000000000e+04
5.166800000000000000e+04
5.166900000000000000e+04
5.167000000000000000e+04
5.167100000000000000e+04
5.167200000000000000e+04
5.167300000000000000e+04
5.167400000000000000e+04
5.167500000000000000e+04
5.167600000000000000e+04
5.167700000000000000e+04
5.167800000000000000e+04
5.167900000000000000e+04
5.168000000000000000e+04
5.168100000000000000e+04
5.168200000000000000e+04
5.168300000000000000e+04
5.168400000000000000e+04
5.168500000000000000e+04
5.168600000000000000e+04
5.168700000000000000e+04
5.168800000000000000e+04
5.168900000000000000e+04
5.169000000000000000e+04
5.169100000000000000e+04
5.169200000000000000e+04
5.169300000000000000e+04
5.169400000000000000e+04
5.169500000000000000e+04
5.169600000000000000e+04
5.169700000000000000e+04
5.169800000000000000e+04
5.169900000000000000e+04
5.170000000000000000e+04
5.170100000000000000e+04
5.170200000000000000e+04
5.170300000000000000e+04
5.170400000000000000e+04
5.170500000000000000e+04
5.170600000000000000e+04
5.170700000000000000e+04
5.170800000000000000e+04
5.170900000000000000e+04
5.171000000000000000e+04
5.171100000000000000e+04
5.171200000000000000e+04
5.171300000000000000e+04
5.171400000000000000e+04
5.171500000000000000e+04
5.171600000000000000e+04
5.171700000000000000e+04
5.171800000000000000e+04
5.171900000000000000e+04
5.172000000000000000e+04
5.172100000000000000e+04
5.172200000000000000e+04
5.172300000000000000e+04
5.172400000000000000e+04
5.172500000000000000e+04
5.172600000000000000e+04
5.172700000000000000e+04
5.172800000000000000e+04
5.172900000000000000e+04
6.798500000000000000e+04
6.798900000000000000e+04
6.799200000000000000e+04
6.799300000000000000e+04
6.799400000000000000e+04
6.799600000000000000e+04
6.799700000000000000e+04
6.799800000000000000e+04
6.800000000000000000e+04
6.800100000000000000e+04
6.800200000000000000e+04
6.800300000000000000e+04
6.800400000000000000e+04
6.800500000000000000e+04
6.800600000000000000e+04
6.800700000000000000e+04
6.800800000000000000e+04
6.800900000000000000e+04
6.801000000000000000e+04
6.801100000000000000e+04
6.801200000000000000e+04
6.801300000000000000e+04
6.801400000000000000e+04
6.801500000000000000e+04
6.801600000000000000e+04
6.801700000000000000e+04
6.801800000000000000e+04
6.801900000000000000e+04
6.802000000000000000e+04
6.802100000000000000e+04
6.802200000000000000e+04
6.802300000000000000e+04
6.802400000000000000e+04
6.802500000000000000e+04
6.802600000000000000e+04
6.802700000000000000e+04
6.802800000000000000e+04
6.802900000000000000e+04
6.803000000000000000e+04
6.803100000000000000e+04
6.803200000000000000e+04
6.803300000000000000e+04
6.803400000000000000e+04
6.803500000000000000e+04
6.803600000000000000e+04
6.803700000000000000e+04
6.803800000000000000e+04
6.803900000000000000e+04
6.804000000000000000e+04
6.804100000000000000e+04
6.804200000000000000e+04
6.804300000000000000e+04
6.804400000000000000e+04
6.804500000000000000e+04
6.804600000000000000e+04
6.804700000000000000e+04
6.804800000000000000e+04
6.804900000000000000e+04
6.805000000000000000e+04
6.805100000000000000e+04
6.805200000000000000e+04
6.805300000000000000e+04
6.805400000000000000e+04
6.805500000000000000e+04
6.805600000000000000e+04
6.805700000000000000e+04
6.805800000000000000e+04
6.805900000000000000e+04
6.806000000000000000e+04
6.806100000000000000e+04
6.806200000000000000e+04
6.806300000000000000e+04
6.806400000000000000e+04
6.806500000000000000e+04
6.806600000000000000e+04
6.806700000000000000e+04
6.806800000000000000e+04
6.806900000000000000e+04
6.807000000000000000e+04
6.807100000000000000e+04
6.807200000000000000e+04
6.807300000000000000e+04
6.807400000000000000e+04
6.807500000000000000e+04
6.807600000000000000e+04
6.807700000000000000e+04
6.807800000000000000e+04
6.807900000000000000e+04
6.808000000000000000e+04
6.808100000000000000e+04
6.808200000000000000e+04
6.808300000000000000e+04
6.808400000000000000e+04
6.808500000000000000e+04
6.808600000000000000e+04
6.808700000000000000e+04
6.808800000000000000e+04
6.808900000000000000e+04
6.809000000000000000e+04
6.809100000000000000e+04
6.809200000000000000e+04
6.809300000000000000e+04
6.809400000000000000e+04
6.809500000000000000e+04
6.809600000000000000e+04
9.784100000000000000e+04
9.784300000000000000e+04
9.784500000000000000e+04
9.784600000000000000e+04
9.784700000000000000e+04
9.784900000000000000e+04
9.786500000000000000e+04
9.786900000000000000e+04
9.787300000000000000e+04
9.787500000000000000e+04
9.787700000000000000e+04
9.787800000000000000e+04
9.787900000000000000e+04
9.788000000000000000e+04
9.788100000000000000e+04
9.788200000000000000e+04
9.788300000000000000e+04
9.788400000000000000e+04
9.788500000000000000e+04
9.788600000000000000e+04
9.788700000000000000e+04
9.788800000000000000e+04
9.788900000000000000e+04
9.789000000000000000e+04
9.789100000000000000e+04
9.789200000000000000e+04
9.789300000000000000e+04
9.789400000000000000e+04
9.789500000000000000e+04
9.789600000000000000e+04
9.789700000000000000e+04
9.789800000000000000e+04
9.789900000000000000e+04
9.790000000000000000e+04
9.790100000000000000e+04
9.790200000000000000e+04
9.790300000000000000e+04
9.790400000000000000e+04
9.790500000000000000e+04
9.790600000000000000e+04
9.790700000000000000e+04
9.790800000000000000e+04
9.790900000000000000e+04
9.791000000000000000e+04
9.791100000000000000e+04
9.791200000000000000e+04
9.791300000000000000e+04
9.791400000000000000e+04
9.791500000000000000e+04
9.791600000000000000e+04
