5.101000000000000000e+03
5.102000000000000000e+03
8.244000000000000000e+03
8.245000000000000000e+03
8.247000000000000000e+03
8.248000000000000000e+03
8.249000000000000000e+03
1.069900000000000000e+04
1.070200000000000000e+04
1.070300000000000000e+04
1.070400000000000000e+04
1.070600000000000000e+04
1.070700000000000000e+04
1.070800000000000000e+04
1.070900000000000000e+04
1.099400000000000000e+04
1.099700000000000000e+04
1.099800000000000000e+04
1.100100000000000000e+04
1.100200000000000000e+04
