2.113400000000000000e+04
2.113500000000000000e+04
2.113700000000000000e+04
2.113800000000000000e+04
2.113900000000000000e+04
2.114100000000000000e+04
2.114200000000000000e+04
2.114300000000000000e+04
2.114400000000000000e+04
2.114500000000000000e+04
2.114600000000000000e+04
2.114700000000000000e+04
2.114800000000000000e+04
2.114900000000000000e+04
2.115000000000000000e+04
2.115100000000000000e+04
2.115200000000000000e+04
2.115300000000000000e+04
2.115400000000000000e+04
2.115500000000000000e+04
2.115600000000000000e+04
2.115700000000000000e+04
2.115800000000000000e+04
2.115900000000000000e+04
2.116100000000000000e+04
2.116200000000000000e+04
2.116300000000000000e+04
4.711200000000000000e+04
4.711400000000000000e+04
4.711500000000000000e+04
4.711600000000000000e+04
4.745600000000000000e+04
4.746000000000000000e+04
4.746400000000000000e+04
4.746800000000000000e+04
5.503100000000000000e+04
5.503500000000000000e+04
5.503900000000000000e+04
5.504300000000000000e+04
5.504700000000000000e+04
5.505100000000000000e+04
5.505500000000000000e+04
