7.345000000000000000e+03
7.347000000000000000e+03
1.636500000000000000e+04
1.639300000000000000e+04
1.833600000000000000e+04
1.833700000000000000e+04
1.833800000000000000e+04
1.834000000000000000e+04
1.999900000000000000e+04
2.000000000000000000e+04
2.000100000000000000e+04
2.000300000000000000e+04
2.001500000000000000e+04
2.002700000000000000e+04
2.003100000000000000e+04
2.005900000000000000e+04
2.006100000000000000e+04
2.006300000000000000e+04
2.039300000000000000e+04
2.039400000000000000e+04
2.039500000000000000e+04
2.125800000000000000e+04
2.126600000000000000e+04
2.128600000000000000e+04
2.128700000000000000e+04
2.128900000000000000e+04
