1.641200000000000000e+04
1.641300000000000000e+04
1.641400000000000000e+04
1.641500000000000000e+04
1.641600000000000000e+04
1.641700000000000000e+04
1.641800000000000000e+04
1.641900000000000000e+04
1.642000000000000000e+04
1.642100000000000000e+04
1.642200000000000000e+04
1.642300000000000000e+04
1.642400000000000000e+04
1.642500000000000000e+04
1.642600000000000000e+04
1.642700000000000000e+04
1.642800000000000000e+04
1.642900000000000000e+04
1.643000000000000000e+04
1.643100000000000000e+04
1.643200000000000000e+04
1.643300000000000000e+04
1.643400000000000000e+04
1.643500000000000000e+04
1.643600000000000000e+04
1.643700000000000000e+04
1.643800000000000000e+04
1.643900000000000000e+04
1.644000000000000000e+04
1.644100000000000000e+04
1.644200000000000000e+04
1.644300000000000000e+04
1.644400000000000000e+04
1.644500000000000000e+04
1.644600000000000000e+04
1.644700000000000000e+04
1.644800000000000000e+04
1.644900000000000000e+04
1.645000000000000000e+04
1.645100000000000000e+04
1.645200000000000000e+04
1.645300000000000000e+04
1.645400000000000000e+04
1.645500000000000000e+04
1.645600000000000000e+04
1.645700000000000000e+04
1.645800000000000000e+04
1.645900000000000000e+04
1.646000000000000000e+04
1.646100000000000000e+04
1.646200000000000000e+04
1.646300000000000000e+04
1.646400000000000000e+04
1.646500000000000000e+04
1.646600000000000000e+04
1.646700000000000000e+04
1.646800000000000000e+04
1.646900000000000000e+04
1.647000000000000000e+04
1.647100000000000000e+04
1.647200000000000000e+04
1.647300000000000000e+04
1.647400000000000000e+04
1.647500000000000000e+04
1.647600000000000000e+04
1.647700000000000000e+04
1.647800000000000000e+04
1.647900000000000000e+04
1.648000000000000000e+04
1.648100000000000000e+04
1.648200000000000000e+04
1.648300000000000000e+04
1.648400000000000000e+04
1.648500000000000000e+04
1.648600000000000000e+04
1.648700000000000000e+04
1.648800000000000000e+04
1.648900000000000000e+04
1.649000000000000000e+04
1.649100000000000000e+04
1.649200000000000000e+04
1.649300000000000000e+04
1.649400000000000000e+04
1.649500000000000000e+04
1.649600000000000000e+04
1.649700000000000000e+04
1.649800000000000000e+04
1.649900000000000000e+04
1.650000000000000000e+04
1.650100000000000000e+04
1.650200000000000000e+04
1.650300000000000000e+04
1.650400000000000000e+04
1.650500000000000000e+04
1.650600000000000000e+04
1.650700000000000000e+04
1.650800000000000000e+04
1.650900000000000000e+04
1.651000000000000000e+04
1.651100000000000000e+04
1.651200000000000000e+04
1.651300000000000000e+04
1.651400000000000000e+04
1.651500000000000000e+04
1.651600000000000000e+04
1.651700000000000000e+04
1.651800000000000000e+04
1.651900000000000000e+04
1.652000000000000000e+04
1.652100000000000000e+04
1.652200000000000000e+04
1.652300000000000000e+04
1.652400000000000000e+04
1.652500000000000000e+04
1.652600000000000000e+04
1.652700000000000000e+04
1.652800000000000000e+04
1.652900000000000000e+04
1.653000000000000000e+04
1.653100000000000000e+04
1.653200000000000000e+04
1.653300000000000000e+04
1.653400000000000000e+04
1.653500000000000000e+04
1.653600000000000000e+04
1.653700000000000000e+04
1.653800000000000000e+04
1.653900000000000000e+04
1.654000000000000000e+04
1.654100000000000000e+04
1.654200000000000000e+04
1.654300000000000000e+04
1.654400000000000000e+04
1.654500000000000000e+04
1.654600000000000000e+04
1.654700000000000000e+04
1.654800000000000000e+04
1.654900000000000000e+04
1.655000000000000000e+04
1.655100000000000000e+04
1.655200000000000000e+04
1.655300000000000000e+04
1.655400000000000000e+04
1.655500000000000000e+04
1.655600000000000000e+04
1.655700000000000000e+04
1.655800000000000000e+04
1.655900000000000000e+04
1.656000000000000000e+04
1.656100000000000000e+04
1.656200000000000000e+04
1.656300000000000000e+04
1.656400000000000000e+04
1.656500000000000000e+04
1.656600000000000000e+04
1.656700000000000000e+04
1.656800000000000000e+04
1.656900000000000000e+04
1.657000000000000000e+04
1.657100000000000000e+04
1.657200000000000000e+04
1.657300000000000000e+04
1.657400000000000000e+04
1.657500000000000000e+04
1.657600000000000000e+04
1.657700000000000000e+04
1.657800000000000000e+04
1.657900000000000000e+04
1.658000000000000000e+04
1.658100000000000000e+04
1.658200000000000000e+04
1.658300000000000000e+04
1.658400000000000000e+04
1.658500000000000000e+04
1.658600000000000000e+04
1.658700000000000000e+04
1.658800000000000000e+04
1.658900000000000000e+04
1.659000000000000000e+04
1.659100000000000000e+04
1.659200000000000000e+04
1.659300000000000000e+04
1.659400000000000000e+04
1.659500000000000000e+04
1.659600000000000000e+04
1.659700000000000000e+04
1.659800000000000000e+04
1.659900000000000000e+04
1.660000000000000000e+04
1.660100000000000000e+04
1.660200000000000000e+04
1.660300000000000000e+04
1.660400000000000000e+04
1.660500000000000000e+04
1.660600000000000000e+04
1.660700000000000000e+04
1.660800000000000000e+04
1.660900000000000000e+04
1.661000000000000000e+04
1.661100000000000000e+04
1.661200000000000000e+04
1.661300000000000000e+04
1.661400000000000000e+04
1.661500000000000000e+04
1.661600000000000000e+04
1.661700000000000000e+04
1.661800000000000000e+04
1.661900000000000000e+04
1.662000000000000000e+04
1.662100000000000000e+04
1.662200000000000000e+04
1.662300000000000000e+04
1.662400000000000000e+04
1.662500000000000000e+04
1.662600000000000000e+04
1.662700000000000000e+04
1.662800000000000000e+04
1.662900000000000000e+04
1.663000000000000000e+04
1.663100000000000000e+04
1.663200000000000000e+04
1.663300000000000000e+04
1.663400000000000000e+04
1.663500000000000000e+04
1.663600000000000000e+04
1.663700000000000000e+04
1.664100000000000000e+04
1.307660000000000000e+05
1.307670000000000000e+05
1.307680000000000000e+05
1.307690000000000000e+05
1.307700000000000000e+05
1.307710000000000000e+05
1.307720000000000000e+05
1.307730000000000000e+05
1.307740000000000000e+05
1.307750000000000000e+05
1.307760000000000000e+05
1.307770000000000000e+05
1.307780000000000000e+05
1.307790000000000000e+05
1.307800000000000000e+05
1.307810000000000000e+05
1.307820000000000000e+05
1.307830000000000000e+05
1.307840000000000000e+05
1.307850000000000000e+05
1.307860000000000000e+05
1.307870000000000000e+05
1.307880000000000000e+05
1.307890000000000000e+05
1.307900000000000000e+05
1.307910000000000000e+05
1.307920000000000000e+05
1.307930000000000000e+05
1.307940000000000000e+05
1.307950000000000000e+05
1.307960000000000000e+05
1.307970000000000000e+05
1.307980000000000000e+05
1.307990000000000000e+05
1.308000000000000000e+05
1.308010000000000000e+05
1.308020000000000000e+05
1.308030000000000000e+05
1.308040000000000000e+05
1.308050000000000000e+05
1.308060000000000000e+05
1.308070000000000000e+05
1.308080000000000000e+05
1.308090000000000000e+05
1.308100000000000000e+05
1.308110000000000000e+05
1.308120000000000000e+05
1.308130000000000000e+05
1.308140000000000000e+05
1.308150000000000000e+05
1.308160000000000000e+05
1.308170000000000000e+05
1.308180000000000000e+05
1.308190000000000000e+05
1.308200000000000000e+05
1.308210000000000000e+05
1.308220000000000000e+05
1.308230000000000000e+05
1.308240000000000000e+05
1.308250000000000000e+05
1.308260000000000000e+05
1.308270000000000000e+05
1.308280000000000000e+05
1.308290000000000000e+05
1.308300000000000000e+05
1.308310000000000000e+05
1.308320000000000000e+05
1.308330000000000000e+05
1.308340000000000000e+05
1.308350000000000000e+05
1.308360000000000000e+05
1.308370000000000000e+05
1.308380000000000000e+05
1.308390000000000000e+05
1.308400000000000000e+05
1.308410000000000000e+05
1.308420000000000000e+05
1.308430000000000000e+05
1.308440000000000000e+05
1.308450000000000000e+05
1.308460000000000000e+05
1.308470000000000000e+05
1.308480000000000000e+05
1.308490000000000000e+05
1.308500000000000000e+05
1.308510000000000000e+05
1.308520000000000000e+05
1.308530000000000000e+05
1.308540000000000000e+05
1.308550000000000000e+05
1.308560000000000000e+05
1.308570000000000000e+05
1.308580000000000000e+05
1.308590000000000000e+05
1.308600000000000000e+05
1.308610000000000000e+05
1.308620000000000000e+05
1.308630000000000000e+05
1.308640000000000000e+05
1.308650000000000000e+05
1.308660000000000000e+05
1.308670000000000000e+05
1.308680000000000000e+05
1.308690000000000000e+05
1.308700000000000000e+05
1.308710000000000000e+05
1.308720000000000000e+05
1.308730000000000000e+05
1.308740000000000000e+05
1.308750000000000000e+05
1.308760000000000000e+05
1.311940000000000000e+05
1.311950000000000000e+05
1.311960000000000000e+05
1.311970000000000000e+05
1.311980000000000000e+05
1.311990000000000000e+05
1.312000000000000000e+05
1.312010000000000000e+05
1.312020000000000000e+05
1.312030000000000000e+05
1.312040000000000000e+05
1.312050000000000000e+05
1.312060000000000000e+05
1.312070000000000000e+05
1.312080000000000000e+05
1.312090000000000000e+05
1.312100000000000000e+05
1.312110000000000000e+05
1.312120000000000000e+05
1.312130000000000000e+05
1.312140000000000000e+05
1.312150000000000000e+05
1.312160000000000000e+05
1.312170000000000000e+05
1.312180000000000000e+05
1.312190000000000000e+05
1.312200000000000000e+05
1.312210000000000000e+05
1.312220000000000000e+05
1.312230000000000000e+05
1.312240000000000000e+05
1.312250000000000000e+05
1.312260000000000000e+05
1.312270000000000000e+05
1.312280000000000000e+05
1.312290000000000000e+05
1.312300000000000000e+05
1.312310000000000000e+05
1.312320000000000000e+05
1.312330000000000000e+05
1.312340000000000000e+05
1.312350000000000000e+05
1.312360000000000000e+05
1.312370000000000000e+05
1.312380000000000000e+05
1.312390000000000000e+05
1.312400000000000000e+05
1.312410000000000000e+05
1.312420000000000000e+05
1.312430000000000000e+05
1.312440000000000000e+05
1.312450000000000000e+05
1.312460000000000000e+05
1.337100000000000000e+05
1.337110000000000000e+05
1.337120000000000000e+05
1.337130000000000000e+05
1.337140000000000000e+05
1.337150000000000000e+05
1.337160000000000000e+05
1.337170000000000000e+05
1.337180000000000000e+05
1.337190000000000000e+05
1.337200000000000000e+05
1.337210000000000000e+05
1.337220000000000000e+05
1.337230000000000000e+05
1.337240000000000000e+05
1.337250000000000000e+05
1.337260000000000000e+05
1.337270000000000000e+05
1.337280000000000000e+05
1.337290000000000000e+05
1.337300000000000000e+05
1.337310000000000000e+05
1.337320000000000000e+05
1.337330000000000000e+05
1.337340000000000000e+05
1.337350000000000000e+05
1.337360000000000000e+05
1.337370000000000000e+05
1.337380000000000000e+05
1.337390000000000000e+05
1.337400000000000000e+05
1.337410000000000000e+05
1.337420000000000000e+05
1.337430000000000000e+05
1.337440000000000000e+05
1.337450000000000000e+05
1.337460000000000000e+05
1.337470000000000000e+05
1.337480000000000000e+05
1.337490000000000000e+05
1.337500000000000000e+05
1.337510000000000000e+05
1.337520000000000000e+05
1.337530000000000000e+05
1.337540000000000000e+05
1.337550000000000000e+05
1.337560000000000000e+05
1.337570000000000000e+05
1.337580000000000000e+05
1.337590000000000000e+05
1.337600000000000000e+05
1.337610000000000000e+05
1.337620000000000000e+05
1.337630000000000000e+05
1.337640000000000000e+05
1.337650000000000000e+05
1.337660000000000000e+05
1.337670000000000000e+05
1.337680000000000000e+05
1.337690000000000000e+05
1.337700000000000000e+05
1.337710000000000000e+05
1.337720000000000000e+05
1.337730000000000000e+05
1.337740000000000000e+05
1.337750000000000000e+05
1.337760000000000000e+05
1.337770000000000000e+05
1.337780000000000000e+05
1.337790000000000000e+05
1.337800000000000000e+05
1.337810000000000000e+05
1.337820000000000000e+05
1.337830000000000000e+05
1.337840000000000000e+05
1.337850000000000000e+05
1.337860000000000000e+05
1.337870000000000000e+05
1.337880000000000000e+05
1.337890000000000000e+05
1.337900000000000000e+05
1.337910000000000000e+05
1.337920000000000000e+05
1.337930000000000000e+05
1.337940000000000000e+05
1.337950000000000000e+05
1.337960000000000000e+05
1.337970000000000000e+05
1.337980000000000000e+05
1.337990000000000000e+05
1.338000000000000000e+05
1.338010000000000000e+05
1.338020000000000000e+05
1.338030000000000000e+05
1.338040000000000000e+05
1.338050000000000000e+05
1.338060000000000000e+05
1.338070000000000000e+05
1.338080000000000000e+05
1.338090000000000000e+05
1.338100000000000000e+05
1.338110000000000000e+05
1.338120000000000000e+05
1.338130000000000000e+05
1.338140000000000000e+05
1.338150000000000000e+05
1.338160000000000000e+05
1.338170000000000000e+05
1.338180000000000000e+05
1.338190000000000000e+05
1.338200000000000000e+05
1.338210000000000000e+05
1.338220000000000000e+05
1.338230000000000000e+05
1.338240000000000000e+05
1.338250000000000000e+05
1.338260000000000000e+05
1.338270000000000000e+05
1.338280000000000000e+05
1.338290000000000000e+05
1.338300000000000000e+05
1.338310000000000000e+05
1.338320000000000000e+05
1.338330000000000000e+05
1.338340000000000000e+05
1.338350000000000000e+05
1.338360000000000000e+05
1.338370000000000000e+05
1.338380000000000000e+05
1.338390000000000000e+05
1.338400000000000000e+05
1.338410000000000000e+05
1.338420000000000000e+05
1.338430000000000000e+05
1.338440000000000000e+05
1.338450000000000000e+05
1.338460000000000000e+05
1.338470000000000000e+05
1.338480000000000000e+05
1.338490000000000000e+05
1.338500000000000000e+05
1.338510000000000000e+05
1.338520000000000000e+05
1.338530000000000000e+05
1.338540000000000000e+05
1.338550000000000000e+05
1.338560000000000000e+05
1.338590000000000000e+05
1.338600000000000000e+05
1.338630000000000000e+05
1.338640000000000000e+05
1.338660000000000000e+05
1.338670000000000000e+05
1.338680000000000000e+05
1.338700000000000000e+05
1.338710000000000000e+05
1.338720000000000000e+05
1.338730000000000000e+05
1.338740000000000000e+05
1.338750000000000000e+05
1.338760000000000000e+05
1.338770000000000000e+05
1.338780000000000000e+05
1.338790000000000000e+05
1.338800000000000000e+05
1.338810000000000000e+05
1.338820000000000000e+05
1.338830000000000000e+05
1.338840000000000000e+05
1.338850000000000000e+05
1.338860000000000000e+05
1.338870000000000000e+05
1.338880000000000000e+05
1.338890000000000000e+05
1.338900000000000000e+05
1.338910000000000000e+05
1.338920000000000000e+05
1.338930000000000000e+05
1.338940000000000000e+05
1.338950000000000000e+05
1.338960000000000000e+05
1.338970000000000000e+05
1.338980000000000000e+05
1.338990000000000000e+05
1.339000000000000000e+05
1.339010000000000000e+05
1.339020000000000000e+05
1.339030000000000000e+05
1.339040000000000000e+05
1.339050000000000000e+05
1.339060000000000000e+05
1.339070000000000000e+05
1.339080000000000000e+05
1.339090000000000000e+05
1.339100000000000000e+05
1.339110000000000000e+05
1.339120000000000000e+05
1.339130000000000000e+05
1.339140000000000000e+05
1.339150000000000000e+05
1.339160000000000000e+05
1.339170000000000000e+05
1.339180000000000000e+05
1.339190000000000000e+05
1.339200000000000000e+05
1.339210000000000000e+05
1.339220000000000000e+05
1.339230000000000000e+05
1.339240000000000000e+05
1.339250000000000000e+05
1.339260000000000000e+05
1.339270000000000000e+05
1.339280000000000000e+05
1.339290000000000000e+05
1.339300000000000000e+05
1.339310000000000000e+05
1.339320000000000000e+05
1.339330000000000000e+05
1.339340000000000000e+05
1.339350000000000000e+05
1.339360000000000000e+05
1.339370000000000000e+05
1.339380000000000000e+05
1.339390000000000000e+05
1.339400000000000000e+05
1.339410000000000000e+05
1.339420000000000000e+05
1.339430000000000000e+05
1.339440000000000000e+05
1.339450000000000000e+05
1.339460000000000000e+05
1.339470000000000000e+05
1.339480000000000000e+05
1.339490000000000000e+05
1.339500000000000000e+05
1.339510000000000000e+05
1.339520000000000000e+05
1.339530000000000000e+05
1.339540000000000000e+05
1.339550000000000000e+05
1.339560000000000000e+05
1.339570000000000000e+05
1.339580000000000000e+05
1.339590000000000000e+05
1.339600000000000000e+05
1.339610000000000000e+05
1.339620000000000000e+05
1.339630000000000000e+05
1.339640000000000000e+05
1.339650000000000000e+05
1.339660000000000000e+05
1.339670000000000000e+05
1.339680000000000000e+05
1.339690000000000000e+05
1.339700000000000000e+05
1.339710000000000000e+05
1.339720000000000000e+05
1.339730000000000000e+05
1.339740000000000000e+05
1.339750000000000000e+05
1.339760000000000000e+05
1.339770000000000000e+05
1.339780000000000000e+05
1.339790000000000000e+05
1.339800000000000000e+05
1.339810000000000000e+05
1.339820000000000000e+05
1.339830000000000000e+05
1.339840000000000000e+05
1.339850000000000000e+05
1.339860000000000000e+05
1.339870000000000000e+05
1.339880000000000000e+05
1.339890000000000000e+05
1.339900000000000000e+05
1.339910000000000000e+05
1.339920000000000000e+05
1.339930000000000000e+05
1.339940000000000000e+05
1.339950000000000000e+05
1.339960000000000000e+05
1.339970000000000000e+05
1.339980000000000000e+05
1.339990000000000000e+05
1.340000000000000000e+05
1.340010000000000000e+05
1.340020000000000000e+05
1.340030000000000000e+05
1.340040000000000000e+05
1.340050000000000000e+05
1.340060000000000000e+05
1.340070000000000000e+05
1.340080000000000000e+05
1.340100000000000000e+05
1.340110000000000000e+05
1.340120000000000000e+05
1.340150000000000000e+05
1.340230000000000000e+05
1.340240000000000000e+05
1.340260000000000000e+05
1.340270000000000000e+05
1.340280000000000000e+05
1.340290000000000000e+05
1.340300000000000000e+05
1.340310000000000000e+05
1.340320000000000000e+05
1.340330000000000000e+05
1.340340000000000000e+05
1.340350000000000000e+05
1.340360000000000000e+05
1.340370000000000000e+05
1.340380000000000000e+05
1.340390000000000000e+05
1.340400000000000000e+05
1.340410000000000000e+05
1.340420000000000000e+05
1.340430000000000000e+05
1.340440000000000000e+05
1.340450000000000000e+05
1.340460000000000000e+05
1.340470000000000000e+05
1.340480000000000000e+05
1.340490000000000000e+05
1.340500000000000000e+05
1.340510000000000000e+05
1.340520000000000000e+05
1.340530000000000000e+05
1.340540000000000000e+05
1.340550000000000000e+05
1.340560000000000000e+05
1.340570000000000000e+05
1.340580000000000000e+05
1.340590000000000000e+05
1.340600000000000000e+05
1.340610000000000000e+05
1.340620000000000000e+05
1.340630000000000000e+05
1.340640000000000000e+05
1.340650000000000000e+05
1.340660000000000000e+05
1.340670000000000000e+05
1.340680000000000000e+05
1.340690000000000000e+05
1.340700000000000000e+05
1.340710000000000000e+05
1.340720000000000000e+05
1.340730000000000000e+05
1.340740000000000000e+05
1.340750000000000000e+05
1.340760000000000000e+05
1.340770000000000000e+05
1.340780000000000000e+05
1.340790000000000000e+05
1.340800000000000000e+05
1.340810000000000000e+05
1.340820000000000000e+05
1.340830000000000000e+05
1.340840000000000000e+05
1.340850000000000000e+05
1.340860000000000000e+05
1.340870000000000000e+05
1.340880000000000000e+05
1.340890000000000000e+05
1.340900000000000000e+05
1.340910000000000000e+05
1.340920000000000000e+05
1.340930000000000000e+05
1.340940000000000000e+05
1.340950000000000000e+05
1.340960000000000000e+05
1.340970000000000000e+05
1.340980000000000000e+05
1.340990000000000000e+05
1.341000000000000000e+05
1.341010000000000000e+05
1.341020000000000000e+05
1.341030000000000000e+05
1.341040000000000000e+05
1.341050000000000000e+05
1.341060000000000000e+05
1.341070000000000000e+05
1.341080000000000000e+05
1.341090000000000000e+05
1.341100000000000000e+05
1.341110000000000000e+05
1.341120000000000000e+05
1.341130000000000000e+05
1.341140000000000000e+05
1.341150000000000000e+05
1.341160000000000000e+05
1.341170000000000000e+05
1.341180000000000000e+05
1.341190000000000000e+05
1.341200000000000000e+05
1.341210000000000000e+05
1.341220000000000000e+05
1.341230000000000000e+05
1.341240000000000000e+05
1.341250000000000000e+05
1.341260000000000000e+05
1.341270000000000000e+05
1.341280000000000000e+05
1.341290000000000000e+05
1.341300000000000000e+05
1.341310000000000000e+05
1.341320000000000000e+05
1.341330000000000000e+05
1.341340000000000000e+05
1.341350000000000000e+05
1.341360000000000000e+05
1.341370000000000000e+05
1.341380000000000000e+05
1.341390000000000000e+05
1.341400000000000000e+05
1.341410000000000000e+05
1.341420000000000000e+05
1.341430000000000000e+05
1.341440000000000000e+05
1.341450000000000000e+05
1.341460000000000000e+05
1.341470000000000000e+05
1.341480000000000000e+05
1.341490000000000000e+05
1.341500000000000000e+05
1.341510000000000000e+05
1.341520000000000000e+05
1.341530000000000000e+05
1.341540000000000000e+05
1.341550000000000000e+05
1.341560000000000000e+05
1.341570000000000000e+05
1.341580000000000000e+05
1.341590000000000000e+05
1.341600000000000000e+05
1.341610000000000000e+05
1.341620000000000000e+05
1.341630000000000000e+05
1.341640000000000000e+05
1.341650000000000000e+05
1.341660000000000000e+05
1.341670000000000000e+05
1.341680000000000000e+05
1.341690000000000000e+05
1.341700000000000000e+05
1.341710000000000000e+05
1.341720000000000000e+05
1.341730000000000000e+05
1.341740000000000000e+05
1.341750000000000000e+05
1.341760000000000000e+05
1.341770000000000000e+05
1.341780000000000000e+05
1.341790000000000000e+05
1.341800000000000000e+05
1.341810000000000000e+05
1.341820000000000000e+05
1.341830000000000000e+05
1.341840000000000000e+05
1.341850000000000000e+05
1.341860000000000000e+05
1.341870000000000000e+05
1.341880000000000000e+05
1.341890000000000000e+05
1.341900000000000000e+05
1.341910000000000000e+05
1.341920000000000000e+05
1.341930000000000000e+05
1.341940000000000000e+05
