1.338460000000000000e+05
1.338470000000000000e+05
1.338480000000000000e+05
1.338490000000000000e+05
1.338500000000000000e+05
1.338510000000000000e+05
1.338520000000000000e+05
1.338530000000000000e+05
1.338540000000000000e+05
1.338550000000000000e+05
1.338560000000000000e+05
1.338570000000000000e+05
1.338580000000000000e+05
1.338590000000000000e+05
1.338600000000000000e+05
1.338610000000000000e+05
1.338620000000000000e+05
1.338630000000000000e+05
1.338640000000000000e+05
1.338650000000000000e+05
1.338660000000000000e+05
1.338670000000000000e+05
1.338680000000000000e+05
1.338690000000000000e+05
1.338700000000000000e+05
1.338710000000000000e+05
1.338720000000000000e+05
1.338730000000000000e+05
1.338740000000000000e+05
1.338750000000000000e+05
1.338760000000000000e+05
1.338770000000000000e+05
1.338780000000000000e+05
1.338790000000000000e+05
1.338800000000000000e+05
1.338810000000000000e+05
1.338820000000000000e+05
1.338830000000000000e+05
1.338840000000000000e+05
1.338850000000000000e+05
1.338860000000000000e+05
1.338870000000000000e+05
1.338880000000000000e+05
1.338890000000000000e+05
1.338900000000000000e+05
1.338910000000000000e+05
1.338920000000000000e+05
1.338930000000000000e+05
1.338940000000000000e+05
1.338950000000000000e+05
1.338960000000000000e+05
1.338970000000000000e+05
1.338980000000000000e+05
1.338990000000000000e+05
1.339000000000000000e+05
1.339010000000000000e+05
1.339020000000000000e+05
1.339030000000000000e+05
1.339040000000000000e+05
1.339050000000000000e+05
1.339060000000000000e+05
1.339070000000000000e+05
1.339080000000000000e+05
1.339090000000000000e+05
1.339100000000000000e+05
1.339110000000000000e+05
1.339120000000000000e+05
1.339130000000000000e+05
1.339140000000000000e+05
1.339150000000000000e+05
1.339160000000000000e+05
1.339170000000000000e+05
1.339180000000000000e+05
1.339190000000000000e+05
1.339200000000000000e+05
1.339210000000000000e+05
1.339220000000000000e+05
1.339230000000000000e+05
1.339240000000000000e+05
1.339250000000000000e+05
1.339260000000000000e+05
1.339270000000000000e+05
1.339280000000000000e+05
1.339290000000000000e+05
1.339300000000000000e+05
1.339310000000000000e+05
1.339320000000000000e+05
1.339330000000000000e+05
1.339340000000000000e+05
1.339350000000000000e+05
1.339360000000000000e+05
1.339370000000000000e+05
1.339380000000000000e+05
1.339390000000000000e+05
1.339400000000000000e+05
1.339410000000000000e+05
1.339420000000000000e+05
1.339430000000000000e+05
1.339440000000000000e+05
1.339450000000000000e+05
1.339460000000000000e+05
1.339470000000000000e+05
1.339480000000000000e+05
1.339490000000000000e+05
1.339500000000000000e+05
1.339510000000000000e+05
1.339520000000000000e+05
1.339530000000000000e+05
1.339540000000000000e+05
1.339550000000000000e+05
1.339560000000000000e+05
1.339570000000000000e+05
1.339580000000000000e+05
1.339590000000000000e+05
1.339600000000000000e+05
1.339610000000000000e+05
1.339620000000000000e+05
1.339630000000000000e+05
1.339640000000000000e+05
1.339650000000000000e+05
1.339660000000000000e+05
1.339670000000000000e+05
1.339680000000000000e+05
1.339690000000000000e+05
1.339700000000000000e+05
1.339710000000000000e+05
1.339720000000000000e+05
1.339730000000000000e+05
1.339740000000000000e+05
1.339750000000000000e+05
1.339760000000000000e+05
1.339770000000000000e+05
1.339780000000000000e+05
1.339790000000000000e+05
1.339800000000000000e+05
1.339810000000000000e+05
1.339820000000000000e+05
1.339830000000000000e+05
1.339840000000000000e+05
1.339850000000000000e+05
1.339860000000000000e+05
1.339870000000000000e+05
1.339880000000000000e+05
1.339890000000000000e+05
1.339900000000000000e+05
1.339910000000000000e+05
1.339920000000000000e+05
1.339930000000000000e+05
1.339940000000000000e+05
1.339950000000000000e+05
1.339960000000000000e+05
1.339970000000000000e+05
1.339980000000000000e+05
1.339990000000000000e+05
1.340000000000000000e+05
1.340010000000000000e+05
1.340020000000000000e+05
1.340030000000000000e+05
1.340040000000000000e+05
1.340050000000000000e+05
1.340060000000000000e+05
1.340070000000000000e+05
1.340080000000000000e+05
1.340990000000000000e+05
1.341000000000000000e+05
1.341020000000000000e+05
1.341030000000000000e+05
1.341040000000000000e+05
1.341070000000000000e+05
1.341080000000000000e+05
