1.645000000000000000e+04
1.645100000000000000e+04
1.645200000000000000e+04
1.645300000000000000e+04
1.645400000000000000e+04
1.645500000000000000e+04
1.645600000000000000e+04
1.645700000000000000e+04
1.645800000000000000e+04
1.645900000000000000e+04
1.646000000000000000e+04
1.646100000000000000e+04
1.646200000000000000e+04
1.646300000000000000e+04
1.646400000000000000e+04
1.646500000000000000e+04
1.646600000000000000e+04
1.646700000000000000e+04
1.646800000000000000e+04
1.646900000000000000e+04
1.647000000000000000e+04
1.647100000000000000e+04
1.647200000000000000e+04
1.647300000000000000e+04
1.647400000000000000e+04
1.647500000000000000e+04
1.647600000000000000e+04
1.647700000000000000e+04
1.647800000000000000e+04
1.647900000000000000e+04
1.648000000000000000e+04
1.648100000000000000e+04
1.648200000000000000e+04
1.648300000000000000e+04
1.648400000000000000e+04
1.648500000000000000e+04
1.648600000000000000e+04
1.648700000000000000e+04
1.648800000000000000e+04
1.648900000000000000e+04
1.649000000000000000e+04
1.649100000000000000e+04
1.649200000000000000e+04
1.649300000000000000e+04
1.649400000000000000e+04
1.649500000000000000e+04
1.649600000000000000e+04
1.649700000000000000e+04
1.649800000000000000e+04
1.649900000000000000e+04
1.650000000000000000e+04
1.650100000000000000e+04
1.650200000000000000e+04
1.650300000000000000e+04
1.650400000000000000e+04
1.650500000000000000e+04
1.650600000000000000e+04
1.650700000000000000e+04
1.650800000000000000e+04
1.650900000000000000e+04
1.651000000000000000e+04
1.651100000000000000e+04
1.651200000000000000e+04
1.651300000000000000e+04
1.651400000000000000e+04
1.651500000000000000e+04
1.651600000000000000e+04
1.651700000000000000e+04
1.651800000000000000e+04
1.651900000000000000e+04
1.652000000000000000e+04
1.652100000000000000e+04
1.652200000000000000e+04
1.652300000000000000e+04
1.652400000000000000e+04
1.652500000000000000e+04
1.652600000000000000e+04
1.652700000000000000e+04
1.652800000000000000e+04
1.652900000000000000e+04
1.653000000000000000e+04
1.653100000000000000e+04
1.653200000000000000e+04
1.653300000000000000e+04
1.653400000000000000e+04
1.653500000000000000e+04
1.653600000000000000e+04
1.653700000000000000e+04
1.653800000000000000e+04
1.653900000000000000e+04
1.654000000000000000e+04
1.654100000000000000e+04
1.654200000000000000e+04
1.654300000000000000e+04
1.654400000000000000e+04
1.654500000000000000e+04
1.654600000000000000e+04
1.654700000000000000e+04
1.654800000000000000e+04
1.654900000000000000e+04
1.655000000000000000e+04
1.655100000000000000e+04
1.655200000000000000e+04
1.655300000000000000e+04
1.655400000000000000e+04
1.655500000000000000e+04
1.655600000000000000e+04
1.655700000000000000e+04
1.655800000000000000e+04
1.655900000000000000e+04
1.656000000000000000e+04
1.656100000000000000e+04
1.656200000000000000e+04
1.656300000000000000e+04
1.656400000000000000e+04
1.656500000000000000e+04
1.656600000000000000e+04
1.656700000000000000e+04
1.656800000000000000e+04
1.656900000000000000e+04
1.657000000000000000e+04
1.657100000000000000e+04
1.657200000000000000e+04
1.657300000000000000e+04
1.657400000000000000e+04
1.657500000000000000e+04
1.657600000000000000e+04
1.657700000000000000e+04
1.657800000000000000e+04
1.657900000000000000e+04
1.658000000000000000e+04
1.658100000000000000e+04
1.658200000000000000e+04
1.658300000000000000e+04
1.658400000000000000e+04
1.658500000000000000e+04
1.658600000000000000e+04
1.658700000000000000e+04
1.658800000000000000e+04
1.658900000000000000e+04
1.659000000000000000e+04
1.659100000000000000e+04
1.659200000000000000e+04
1.659300000000000000e+04
1.659400000000000000e+04
1.659500000000000000e+04
1.659600000000000000e+04
1.659700000000000000e+04
1.659800000000000000e+04
1.659900000000000000e+04
1.660000000000000000e+04
1.660100000000000000e+04
1.660200000000000000e+04
1.660300000000000000e+04
1.660400000000000000e+04
1.660500000000000000e+04
1.660600000000000000e+04
1.660700000000000000e+04
1.660800000000000000e+04
1.661000000000000000e+04
2.691000000000000000e+04
2.691200000000000000e+04
2.691400000000000000e+04
2.701600000000000000e+04
2.701800000000000000e+04
2.702000000000000000e+04
2.702100000000000000e+04
2.702200000000000000e+04
2.702300000000000000e+04
2.702400000000000000e+04
2.702500000000000000e+04
2.702600000000000000e+04
2.702700000000000000e+04
2.702800000000000000e+04
2.702900000000000000e+04
2.703000000000000000e+04
2.703100000000000000e+04
2.703200000000000000e+04
2.703300000000000000e+04
2.703400000000000000e+04
2.703500000000000000e+04
2.703600000000000000e+04
2.703700000000000000e+04
2.703800000000000000e+04
2.703900000000000000e+04
2.704000000000000000e+04
2.704100000000000000e+04
2.704200000000000000e+04
2.704300000000000000e+04
2.704400000000000000e+04
2.704500000000000000e+04
2.704600000000000000e+04
2.704700000000000000e+04
2.704800000000000000e+04
2.704900000000000000e+04
2.705000000000000000e+04
2.705100000000000000e+04
2.705200000000000000e+04
2.705300000000000000e+04
2.705400000000000000e+04
2.705500000000000000e+04
2.705600000000000000e+04
2.705700000000000000e+04
2.705800000000000000e+04
2.705900000000000000e+04
2.706000000000000000e+04
2.706100000000000000e+04
2.706200000000000000e+04
2.706300000000000000e+04
2.706400000000000000e+04
2.706500000000000000e+04
2.706600000000000000e+04
2.706700000000000000e+04
2.706800000000000000e+04
2.706900000000000000e+04
2.707000000000000000e+04
2.707100000000000000e+04
2.707200000000000000e+04
2.707300000000000000e+04
2.707400000000000000e+04
2.707500000000000000e+04
2.707600000000000000e+04
2.707700000000000000e+04
2.707800000000000000e+04
2.707900000000000000e+04
2.708000000000000000e+04
2.708100000000000000e+04
2.708200000000000000e+04
2.708300000000000000e+04
2.708400000000000000e+04
2.708500000000000000e+04
2.708600000000000000e+04
2.708700000000000000e+04
2.708800000000000000e+04
2.708900000000000000e+04
2.709000000000000000e+04
2.709100000000000000e+04
2.709200000000000000e+04
2.709300000000000000e+04
2.709400000000000000e+04
2.709500000000000000e+04
2.709600000000000000e+04
2.709700000000000000e+04
2.709800000000000000e+04
2.709900000000000000e+04
2.710000000000000000e+04
2.710100000000000000e+04
2.710200000000000000e+04
2.710300000000000000e+04
2.710400000000000000e+04
2.710500000000000000e+04
2.710600000000000000e+04
2.710700000000000000e+04
2.710800000000000000e+04
2.710900000000000000e+04
2.711000000000000000e+04
2.711100000000000000e+04
2.711200000000000000e+04
2.711300000000000000e+04
2.711400000000000000e+04
2.711500000000000000e+04
2.711600000000000000e+04
2.711700000000000000e+04
2.711800000000000000e+04
2.711900000000000000e+04
2.712000000000000000e+04
2.712100000000000000e+04
2.712200000000000000e+04
2.712300000000000000e+04
2.712400000000000000e+04
2.712500000000000000e+04
2.712600000000000000e+04
2.712700000000000000e+04
2.712800000000000000e+04
2.712900000000000000e+04
2.713000000000000000e+04
2.713100000000000000e+04
2.713200000000000000e+04
2.713300000000000000e+04
2.713400000000000000e+04
2.713500000000000000e+04
2.713600000000000000e+04
2.713700000000000000e+04
2.713800000000000000e+04
2.713900000000000000e+04
2.714000000000000000e+04
2.714100000000000000e+04
2.714200000000000000e+04
2.714300000000000000e+04
2.714400000000000000e+04
2.714500000000000000e+04
2.714600000000000000e+04
2.714700000000000000e+04
2.714800000000000000e+04
2.714900000000000000e+04
2.715000000000000000e+04
2.715100000000000000e+04
2.715200000000000000e+04
2.715300000000000000e+04
2.715400000000000000e+04
2.715500000000000000e+04
2.715600000000000000e+04
2.715700000000000000e+04
2.715800000000000000e+04
4.440900000000000000e+04
4.441000000000000000e+04
4.441100000000000000e+04
4.441200000000000000e+04
4.441300000000000000e+04
4.441400000000000000e+04
4.441500000000000000e+04
4.441600000000000000e+04
4.441700000000000000e+04
4.441800000000000000e+04
4.441900000000000000e+04
4.442000000000000000e+04
4.442100000000000000e+04
4.442200000000000000e+04
4.442300000000000000e+04
4.442400000000000000e+04
4.442500000000000000e+04
4.442600000000000000e+04
4.442700000000000000e+04
4.442800000000000000e+04
4.442900000000000000e+04
4.443000000000000000e+04
4.443100000000000000e+04
4.443200000000000000e+04
4.443300000000000000e+04
4.443400000000000000e+04
4.443500000000000000e+04
4.443600000000000000e+04
4.443700000000000000e+04
4.443800000000000000e+04
4.443900000000000000e+04
4.444000000000000000e+04
4.444100000000000000e+04
4.444200000000000000e+04
4.444300000000000000e+04
4.444400000000000000e+04
4.444500000000000000e+04
4.444600000000000000e+04
4.444700000000000000e+04
4.444800000000000000e+04
4.444900000000000000e+04
4.445000000000000000e+04
4.445100000000000000e+04
4.445200000000000000e+04
4.445300000000000000e+04
4.445400000000000000e+04
4.445500000000000000e+04
4.445600000000000000e+04
4.445700000000000000e+04
4.445800000000000000e+04
4.445900000000000000e+04
4.446000000000000000e+04
4.446100000000000000e+04
4.446200000000000000e+04
4.446300000000000000e+04
4.446400000000000000e+04
4.446500000000000000e+04
4.446600000000000000e+04
4.446700000000000000e+04
4.446800000000000000e+04
4.446900000000000000e+04
4.447000000000000000e+04
4.447100000000000000e+04
4.447200000000000000e+04
4.447300000000000000e+04
4.447400000000000000e+04
4.447500000000000000e+04
4.447600000000000000e+04
4.447700000000000000e+04
4.447800000000000000e+04
4.447900000000000000e+04
4.448000000000000000e+04
4.448100000000000000e+04
4.448200000000000000e+04
4.448300000000000000e+04
4.448400000000000000e+04
4.448500000000000000e+04
4.448600000000000000e+04
4.899700000000000000e+04
4.899800000000000000e+04
4.899900000000000000e+04
4.900000000000000000e+04
4.900100000000000000e+04
4.901100000000000000e+04
4.901200000000000000e+04
4.901300000000000000e+04
4.901400000000000000e+04
4.901500000000000000e+04
4.901600000000000000e+04
4.901700000000000000e+04
4.901800000000000000e+04
4.901900000000000000e+04
4.902000000000000000e+04
4.902100000000000000e+04
4.902500000000000000e+04
4.902600000000000000e+04
4.902700000000000000e+04
4.902800000000000000e+04
4.907300000000000000e+04
4.907700000000000000e+04
4.908100000000000000e+04
4.908200000000000000e+04
4.908300000000000000e+04
4.908500000000000000e+04
1.307920000000000000e+05
1.307930000000000000e+05
1.307940000000000000e+05
1.307950000000000000e+05
1.307960000000000000e+05
1.307970000000000000e+05
1.307980000000000000e+05
1.307990000000000000e+05
1.308000000000000000e+05
1.308010000000000000e+05
1.308020000000000000e+05
1.308030000000000000e+05
1.308040000000000000e+05
1.308050000000000000e+05
1.308060000000000000e+05
1.308070000000000000e+05
1.308080000000000000e+05
1.308090000000000000e+05
1.308100000000000000e+05
1.308110000000000000e+05
1.308120000000000000e+05
1.308130000000000000e+05
1.308140000000000000e+05
1.308150000000000000e+05
1.308160000000000000e+05
1.308170000000000000e+05
1.308180000000000000e+05
1.308190000000000000e+05
1.308200000000000000e+05
1.308210000000000000e+05
1.308220000000000000e+05
1.308230000000000000e+05
1.308240000000000000e+05
1.308250000000000000e+05
1.308260000000000000e+05
1.308270000000000000e+05
1.308280000000000000e+05
1.308290000000000000e+05
1.308300000000000000e+05
1.308310000000000000e+05
1.308320000000000000e+05
1.308330000000000000e+05
1.308340000000000000e+05
1.308350000000000000e+05
1.308360000000000000e+05
1.308370000000000000e+05
1.308380000000000000e+05
1.337180000000000000e+05
1.337190000000000000e+05
1.337200000000000000e+05
1.337210000000000000e+05
1.337220000000000000e+05
1.337230000000000000e+05
1.337240000000000000e+05
1.337250000000000000e+05
1.337260000000000000e+05
1.337270000000000000e+05
1.337280000000000000e+05
1.337290000000000000e+05
1.337300000000000000e+05
1.337310000000000000e+05
1.337320000000000000e+05
1.337330000000000000e+05
1.337340000000000000e+05
1.337350000000000000e+05
1.337360000000000000e+05
1.337370000000000000e+05
1.337380000000000000e+05
1.337390000000000000e+05
1.337400000000000000e+05
1.337410000000000000e+05
1.337420000000000000e+05
1.337430000000000000e+05
1.337440000000000000e+05
1.337450000000000000e+05
1.337460000000000000e+05
1.337470000000000000e+05
1.337480000000000000e+05
1.337490000000000000e+05
1.337500000000000000e+05
1.337510000000000000e+05
1.337520000000000000e+05
1.337530000000000000e+05
1.337540000000000000e+05
1.337550000000000000e+05
1.337560000000000000e+05
1.337570000000000000e+05
1.337580000000000000e+05
1.337590000000000000e+05
1.337600000000000000e+05
1.337610000000000000e+05
1.337620000000000000e+05
1.337630000000000000e+05
1.337640000000000000e+05
1.337650000000000000e+05
1.337660000000000000e+05
1.337670000000000000e+05
1.337680000000000000e+05
1.337690000000000000e+05
1.337700000000000000e+05
1.337710000000000000e+05
1.337720000000000000e+05
1.337730000000000000e+05
1.337740000000000000e+05
1.337750000000000000e+05
1.337760000000000000e+05
1.337770000000000000e+05
1.337780000000000000e+05
1.337790000000000000e+05
1.337800000000000000e+05
1.337810000000000000e+05
1.337820000000000000e+05
1.337830000000000000e+05
1.337840000000000000e+05
1.337850000000000000e+05
1.337860000000000000e+05
1.337870000000000000e+05
1.337880000000000000e+05
1.340710000000000000e+05
1.340720000000000000e+05
1.340730000000000000e+05
1.340740000000000000e+05
1.340750000000000000e+05
1.340760000000000000e+05
1.340770000000000000e+05
1.340780000000000000e+05
1.340790000000000000e+05
1.340800000000000000e+05
1.340810000000000000e+05
1.340820000000000000e+05
1.340830000000000000e+05
1.340840000000000000e+05
1.340850000000000000e+05
1.340860000000000000e+05
1.340870000000000000e+05
1.340880000000000000e+05
1.340890000000000000e+05
1.340900000000000000e+05
1.340910000000000000e+05
1.340920000000000000e+05
1.340930000000000000e+05
1.340940000000000000e+05
1.340950000000000000e+05
1.340960000000000000e+05
1.340970000000000000e+05
1.340980000000000000e+05
1.340990000000000000e+05
1.341000000000000000e+05
1.341010000000000000e+05
1.341020000000000000e+05
1.341030000000000000e+05
1.341040000000000000e+05
1.341050000000000000e+05
1.341060000000000000e+05
1.341070000000000000e+05
1.341080000000000000e+05
1.341090000000000000e+05
1.341100000000000000e+05
1.341110000000000000e+05
1.341120000000000000e+05
1.341130000000000000e+05
1.341140000000000000e+05
1.341150000000000000e+05
1.341160000000000000e+05
1.341170000000000000e+05
1.341180000000000000e+05
1.341190000000000000e+05
1.341200000000000000e+05
1.341210000000000000e+05
1.341220000000000000e+05
1.341230000000000000e+05
1.341240000000000000e+05
1.341250000000000000e+05
1.341260000000000000e+05
1.341270000000000000e+05
1.341280000000000000e+05
1.341290000000000000e+05
1.341300000000000000e+05
1.341310000000000000e+05
1.341320000000000000e+05
1.341330000000000000e+05
1.341340000000000000e+05
1.341350000000000000e+05
1.341360000000000000e+05
1.341370000000000000e+05
1.341380000000000000e+05
1.341390000000000000e+05
1.341400000000000000e+05
1.341410000000000000e+05
1.341420000000000000e+05
1.341430000000000000e+05
1.341440000000000000e+05
1.341450000000000000e+05
1.341460000000000000e+05
1.341470000000000000e+05
1.341480000000000000e+05
1.341490000000000000e+05
1.341500000000000000e+05
1.341510000000000000e+05
1.341520000000000000e+05
1.341530000000000000e+05
1.341540000000000000e+05
1.341550000000000000e+05
1.341560000000000000e+05
1.341570000000000000e+05
1.341580000000000000e+05
1.341590000000000000e+05
1.341600000000000000e+05
1.341610000000000000e+05
1.341620000000000000e+05
1.341630000000000000e+05
1.341640000000000000e+05
1.341650000000000000e+05
1.341660000000000000e+05
1.341670000000000000e+05
1.341680000000000000e+05
1.341690000000000000e+05
1.341700000000000000e+05
1.341710000000000000e+05
1.341720000000000000e+05
1.341730000000000000e+05
1.341740000000000000e+05
1.341750000000000000e+05
1.341760000000000000e+05
1.341770000000000000e+05
1.341780000000000000e+05
1.341790000000000000e+05
1.341800000000000000e+05
1.341810000000000000e+05
1.341820000000000000e+05
1.341830000000000000e+05
1.341840000000000000e+05
1.341850000000000000e+05
1.341860000000000000e+05
1.341870000000000000e+05
