1.964000000000000000e+03
1.966000000000000000e+03
1.968000000000000000e+03
1.970000000000000000e+03
1.971000000000000000e+03
1.972000000000000000e+03
1.973000000000000000e+03
1.974000000000000000e+03
1.975000000000000000e+03
1.976000000000000000e+03
1.977000000000000000e+03
1.978000000000000000e+03
1.979000000000000000e+03
1.980000000000000000e+03
1.981000000000000000e+03
1.982000000000000000e+03
1.983000000000000000e+03
1.985000000000000000e+03
1.987000000000000000e+03
2.156000000000000000e+03
2.158000000000000000e+03
2.164000000000000000e+03
2.166000000000000000e+03
2.168000000000000000e+03
2.174000000000000000e+03
3.065000000000000000e+03
3.069000000000000000e+03
3.070000000000000000e+03
3.071000000000000000e+03
3.072000000000000000e+03
3.073000000000000000e+03
3.074000000000000000e+03
3.075000000000000000e+03
3.076000000000000000e+03
3.077000000000000000e+03
3.078000000000000000e+03
3.079000000000000000e+03
3.080000000000000000e+03
3.081000000000000000e+03
3.082000000000000000e+03
3.083000000000000000e+03
3.084000000000000000e+03
3.085000000000000000e+03
3.087000000000000000e+03
3.253000000000000000e+03
3.255000000000000000e+03
3.257000000000000000e+03
3.259000000000000000e+03
3.261000000000000000e+03
3.263000000000000000e+03
3.265000000000000000e+03
3.267000000000000000e+03
3.269000000000000000e+03
3.979000000000000000e+03
3.980000000000000000e+03
3.981000000000000000e+03
3.982000000000000000e+03
3.983000000000000000e+03
3.984000000000000000e+03
3.985000000000000000e+03
3.986000000000000000e+03
3.987000000000000000e+03
4.358000000000000000e+03
4.360000000000000000e+03
4.361000000000000000e+03
4.362000000000000000e+03
4.369000000000000000e+03
6.560000000000000000e+03
6.564000000000000000e+03
