5.003000000000000000e+03
5.007000000000000000e+03
5.013000000000000000e+03
5.017000000000000000e+03
5.021000000000000000e+03
5.040000000000000000e+03
5.042000000000000000e+03
5.043000000000000000e+03
5.737000000000000000e+03
7.313000000000000000e+03
1.471000000000000000e+04
1.615900000000000000e+04
1.644900000000000000e+04
1.645000000000000000e+04
1.818200000000000000e+04
1.818400000000000000e+04
1.818500000000000000e+04
1.824700000000000000e+04
1.826300000000000000e+04
1.826700000000000000e+04
1.827500000000000000e+04
1.827600000000000000e+04
1.827700000000000000e+04
1.827800000000000000e+04
1.827900000000000000e+04
1.828100000000000000e+04
1.983700000000000000e+04
2.010800000000000000e+04
2.011000000000000000e+04
2.011200000000000000e+04
2.011400000000000000e+04
2.011600000000000000e+04
2.011700000000000000e+04
2.011800000000000000e+04
2.011900000000000000e+04
2.012000000000000000e+04
2.012100000000000000e+04
2.012200000000000000e+04
2.012300000000000000e+04
2.012400000000000000e+04
2.012500000000000000e+04
2.012600000000000000e+04
2.012700000000000000e+04
2.012800000000000000e+04
2.012900000000000000e+04
2.013100000000000000e+04
2.013300000000000000e+04
2.013500000000000000e+04
2.013700000000000000e+04
2.013900000000000000e+04
2.014100000000000000e+04
2.014300000000000000e+04
2.015000000000000000e+04
2.015100000000000000e+04
2.015200000000000000e+04
2.015300000000000000e+04
2.015400000000000000e+04
2.015600000000000000e+04
2.017900000000000000e+04
2.018300000000000000e+04
2.018400000000000000e+04
2.018500000000000000e+04
2.051800000000000000e+04
2.051900000000000000e+04
2.053000000000000000e+04
2.433900000000000000e+04
2.434300000000000000e+04
2.787000000000000000e+04
2.787200000000000000e+04
2.787400000000000000e+04
2.787500000000000000e+04
2.787600000000000000e+04
2.787700000000000000e+04
2.787800000000000000e+04
2.788000000000000000e+04
2.788200000000000000e+04
2.788400000000000000e+04
2.788500000000000000e+04
2.788600000000000000e+04
