6.264000000000000000e+03
6.278000000000000000e+03
6.280000000000000000e+03
6.282000000000000000e+03
6.284000000000000000e+03
6.290000000000000000e+03
6.396000000000000000e+03
6.975000000000000000e+03
6.976000000000000000e+03
6.977000000000000000e+03
6.978000000000000000e+03
6.979000000000000000e+03
6.980000000000000000e+03
6.981000000000000000e+03
6.982000000000000000e+03
6.983000000000000000e+03
6.984000000000000000e+03
6.985000000000000000e+03
6.986000000000000000e+03
6.990000000000000000e+03
6.994000000000000000e+03
6.998000000000000000e+03
7.000000000000000000e+03
