7.624000000000000000e+03
7.644000000000000000e+03
7.647000000000000000e+03
7.648000000000000000e+03
7.649000000000000000e+03
7.650000000000000000e+03
7.651000000000000000e+03
7.652000000000000000e+03
7.653000000000000000e+03
7.656000000000000000e+03
7.657000000000000000e+03
7.658000000000000000e+03
7.659000000000000000e+03
7.660000000000000000e+03
7.810000000000000000e+03
7.812000000000000000e+03
7.814000000000000000e+03
7.816000000000000000e+03
7.818000000000000000e+03
7.820000000000000000e+03
7.821000000000000000e+03
7.822000000000000000e+03
7.824000000000000000e+03
7.825000000000000000e+03
7.826000000000000000e+03
7.827000000000000000e+03
7.828000000000000000e+03
7.829000000000000000e+03
7.830000000000000000e+03
7.831000000000000000e+03
7.832000000000000000e+03
7.833000000000000000e+03
7.834000000000000000e+03
7.835000000000000000e+03
7.836000000000000000e+03
7.837000000000000000e+03
7.838000000000000000e+03
7.839000000000000000e+03
7.840000000000000000e+03
7.841000000000000000e+03
7.842000000000000000e+03
7.843000000000000000e+03
7.844000000000000000e+03
7.845000000000000000e+03
7.846000000000000000e+03
7.847000000000000000e+03
7.848000000000000000e+03
7.849000000000000000e+03
7.850000000000000000e+03
7.851000000000000000e+03
7.852000000000000000e+03
7.853000000000000000e+03
7.854000000000000000e+03
7.855000000000000000e+03
7.856000000000000000e+03
7.857000000000000000e+03
7.858000000000000000e+03
7.860000000000000000e+03
7.862000000000000000e+03
8.608000000000000000e+03
8.609000000000000000e+03
8.610000000000000000e+03
8.611000000000000000e+03
8.612000000000000000e+03
8.613000000000000000e+03
8.614000000000000000e+03
8.615000000000000000e+03
8.616000000000000000e+03
8.617000000000000000e+03
8.618000000000000000e+03
8.619000000000000000e+03
8.620000000000000000e+03
8.621000000000000000e+03
8.622000000000000000e+03
8.623000000000000000e+03
8.624000000000000000e+03
8.625000000000000000e+03
8.626000000000000000e+03
8.627000000000000000e+03
8.628000000000000000e+03
8.629000000000000000e+03
8.630000000000000000e+03
8.631000000000000000e+03
8.632000000000000000e+03
8.633000000000000000e+03
8.634000000000000000e+03
8.635000000000000000e+03
8.636000000000000000e+03
8.637000000000000000e+03
8.638000000000000000e+03
8.639000000000000000e+03
8.640000000000000000e+03
8.641000000000000000e+03
8.642000000000000000e+03
8.643000000000000000e+03
8.644000000000000000e+03
8.645000000000000000e+03
8.646000000000000000e+03
8.647000000000000000e+03
8.648000000000000000e+03
8.650000000000000000e+03
8.652000000000000000e+03
8.654000000000000000e+03
8.655000000000000000e+03
8.658000000000000000e+03
8.659000000000000000e+03
8.660000000000000000e+03
8.662000000000000000e+03
8.663000000000000000e+03
8.666000000000000000e+03
8.667000000000000000e+03
8.671000000000000000e+03
9.711000000000000000e+03
9.712000000000000000e+03
9.715000000000000000e+03
1.074900000000000000e+04
1.075200000000000000e+04
1.075300000000000000e+04
1.076800000000000000e+04
1.076900000000000000e+04
1.077200000000000000e+04
1.077300000000000000e+04
1.077600000000000000e+04
1.077700000000000000e+04
1.079300000000000000e+04
1.079700000000000000e+04
