1.438000000000000000e+04
1.438100000000000000e+04
1.438400000000000000e+04
1.438500000000000000e+04
1.438600000000000000e+04
1.438800000000000000e+04
1.438900000000000000e+04
1.439000000000000000e+04
1.439100000000000000e+04
1.439200000000000000e+04
1.439300000000000000e+04
1.439400000000000000e+04
1.439500000000000000e+04
1.439600000000000000e+04
1.439700000000000000e+04
1.439800000000000000e+04
1.439900000000000000e+04
1.440000000000000000e+04
1.440100000000000000e+04
1.440200000000000000e+04
1.440300000000000000e+04
1.440400000000000000e+04
1.440500000000000000e+04
1.440600000000000000e+04
1.440700000000000000e+04
1.440800000000000000e+04
1.440900000000000000e+04
1.441000000000000000e+04
1.441100000000000000e+04
1.441200000000000000e+04
1.441300000000000000e+04
1.441400000000000000e+04
1.441500000000000000e+04
1.441600000000000000e+04
1.441700000000000000e+04
1.441800000000000000e+04
1.441900000000000000e+04
1.442000000000000000e+04
1.442100000000000000e+04
1.442200000000000000e+04
1.442300000000000000e+04
1.442400000000000000e+04
1.442500000000000000e+04
1.442600000000000000e+04
1.442700000000000000e+04
1.442800000000000000e+04
1.442900000000000000e+04
1.443000000000000000e+04
1.443100000000000000e+04
1.443200000000000000e+04
1.443300000000000000e+04
1.443400000000000000e+04
1.443500000000000000e+04
1.443600000000000000e+04
1.443700000000000000e+04
1.443800000000000000e+04
1.443900000000000000e+04
1.444000000000000000e+04
1.444100000000000000e+04
1.444200000000000000e+04
1.444300000000000000e+04
1.444400000000000000e+04
1.444500000000000000e+04
1.444600000000000000e+04
1.444700000000000000e+04
1.444800000000000000e+04
1.444900000000000000e+04
1.445000000000000000e+04
1.445100000000000000e+04
1.445200000000000000e+04
1.445300000000000000e+04
1.445400000000000000e+04
1.445500000000000000e+04
1.445600000000000000e+04
1.445700000000000000e+04
1.445800000000000000e+04
1.445900000000000000e+04
1.446000000000000000e+04
1.446100000000000000e+04
1.446200000000000000e+04
1.446300000000000000e+04
1.446400000000000000e+04
1.446500000000000000e+04
1.446600000000000000e+04
1.446700000000000000e+04
1.446800000000000000e+04
1.446900000000000000e+04
1.447000000000000000e+04
1.447100000000000000e+04
1.447200000000000000e+04
1.447300000000000000e+04
1.447400000000000000e+04
1.447500000000000000e+04
1.447600000000000000e+04
1.447700000000000000e+04
1.447800000000000000e+04
1.447900000000000000e+04
1.448000000000000000e+04
1.448100000000000000e+04
1.448200000000000000e+04
1.448300000000000000e+04
1.448400000000000000e+04
1.448500000000000000e+04
1.448600000000000000e+04
1.448700000000000000e+04
1.448800000000000000e+04
1.448900000000000000e+04
1.449000000000000000e+04
1.449100000000000000e+04
1.449200000000000000e+04
1.449300000000000000e+04
1.449400000000000000e+04
1.449500000000000000e+04
1.449600000000000000e+04
1.449700000000000000e+04
1.449800000000000000e+04
1.449900000000000000e+04
1.450000000000000000e+04
1.450100000000000000e+04
1.450200000000000000e+04
1.450300000000000000e+04
1.450400000000000000e+04
1.450500000000000000e+04
1.450600000000000000e+04
1.450700000000000000e+04
1.450800000000000000e+04
1.450900000000000000e+04
1.451000000000000000e+04
1.451100000000000000e+04
1.451200000000000000e+04
1.451300000000000000e+04
1.451400000000000000e+04
1.451500000000000000e+04
1.451600000000000000e+04
1.451700000000000000e+04
1.451800000000000000e+04
1.451900000000000000e+04
1.452000000000000000e+04
1.452100000000000000e+04
1.452200000000000000e+04
1.452300000000000000e+04
1.452400000000000000e+04
1.452500000000000000e+04
1.452600000000000000e+04
1.452700000000000000e+04
1.452800000000000000e+04
1.452900000000000000e+04
1.453000000000000000e+04
1.453100000000000000e+04
1.453200000000000000e+04
1.453300000000000000e+04
1.453400000000000000e+04
1.453500000000000000e+04
1.453600000000000000e+04
1.453700000000000000e+04
1.453800000000000000e+04
1.453900000000000000e+04
1.454000000000000000e+04
1.454100000000000000e+04
1.454200000000000000e+04
1.454300000000000000e+04
1.454400000000000000e+04
1.454500000000000000e+04
1.454600000000000000e+04
1.454700000000000000e+04
1.454800000000000000e+04
1.454900000000000000e+04
1.455000000000000000e+04
1.455100000000000000e+04
1.455200000000000000e+04
1.455300000000000000e+04
1.455400000000000000e+04
1.455500000000000000e+04
1.455600000000000000e+04
1.455700000000000000e+04
1.455800000000000000e+04
1.455900000000000000e+04
1.456000000000000000e+04
1.456100000000000000e+04
1.456200000000000000e+04
1.456300000000000000e+04
1.456400000000000000e+04
1.456500000000000000e+04
1.456600000000000000e+04
1.456700000000000000e+04
1.456800000000000000e+04
1.456900000000000000e+04
1.457000000000000000e+04
1.457100000000000000e+04
1.457200000000000000e+04
1.457300000000000000e+04
1.457400000000000000e+04
1.457500000000000000e+04
1.457600000000000000e+04
1.457700000000000000e+04
1.457800000000000000e+04
1.457900000000000000e+04
1.458000000000000000e+04
1.458100000000000000e+04
1.458200000000000000e+04
1.458300000000000000e+04
1.458400000000000000e+04
1.458500000000000000e+04
1.458600000000000000e+04
1.458700000000000000e+04
1.458800000000000000e+04
1.458900000000000000e+04
1.459000000000000000e+04
1.459100000000000000e+04
1.459200000000000000e+04
1.459300000000000000e+04
1.459400000000000000e+04
1.459500000000000000e+04
1.459600000000000000e+04
1.459700000000000000e+04
1.459800000000000000e+04
1.459900000000000000e+04
1.460000000000000000e+04
1.460100000000000000e+04
1.460200000000000000e+04
1.460300000000000000e+04
1.460400000000000000e+04
1.460500000000000000e+04
1.460600000000000000e+04
1.460700000000000000e+04
1.460800000000000000e+04
1.460900000000000000e+04
1.461000000000000000e+04
1.461100000000000000e+04
1.461200000000000000e+04
1.461300000000000000e+04
1.461400000000000000e+04
1.461500000000000000e+04
1.461600000000000000e+04
1.461700000000000000e+04
1.461800000000000000e+04
1.461900000000000000e+04
1.462000000000000000e+04
1.462100000000000000e+04
1.462200000000000000e+04
1.462300000000000000e+04
1.462400000000000000e+04
1.462500000000000000e+04
1.462600000000000000e+04
1.462700000000000000e+04
1.462800000000000000e+04
1.462900000000000000e+04
1.463000000000000000e+04
1.463100000000000000e+04
1.463200000000000000e+04
1.463300000000000000e+04
1.463400000000000000e+04
1.463500000000000000e+04
1.463600000000000000e+04
1.463700000000000000e+04
1.463800000000000000e+04
1.463900000000000000e+04
1.464000000000000000e+04
1.464100000000000000e+04
1.464200000000000000e+04
1.464300000000000000e+04
1.464400000000000000e+04
1.464500000000000000e+04
1.464600000000000000e+04
1.464700000000000000e+04
1.464800000000000000e+04
1.464900000000000000e+04
1.465000000000000000e+04
1.465100000000000000e+04
1.465200000000000000e+04
1.465300000000000000e+04
1.465400000000000000e+04
1.465500000000000000e+04
1.465600000000000000e+04
1.465700000000000000e+04
1.465800000000000000e+04
1.465900000000000000e+04
1.466000000000000000e+04
1.466100000000000000e+04
1.466200000000000000e+04
1.466300000000000000e+04
1.466400000000000000e+04
1.466500000000000000e+04
1.466600000000000000e+04
1.466700000000000000e+04
1.466800000000000000e+04
1.466900000000000000e+04
1.467000000000000000e+04
1.467100000000000000e+04
1.467200000000000000e+04
1.467300000000000000e+04
1.467400000000000000e+04
1.467500000000000000e+04
1.467600000000000000e+04
1.467700000000000000e+04
1.467800000000000000e+04
1.467900000000000000e+04
1.468000000000000000e+04
1.468100000000000000e+04
1.468200000000000000e+04
1.468300000000000000e+04
1.468400000000000000e+04
1.468500000000000000e+04
1.468600000000000000e+04
1.468700000000000000e+04
1.468800000000000000e+04
1.468900000000000000e+04
1.469000000000000000e+04
1.469100000000000000e+04
1.469200000000000000e+04
1.469300000000000000e+04
1.469400000000000000e+04
1.469500000000000000e+04
1.469600000000000000e+04
1.469700000000000000e+04
1.469800000000000000e+04
1.469900000000000000e+04
1.470000000000000000e+04
1.470100000000000000e+04
1.470200000000000000e+04
1.470300000000000000e+04
1.470400000000000000e+04
1.470500000000000000e+04
1.470600000000000000e+04
1.470700000000000000e+04
1.470800000000000000e+04
1.470900000000000000e+04
1.471000000000000000e+04
1.471100000000000000e+04
1.471200000000000000e+04
1.471300000000000000e+04
1.471400000000000000e+04
1.471500000000000000e+04
1.471600000000000000e+04
1.471700000000000000e+04
1.471800000000000000e+04
1.471900000000000000e+04
1.472000000000000000e+04
1.472100000000000000e+04
1.472200000000000000e+04
1.472300000000000000e+04
1.472400000000000000e+04
1.472500000000000000e+04
1.472600000000000000e+04
1.472700000000000000e+04
1.472800000000000000e+04
1.472900000000000000e+04
1.473000000000000000e+04
1.473100000000000000e+04
1.473200000000000000e+04
1.473300000000000000e+04
1.473400000000000000e+04
1.473500000000000000e+04
1.473600000000000000e+04
1.473700000000000000e+04
1.473800000000000000e+04
1.473900000000000000e+04
1.474000000000000000e+04
1.474100000000000000e+04
1.474200000000000000e+04
1.474300000000000000e+04
1.474400000000000000e+04
1.474500000000000000e+04
1.474600000000000000e+04
1.474700000000000000e+04
1.474800000000000000e+04
1.474900000000000000e+04
1.475000000000000000e+04
1.475100000000000000e+04
1.475200000000000000e+04
1.475300000000000000e+04
1.475400000000000000e+04
1.475500000000000000e+04
1.475600000000000000e+04
1.475700000000000000e+04
1.475800000000000000e+04
1.475900000000000000e+04
1.476000000000000000e+04
1.476100000000000000e+04
1.476200000000000000e+04
1.476300000000000000e+04
1.476400000000000000e+04
1.476500000000000000e+04
1.476600000000000000e+04
1.476700000000000000e+04
1.476800000000000000e+04
1.476900000000000000e+04
1.477000000000000000e+04
1.477100000000000000e+04
1.477200000000000000e+04
1.477300000000000000e+04
1.477400000000000000e+04
1.477500000000000000e+04
1.477600000000000000e+04
1.477700000000000000e+04
1.477800000000000000e+04
1.477900000000000000e+04
1.478000000000000000e+04
1.478100000000000000e+04
1.478200000000000000e+04
1.478300000000000000e+04
1.478400000000000000e+04
1.478500000000000000e+04
1.478600000000000000e+04
1.478700000000000000e+04
1.478800000000000000e+04
1.478900000000000000e+04
1.479000000000000000e+04
1.479100000000000000e+04
1.479200000000000000e+04
1.479300000000000000e+04
1.479400000000000000e+04
1.479500000000000000e+04
1.479600000000000000e+04
1.479700000000000000e+04
1.479800000000000000e+04
1.479900000000000000e+04
1.480000000000000000e+04
1.480100000000000000e+04
1.480200000000000000e+04
1.480300000000000000e+04
1.480400000000000000e+04
1.480500000000000000e+04
1.480600000000000000e+04
1.480700000000000000e+04
1.480800000000000000e+04
1.480900000000000000e+04
1.481000000000000000e+04
1.481100000000000000e+04
1.481200000000000000e+04
1.481300000000000000e+04
1.481400000000000000e+04
1.481500000000000000e+04
1.481600000000000000e+04
1.481700000000000000e+04
1.481800000000000000e+04
1.481900000000000000e+04
1.482000000000000000e+04
1.482100000000000000e+04
1.482200000000000000e+04
1.482300000000000000e+04
1.482400000000000000e+04
1.482500000000000000e+04
1.482600000000000000e+04
1.482700000000000000e+04
1.482800000000000000e+04
1.482900000000000000e+04
1.483000000000000000e+04
1.483100000000000000e+04
1.483200000000000000e+04
1.483300000000000000e+04
1.483400000000000000e+04
1.483500000000000000e+04
1.483600000000000000e+04
1.483700000000000000e+04
1.483800000000000000e+04
1.483900000000000000e+04
1.484000000000000000e+04
1.484100000000000000e+04
1.484200000000000000e+04
1.484300000000000000e+04
1.484400000000000000e+04
1.484500000000000000e+04
1.484600000000000000e+04
1.484700000000000000e+04
1.484800000000000000e+04
1.484900000000000000e+04
1.485000000000000000e+04
1.485100000000000000e+04
1.485200000000000000e+04
1.485300000000000000e+04
1.485400000000000000e+04
1.485500000000000000e+04
1.485600000000000000e+04
1.485700000000000000e+04
1.485800000000000000e+04
1.485900000000000000e+04
1.486000000000000000e+04
1.486100000000000000e+04
1.486200000000000000e+04
1.486300000000000000e+04
1.486400000000000000e+04
1.486500000000000000e+04
1.486600000000000000e+04
1.486700000000000000e+04
1.486800000000000000e+04
1.486900000000000000e+04
1.487000000000000000e+04
1.487100000000000000e+04
1.487200000000000000e+04
1.487300000000000000e+04
1.487400000000000000e+04
1.487500000000000000e+04
1.487600000000000000e+04
1.487700000000000000e+04
1.487800000000000000e+04
1.487900000000000000e+04
1.488000000000000000e+04
1.488100000000000000e+04
1.488200000000000000e+04
1.488300000000000000e+04
1.488400000000000000e+04
1.488500000000000000e+04
1.488600000000000000e+04
1.488700000000000000e+04
1.488800000000000000e+04
1.488900000000000000e+04
1.489000000000000000e+04
1.489100000000000000e+04
1.489200000000000000e+04
1.489300000000000000e+04
1.489400000000000000e+04
1.489500000000000000e+04
1.489600000000000000e+04
1.489700000000000000e+04
1.489800000000000000e+04
1.489900000000000000e+04
1.490000000000000000e+04
1.490100000000000000e+04
1.490200000000000000e+04
1.490300000000000000e+04
1.490400000000000000e+04
1.490500000000000000e+04
1.490600000000000000e+04
1.490700000000000000e+04
1.490800000000000000e+04
1.490900000000000000e+04
1.491000000000000000e+04
1.491100000000000000e+04
1.491200000000000000e+04
1.491300000000000000e+04
1.491400000000000000e+04
1.491500000000000000e+04
1.491600000000000000e+04
1.491700000000000000e+04
1.491800000000000000e+04
1.491900000000000000e+04
1.492000000000000000e+04
1.492100000000000000e+04
1.492200000000000000e+04
1.492300000000000000e+04
1.492400000000000000e+04
1.492500000000000000e+04
1.492600000000000000e+04
1.492700000000000000e+04
1.492800000000000000e+04
1.492900000000000000e+04
1.493000000000000000e+04
1.493100000000000000e+04
1.493200000000000000e+04
1.493300000000000000e+04
1.493400000000000000e+04
1.493500000000000000e+04
1.493600000000000000e+04
1.493700000000000000e+04
1.493800000000000000e+04
1.493900000000000000e+04
1.494000000000000000e+04
1.494100000000000000e+04
1.494200000000000000e+04
1.494300000000000000e+04
1.494400000000000000e+04
1.494500000000000000e+04
1.494600000000000000e+04
1.494700000000000000e+04
1.494800000000000000e+04
1.494900000000000000e+04
1.495000000000000000e+04
1.495100000000000000e+04
1.495200000000000000e+04
1.495300000000000000e+04
1.495400000000000000e+04
1.495500000000000000e+04
1.495600000000000000e+04
1.495700000000000000e+04
1.495800000000000000e+04
1.495900000000000000e+04
1.496000000000000000e+04
1.496100000000000000e+04
1.496200000000000000e+04
1.496300000000000000e+04
1.496400000000000000e+04
1.496500000000000000e+04
1.496600000000000000e+04
1.496700000000000000e+04
1.496800000000000000e+04
1.496900000000000000e+04
1.497000000000000000e+04
1.497100000000000000e+04
1.497200000000000000e+04
1.497300000000000000e+04
1.497400000000000000e+04
1.497500000000000000e+04
1.497600000000000000e+04
1.497700000000000000e+04
1.497800000000000000e+04
1.497900000000000000e+04
1.498000000000000000e+04
1.498100000000000000e+04
1.498200000000000000e+04
1.498300000000000000e+04
1.498400000000000000e+04
1.498500000000000000e+04
1.498600000000000000e+04
1.498700000000000000e+04
1.498800000000000000e+04
1.498900000000000000e+04
1.499000000000000000e+04
1.499100000000000000e+04
1.499200000000000000e+04
1.499300000000000000e+04
1.499400000000000000e+04
1.499500000000000000e+04
1.499600000000000000e+04
1.499700000000000000e+04
1.499800000000000000e+04
1.499900000000000000e+04
1.500000000000000000e+04
1.500100000000000000e+04
1.500200000000000000e+04
1.500300000000000000e+04
1.500400000000000000e+04
1.500500000000000000e+04
1.500600000000000000e+04
1.500700000000000000e+04
1.500800000000000000e+04
1.500900000000000000e+04
1.501000000000000000e+04
1.501100000000000000e+04
1.501200000000000000e+04
1.501300000000000000e+04
1.501400000000000000e+04
1.501500000000000000e+04
1.501600000000000000e+04
1.501700000000000000e+04
1.501800000000000000e+04
1.501900000000000000e+04
1.502000000000000000e+04
1.502100000000000000e+04
1.502200000000000000e+04
1.502300000000000000e+04
1.502400000000000000e+04
1.502500000000000000e+04
1.502600000000000000e+04
1.502700000000000000e+04
1.502800000000000000e+04
1.502900000000000000e+04
1.503000000000000000e+04
1.503100000000000000e+04
1.503200000000000000e+04
1.503300000000000000e+04
1.503400000000000000e+04
1.503500000000000000e+04
1.503600000000000000e+04
1.503700000000000000e+04
1.503800000000000000e+04
1.503900000000000000e+04
1.504000000000000000e+04
1.504100000000000000e+04
1.504200000000000000e+04
1.504300000000000000e+04
1.504400000000000000e+04
1.504500000000000000e+04
1.504600000000000000e+04
1.504700000000000000e+04
1.504800000000000000e+04
1.504900000000000000e+04
1.505000000000000000e+04
1.505100000000000000e+04
1.505200000000000000e+04
1.505300000000000000e+04
1.505400000000000000e+04
1.505500000000000000e+04
1.505600000000000000e+04
1.505700000000000000e+04
1.505800000000000000e+04
1.505900000000000000e+04
1.506000000000000000e+04
1.506100000000000000e+04
1.506200000000000000e+04
1.506300000000000000e+04
1.506400000000000000e+04
1.506500000000000000e+04
1.506600000000000000e+04
1.506700000000000000e+04
1.506800000000000000e+04
1.506900000000000000e+04
1.507000000000000000e+04
1.507100000000000000e+04
1.507200000000000000e+04
1.507300000000000000e+04
1.507400000000000000e+04
1.507500000000000000e+04
1.507600000000000000e+04
1.507700000000000000e+04
1.507800000000000000e+04
1.507900000000000000e+04
1.508000000000000000e+04
1.508100000000000000e+04
1.508200000000000000e+04
1.508300000000000000e+04
1.508400000000000000e+04
1.508500000000000000e+04
1.508600000000000000e+04
1.508700000000000000e+04
1.508800000000000000e+04
1.508900000000000000e+04
1.509000000000000000e+04
1.509100000000000000e+04
1.509200000000000000e+04
1.509300000000000000e+04
1.509400000000000000e+04
1.509500000000000000e+04
1.509600000000000000e+04
1.509700000000000000e+04
1.509800000000000000e+04
1.509900000000000000e+04
1.510000000000000000e+04
1.510100000000000000e+04
1.510200000000000000e+04
1.510300000000000000e+04
1.510400000000000000e+04
1.510500000000000000e+04
1.510600000000000000e+04
1.510700000000000000e+04
1.510800000000000000e+04
1.510900000000000000e+04
1.511000000000000000e+04
1.511100000000000000e+04
1.511200000000000000e+04
1.511300000000000000e+04
1.511400000000000000e+04
1.511500000000000000e+04
1.511600000000000000e+04
1.511700000000000000e+04
1.511800000000000000e+04
1.511900000000000000e+04
1.512000000000000000e+04
1.512100000000000000e+04
1.512200000000000000e+04
1.512300000000000000e+04
1.512400000000000000e+04
1.512500000000000000e+04
1.512600000000000000e+04
1.512700000000000000e+04
1.512800000000000000e+04
1.512900000000000000e+04
1.513000000000000000e+04
1.513100000000000000e+04
1.513200000000000000e+04
1.513300000000000000e+04
1.513400000000000000e+04
1.513500000000000000e+04
1.513600000000000000e+04
1.513700000000000000e+04
1.513800000000000000e+04
1.513900000000000000e+04
1.514000000000000000e+04
1.514100000000000000e+04
1.514200000000000000e+04
1.514300000000000000e+04
1.514400000000000000e+04
1.514500000000000000e+04
1.514600000000000000e+04
1.514700000000000000e+04
1.514800000000000000e+04
1.514900000000000000e+04
1.515000000000000000e+04
1.515100000000000000e+04
1.515200000000000000e+04
1.515300000000000000e+04
1.515400000000000000e+04
1.515500000000000000e+04
1.515600000000000000e+04
1.515700000000000000e+04
1.515800000000000000e+04
1.515900000000000000e+04
1.516000000000000000e+04
1.516100000000000000e+04
1.516200000000000000e+04
1.516300000000000000e+04
1.516400000000000000e+04
1.516500000000000000e+04
1.516600000000000000e+04
1.516700000000000000e+04
1.516800000000000000e+04
1.516900000000000000e+04
1.517000000000000000e+04
1.517100000000000000e+04
1.517200000000000000e+04
1.517300000000000000e+04
1.517400000000000000e+04
1.517500000000000000e+04
1.517600000000000000e+04
1.517700000000000000e+04
1.517800000000000000e+04
1.517900000000000000e+04
1.518000000000000000e+04
1.518100000000000000e+04
1.518200000000000000e+04
1.518300000000000000e+04
1.518400000000000000e+04
1.518500000000000000e+04
1.518600000000000000e+04
1.518700000000000000e+04
1.518800000000000000e+04
1.518900000000000000e+04
1.519000000000000000e+04
1.519100000000000000e+04
1.519200000000000000e+04
1.519300000000000000e+04
1.519400000000000000e+04
1.519500000000000000e+04
1.519600000000000000e+04
1.519700000000000000e+04
1.519800000000000000e+04
1.519900000000000000e+04
1.520000000000000000e+04
1.520100000000000000e+04
1.520200000000000000e+04
1.520300000000000000e+04
1.520400000000000000e+04
1.520500000000000000e+04
1.520600000000000000e+04
1.520700000000000000e+04
1.520800000000000000e+04
1.520900000000000000e+04
1.521000000000000000e+04
1.521100000000000000e+04
1.521200000000000000e+04
1.521300000000000000e+04
1.521400000000000000e+04
1.521500000000000000e+04
1.521600000000000000e+04
1.521700000000000000e+04
1.521800000000000000e+04
1.521900000000000000e+04
1.522000000000000000e+04
1.522100000000000000e+04
1.522200000000000000e+04
1.522300000000000000e+04
1.522400000000000000e+04
1.522500000000000000e+04
1.522600000000000000e+04
1.522700000000000000e+04
1.522800000000000000e+04
1.522900000000000000e+04
1.523000000000000000e+04
1.523100000000000000e+04
1.523200000000000000e+04
1.523300000000000000e+04
1.523400000000000000e+04
1.523500000000000000e+04
1.523600000000000000e+04
1.523700000000000000e+04
1.523800000000000000e+04
1.523900000000000000e+04
1.524000000000000000e+04
1.524100000000000000e+04
1.524200000000000000e+04
1.524300000000000000e+04
1.524400000000000000e+04
1.524500000000000000e+04
1.524600000000000000e+04
1.524700000000000000e+04
1.524800000000000000e+04
1.524900000000000000e+04
1.525000000000000000e+04
1.525100000000000000e+04
1.525200000000000000e+04
1.525300000000000000e+04
1.525400000000000000e+04
1.525500000000000000e+04
1.525600000000000000e+04
1.525700000000000000e+04
1.525800000000000000e+04
1.525900000000000000e+04
1.526000000000000000e+04
1.526100000000000000e+04
1.526200000000000000e+04
1.526300000000000000e+04
1.526400000000000000e+04
1.526500000000000000e+04
1.526600000000000000e+04
1.526700000000000000e+04
1.526800000000000000e+04
1.526900000000000000e+04
1.527000000000000000e+04
1.527100000000000000e+04
1.527200000000000000e+04
1.527300000000000000e+04
1.527400000000000000e+04
1.527500000000000000e+04
1.527600000000000000e+04
1.527700000000000000e+04
1.527800000000000000e+04
1.527900000000000000e+04
1.528000000000000000e+04
1.528100000000000000e+04
1.528200000000000000e+04
1.528300000000000000e+04
1.528400000000000000e+04
1.528500000000000000e+04
1.528600000000000000e+04
1.528700000000000000e+04
1.528800000000000000e+04
1.528900000000000000e+04
1.529000000000000000e+04
1.529100000000000000e+04
1.529200000000000000e+04
1.529300000000000000e+04
1.529400000000000000e+04
1.529500000000000000e+04
1.529600000000000000e+04
1.529700000000000000e+04
1.529800000000000000e+04
1.529900000000000000e+04
1.530000000000000000e+04
1.530100000000000000e+04
1.530200000000000000e+04
1.530300000000000000e+04
1.530400000000000000e+04
1.530500000000000000e+04
1.530600000000000000e+04
1.530700000000000000e+04
1.530800000000000000e+04
1.530900000000000000e+04
1.531000000000000000e+04
1.531100000000000000e+04
1.531200000000000000e+04
1.531300000000000000e+04
1.531400000000000000e+04
1.531500000000000000e+04
1.531600000000000000e+04
1.531700000000000000e+04
1.531800000000000000e+04
1.531900000000000000e+04
1.532000000000000000e+04
1.532100000000000000e+04
1.532200000000000000e+04
1.532300000000000000e+04
1.532400000000000000e+04
1.532500000000000000e+04
1.532600000000000000e+04
1.532700000000000000e+04
1.532800000000000000e+04
1.532900000000000000e+04
1.533000000000000000e+04
1.533100000000000000e+04
1.533200000000000000e+04
1.533300000000000000e+04
1.533400000000000000e+04
1.533500000000000000e+04
1.533600000000000000e+04
1.533700000000000000e+04
1.533800000000000000e+04
1.533900000000000000e+04
1.534000000000000000e+04
1.534100000000000000e+04
1.534200000000000000e+04
1.534300000000000000e+04
1.534400000000000000e+04
1.534500000000000000e+04
1.534600000000000000e+04
1.534700000000000000e+04
1.534800000000000000e+04
1.534900000000000000e+04
1.535000000000000000e+04
1.535100000000000000e+04
1.535200000000000000e+04
1.535300000000000000e+04
1.535400000000000000e+04
1.535500000000000000e+04
1.535600000000000000e+04
1.535700000000000000e+04
1.535800000000000000e+04
1.535900000000000000e+04
1.536000000000000000e+04
1.536100000000000000e+04
1.536200000000000000e+04
1.536300000000000000e+04
1.536400000000000000e+04
1.536500000000000000e+04
1.536600000000000000e+04
1.536700000000000000e+04
1.536800000000000000e+04
1.536900000000000000e+04
1.537000000000000000e+04
1.537100000000000000e+04
1.537200000000000000e+04
1.537300000000000000e+04
1.537400000000000000e+04
1.537500000000000000e+04
1.537600000000000000e+04
1.537700000000000000e+04
1.537800000000000000e+04
1.537900000000000000e+04
1.538000000000000000e+04
1.538100000000000000e+04
1.538200000000000000e+04
1.538300000000000000e+04
1.538400000000000000e+04
1.538500000000000000e+04
1.538600000000000000e+04
1.538700000000000000e+04
1.538800000000000000e+04
1.538900000000000000e+04
1.539000000000000000e+04
1.539100000000000000e+04
1.539200000000000000e+04
1.539300000000000000e+04
1.539400000000000000e+04
1.539500000000000000e+04
1.539600000000000000e+04
1.539700000000000000e+04
1.539800000000000000e+04
1.539900000000000000e+04
1.540000000000000000e+04
1.540100000000000000e+04
1.540200000000000000e+04
1.540300000000000000e+04
1.540400000000000000e+04
1.540500000000000000e+04
1.540600000000000000e+04
1.540700000000000000e+04
1.540800000000000000e+04
1.540900000000000000e+04
1.541000000000000000e+04
1.541100000000000000e+04
1.541200000000000000e+04
1.541300000000000000e+04
1.541400000000000000e+04
1.541500000000000000e+04
1.541600000000000000e+04
1.541700000000000000e+04
1.541800000000000000e+04
1.541900000000000000e+04
1.542000000000000000e+04
1.542100000000000000e+04
1.542200000000000000e+04
1.542300000000000000e+04
1.542400000000000000e+04
1.542500000000000000e+04
1.542600000000000000e+04
1.542700000000000000e+04
1.542800000000000000e+04
1.542900000000000000e+04
1.543000000000000000e+04
1.543100000000000000e+04
1.543200000000000000e+04
1.543300000000000000e+04
1.543400000000000000e+04
1.543500000000000000e+04
1.543600000000000000e+04
1.543700000000000000e+04
1.543800000000000000e+04
1.543900000000000000e+04
1.544000000000000000e+04
1.544100000000000000e+04
1.544200000000000000e+04
1.544300000000000000e+04
1.544400000000000000e+04
1.544500000000000000e+04
1.544600000000000000e+04
1.544700000000000000e+04
1.544800000000000000e+04
1.544900000000000000e+04
1.545000000000000000e+04
1.545100000000000000e+04
1.545200000000000000e+04
1.545300000000000000e+04
1.545400000000000000e+04
1.545500000000000000e+04
1.545600000000000000e+04
1.545700000000000000e+04
1.545800000000000000e+04
1.545900000000000000e+04
1.546000000000000000e+04
1.546100000000000000e+04
1.546200000000000000e+04
1.546300000000000000e+04
1.546400000000000000e+04
1.546500000000000000e+04
1.546600000000000000e+04
1.546700000000000000e+04
1.546800000000000000e+04
1.546900000000000000e+04
1.547000000000000000e+04
1.547100000000000000e+04
1.547200000000000000e+04
1.547300000000000000e+04
1.547400000000000000e+04
1.547500000000000000e+04
1.547600000000000000e+04
1.547700000000000000e+04
1.547800000000000000e+04
1.547900000000000000e+04
1.548000000000000000e+04
1.548100000000000000e+04
1.548200000000000000e+04
1.548300000000000000e+04
1.548400000000000000e+04
1.548500000000000000e+04
1.548600000000000000e+04
1.548700000000000000e+04
1.548800000000000000e+04
1.548900000000000000e+04
1.549000000000000000e+04
1.549100000000000000e+04
1.549200000000000000e+04
1.549300000000000000e+04
1.549400000000000000e+04
1.549500000000000000e+04
1.549600000000000000e+04
1.549700000000000000e+04
1.549800000000000000e+04
1.549900000000000000e+04
1.550000000000000000e+04
1.550100000000000000e+04
1.550200000000000000e+04
1.550300000000000000e+04
1.550400000000000000e+04
1.550500000000000000e+04
1.550600000000000000e+04
1.550700000000000000e+04
1.550800000000000000e+04
1.550900000000000000e+04
1.551000000000000000e+04
1.551100000000000000e+04
1.551200000000000000e+04
1.551300000000000000e+04
1.551400000000000000e+04
1.551500000000000000e+04
1.551600000000000000e+04
1.551700000000000000e+04
1.551800000000000000e+04
1.551900000000000000e+04
1.552000000000000000e+04
1.552100000000000000e+04
1.552200000000000000e+04
1.552300000000000000e+04
1.552400000000000000e+04
1.552500000000000000e+04
1.552600000000000000e+04
1.552700000000000000e+04
1.552800000000000000e+04
1.552900000000000000e+04
1.553000000000000000e+04
1.553100000000000000e+04
1.553200000000000000e+04
1.553300000000000000e+04
1.553400000000000000e+04
1.553500000000000000e+04
1.553600000000000000e+04
1.553700000000000000e+04
1.553800000000000000e+04
1.553900000000000000e+04
1.554000000000000000e+04
1.554100000000000000e+04
1.554200000000000000e+04
1.554300000000000000e+04
1.554400000000000000e+04
1.554500000000000000e+04
1.554600000000000000e+04
1.554700000000000000e+04
1.554800000000000000e+04
1.554900000000000000e+04
1.555000000000000000e+04
1.555100000000000000e+04
1.555200000000000000e+04
1.555300000000000000e+04
1.555400000000000000e+04
1.555500000000000000e+04
1.555600000000000000e+04
1.555700000000000000e+04
1.555800000000000000e+04
1.555900000000000000e+04
1.556000000000000000e+04
1.556100000000000000e+04
1.556200000000000000e+04
1.556300000000000000e+04
1.556400000000000000e+04
1.556500000000000000e+04
1.556600000000000000e+04
1.556700000000000000e+04
1.556800000000000000e+04
1.556900000000000000e+04
1.557000000000000000e+04
1.557100000000000000e+04
1.557200000000000000e+04
1.557300000000000000e+04
1.557400000000000000e+04
1.557500000000000000e+04
1.557600000000000000e+04
1.557700000000000000e+04
1.557800000000000000e+04
1.557900000000000000e+04
1.558000000000000000e+04
1.558100000000000000e+04
1.558200000000000000e+04
1.558300000000000000e+04
1.558400000000000000e+04
1.558500000000000000e+04
1.558600000000000000e+04
1.558700000000000000e+04
1.558800000000000000e+04
1.558900000000000000e+04
1.559000000000000000e+04
1.559100000000000000e+04
1.559200000000000000e+04
1.559300000000000000e+04
1.559400000000000000e+04
1.559500000000000000e+04
1.559600000000000000e+04
1.559700000000000000e+04
1.559800000000000000e+04
1.559900000000000000e+04
1.560000000000000000e+04
1.560100000000000000e+04
1.560200000000000000e+04
1.560400000000000000e+04
1.560600000000000000e+04
1.561000000000000000e+04
3.247000000000000000e+04
3.247400000000000000e+04
3.247600000000000000e+04
3.247700000000000000e+04
3.247800000000000000e+04
3.247900000000000000e+04
3.248000000000000000e+04
3.248100000000000000e+04
3.248200000000000000e+04
3.248300000000000000e+04
3.248400000000000000e+04
3.248500000000000000e+04
3.248600000000000000e+04
3.248700000000000000e+04
3.248800000000000000e+04
3.248900000000000000e+04
3.249000000000000000e+04
3.249100000000000000e+04
3.249200000000000000e+04
3.249300000000000000e+04
3.249400000000000000e+04
3.249500000000000000e+04
3.249600000000000000e+04
3.249700000000000000e+04
3.249800000000000000e+04
3.249900000000000000e+04
3.250000000000000000e+04
3.250100000000000000e+04
3.250200000000000000e+04
3.250300000000000000e+04
3.250400000000000000e+04
3.250500000000000000e+04
3.250600000000000000e+04
3.250700000000000000e+04
3.250800000000000000e+04
3.250900000000000000e+04
3.251000000000000000e+04
3.251100000000000000e+04
3.251200000000000000e+04
3.251300000000000000e+04
3.251400000000000000e+04
3.251500000000000000e+04
3.251600000000000000e+04
3.251700000000000000e+04
3.251800000000000000e+04
3.251900000000000000e+04
3.252000000000000000e+04
3.252100000000000000e+04
3.252200000000000000e+04
3.252300000000000000e+04
3.252400000000000000e+04
3.252500000000000000e+04
3.252600000000000000e+04
3.252700000000000000e+04
3.252800000000000000e+04
3.252900000000000000e+04
3.253000000000000000e+04
3.253100000000000000e+04
3.253200000000000000e+04
3.253300000000000000e+04
3.253400000000000000e+04
3.253500000000000000e+04
3.253600000000000000e+04
3.253700000000000000e+04
3.253800000000000000e+04
3.253900000000000000e+04
3.254000000000000000e+04
3.254100000000000000e+04
3.254200000000000000e+04
3.254300000000000000e+04
3.254400000000000000e+04
3.254500000000000000e+04
3.254600000000000000e+04
3.254700000000000000e+04
3.254800000000000000e+04
3.254900000000000000e+04
3.255000000000000000e+04
3.255100000000000000e+04
3.255200000000000000e+04
3.255300000000000000e+04
3.255400000000000000e+04
3.255500000000000000e+04
3.255600000000000000e+04
3.255700000000000000e+04
3.255800000000000000e+04
3.255900000000000000e+04
3.256000000000000000e+04
3.256100000000000000e+04
3.256200000000000000e+04
3.256300000000000000e+04
3.256400000000000000e+04
3.256500000000000000e+04
3.256600000000000000e+04
3.256700000000000000e+04
3.256800000000000000e+04
3.256900000000000000e+04
3.257000000000000000e+04
3.257100000000000000e+04
3.257200000000000000e+04
3.257300000000000000e+04
3.257400000000000000e+04
3.257500000000000000e+04
3.257600000000000000e+04
3.257700000000000000e+04
3.257800000000000000e+04
3.257900000000000000e+04
3.258000000000000000e+04
3.258100000000000000e+04
3.258200000000000000e+04
3.258300000000000000e+04
3.258400000000000000e+04
3.258500000000000000e+04
3.258600000000000000e+04
3.258700000000000000e+04
3.258800000000000000e+04
3.258900000000000000e+04
3.259000000000000000e+04
3.259100000000000000e+04
3.259200000000000000e+04
3.259300000000000000e+04
3.259400000000000000e+04
3.259500000000000000e+04
3.259600000000000000e+04
3.259700000000000000e+04
3.259800000000000000e+04
3.259900000000000000e+04
3.260000000000000000e+04
3.260100000000000000e+04
3.260200000000000000e+04
3.260300000000000000e+04
3.260400000000000000e+04
3.260500000000000000e+04
3.260600000000000000e+04
3.260700000000000000e+04
3.260800000000000000e+04
3.260900000000000000e+04
3.261000000000000000e+04
3.261100000000000000e+04
3.261200000000000000e+04
3.261300000000000000e+04
3.261400000000000000e+04
3.261500000000000000e+04
3.261600000000000000e+04
3.261700000000000000e+04
3.261800000000000000e+04
3.261900000000000000e+04
3.262000000000000000e+04
3.262100000000000000e+04
3.262200000000000000e+04
3.262300000000000000e+04
3.262400000000000000e+04
3.262500000000000000e+04
3.262600000000000000e+04
3.262700000000000000e+04
3.262800000000000000e+04
3.262900000000000000e+04
3.263000000000000000e+04
3.263100000000000000e+04
3.263200000000000000e+04
3.263300000000000000e+04
3.263400000000000000e+04
3.263500000000000000e+04
3.263600000000000000e+04
3.263700000000000000e+04
3.263800000000000000e+04
3.263900000000000000e+04
3.264000000000000000e+04
3.264100000000000000e+04
3.264200000000000000e+04
3.264300000000000000e+04
3.264400000000000000e+04
3.264500000000000000e+04
3.264600000000000000e+04
3.264700000000000000e+04
3.264800000000000000e+04
3.264900000000000000e+04
3.265000000000000000e+04
3.265100000000000000e+04
3.265200000000000000e+04
3.265300000000000000e+04
3.265400000000000000e+04
3.265500000000000000e+04
3.265600000000000000e+04
3.265700000000000000e+04
3.265800000000000000e+04
3.265900000000000000e+04
3.266000000000000000e+04
3.266100000000000000e+04
3.266200000000000000e+04
3.266300000000000000e+04
3.266400000000000000e+04
3.266500000000000000e+04
3.266600000000000000e+04
3.266700000000000000e+04
3.266800000000000000e+04
3.266900000000000000e+04
3.267000000000000000e+04
3.267100000000000000e+04
3.267200000000000000e+04
3.267300000000000000e+04
3.267400000000000000e+04
3.267500000000000000e+04
3.267600000000000000e+04
3.267700000000000000e+04
3.267800000000000000e+04
3.267900000000000000e+04
3.268000000000000000e+04
3.268100000000000000e+04
3.268200000000000000e+04
3.268300000000000000e+04
3.268400000000000000e+04
3.268500000000000000e+04
3.268600000000000000e+04
3.268700000000000000e+04
3.268800000000000000e+04
3.268900000000000000e+04
3.269000000000000000e+04
3.269100000000000000e+04
3.269200000000000000e+04
3.269300000000000000e+04
3.269400000000000000e+04
3.269500000000000000e+04
3.269600000000000000e+04
3.269700000000000000e+04
3.269800000000000000e+04
3.269900000000000000e+04
3.270000000000000000e+04
3.270100000000000000e+04
3.270200000000000000e+04
3.270300000000000000e+04
3.270400000000000000e+04
3.270500000000000000e+04
3.270600000000000000e+04
3.270700000000000000e+04
3.270800000000000000e+04
3.270900000000000000e+04
3.271000000000000000e+04
3.271100000000000000e+04
3.271200000000000000e+04
3.271300000000000000e+04
3.271400000000000000e+04
3.271500000000000000e+04
3.271600000000000000e+04
3.271700000000000000e+04
3.271800000000000000e+04
3.271900000000000000e+04
3.272000000000000000e+04
3.272100000000000000e+04
3.272200000000000000e+04
3.272300000000000000e+04
3.272400000000000000e+04
3.272500000000000000e+04
3.272600000000000000e+04
3.272700000000000000e+04
3.272800000000000000e+04
3.272900000000000000e+04
3.273000000000000000e+04
3.273100000000000000e+04
3.273200000000000000e+04
3.273300000000000000e+04
3.273400000000000000e+04
3.273500000000000000e+04
3.273600000000000000e+04
3.273700000000000000e+04
3.273800000000000000e+04
3.273900000000000000e+04
3.274000000000000000e+04
3.274100000000000000e+04
3.274200000000000000e+04
3.274300000000000000e+04
3.274400000000000000e+04
3.274500000000000000e+04
3.274600000000000000e+04
3.274700000000000000e+04
3.274800000000000000e+04
3.274900000000000000e+04
3.275000000000000000e+04
3.275100000000000000e+04
3.275200000000000000e+04
3.275300000000000000e+04
3.275400000000000000e+04
3.275500000000000000e+04
3.275600000000000000e+04
3.275700000000000000e+04
3.275800000000000000e+04
3.275900000000000000e+04
3.276000000000000000e+04
3.276100000000000000e+04
3.276200000000000000e+04
3.276300000000000000e+04
3.276400000000000000e+04
3.276500000000000000e+04
3.276600000000000000e+04
3.276700000000000000e+04
3.276800000000000000e+04
3.276900000000000000e+04
3.277000000000000000e+04
3.277100000000000000e+04
3.277200000000000000e+04
3.277300000000000000e+04
3.277400000000000000e+04
3.277500000000000000e+04
3.277600000000000000e+04
3.277700000000000000e+04
3.277800000000000000e+04
3.277900000000000000e+04
3.278000000000000000e+04
3.278100000000000000e+04
3.278200000000000000e+04
3.278300000000000000e+04
3.278400000000000000e+04
3.278500000000000000e+04
3.278600000000000000e+04
3.278700000000000000e+04
3.278800000000000000e+04
3.278900000000000000e+04
3.279000000000000000e+04
3.279100000000000000e+04
3.279200000000000000e+04
3.279300000000000000e+04
3.279400000000000000e+04
3.279500000000000000e+04
3.279600000000000000e+04
3.279700000000000000e+04
3.279800000000000000e+04
3.279900000000000000e+04
3.280000000000000000e+04
3.280100000000000000e+04
3.280200000000000000e+04
3.280300000000000000e+04
3.280400000000000000e+04
3.280500000000000000e+04
3.280600000000000000e+04
3.280700000000000000e+04
3.280800000000000000e+04
3.280900000000000000e+04
3.281000000000000000e+04
3.281100000000000000e+04
3.281200000000000000e+04
3.281300000000000000e+04
3.281400000000000000e+04
3.281500000000000000e+04
3.281600000000000000e+04
3.281700000000000000e+04
3.281800000000000000e+04
3.281900000000000000e+04
3.282000000000000000e+04
3.282100000000000000e+04
3.282200000000000000e+04
3.282300000000000000e+04
3.282400000000000000e+04
3.282500000000000000e+04
3.282600000000000000e+04
3.282700000000000000e+04
3.282800000000000000e+04
3.282900000000000000e+04
3.283000000000000000e+04
3.283100000000000000e+04
3.283200000000000000e+04
3.283300000000000000e+04
3.283400000000000000e+04
3.283500000000000000e+04
3.283600000000000000e+04
3.283700000000000000e+04
3.283800000000000000e+04
3.283900000000000000e+04
3.284000000000000000e+04
3.284100000000000000e+04
3.284200000000000000e+04
3.284300000000000000e+04
3.284400000000000000e+04
3.284500000000000000e+04
3.284600000000000000e+04
3.284700000000000000e+04
3.284800000000000000e+04
3.284900000000000000e+04
3.285000000000000000e+04
3.285100000000000000e+04
3.285200000000000000e+04
3.285300000000000000e+04
3.285400000000000000e+04
3.285500000000000000e+04
3.285600000000000000e+04
3.285700000000000000e+04
3.285800000000000000e+04
3.285900000000000000e+04
3.286000000000000000e+04
3.286100000000000000e+04
3.286200000000000000e+04
3.286300000000000000e+04
3.286400000000000000e+04
3.286500000000000000e+04
3.286600000000000000e+04
3.286700000000000000e+04
3.286800000000000000e+04
3.286900000000000000e+04
3.287000000000000000e+04
3.287100000000000000e+04
3.287200000000000000e+04
3.287300000000000000e+04
3.287400000000000000e+04
3.287500000000000000e+04
3.287600000000000000e+04
3.287700000000000000e+04
3.287800000000000000e+04
3.287900000000000000e+04
3.288000000000000000e+04
3.288100000000000000e+04
3.288200000000000000e+04
3.288300000000000000e+04
3.288400000000000000e+04
3.288500000000000000e+04
3.288600000000000000e+04
3.288700000000000000e+04
3.288800000000000000e+04
3.288900000000000000e+04
3.289000000000000000e+04
3.289100000000000000e+04
3.289200000000000000e+04
3.289300000000000000e+04
3.289400000000000000e+04
3.289500000000000000e+04
3.289600000000000000e+04
3.289700000000000000e+04
3.289800000000000000e+04
3.289900000000000000e+04
3.290000000000000000e+04
3.290100000000000000e+04
3.290200000000000000e+04
3.290300000000000000e+04
3.290400000000000000e+04
3.290500000000000000e+04
3.290600000000000000e+04
3.290700000000000000e+04
3.290800000000000000e+04
3.290900000000000000e+04
3.291000000000000000e+04
3.291100000000000000e+04
3.291200000000000000e+04
3.291300000000000000e+04
3.291400000000000000e+04
3.291500000000000000e+04
3.291600000000000000e+04
3.291700000000000000e+04
3.291800000000000000e+04
3.291900000000000000e+04
3.292000000000000000e+04
3.292100000000000000e+04
3.292200000000000000e+04
3.292300000000000000e+04
3.292400000000000000e+04
3.292500000000000000e+04
3.292600000000000000e+04
3.292700000000000000e+04
3.292800000000000000e+04
3.292900000000000000e+04
3.293000000000000000e+04
3.293100000000000000e+04
3.293200000000000000e+04
3.293300000000000000e+04
3.293400000000000000e+04
3.293500000000000000e+04
3.293600000000000000e+04
3.293700000000000000e+04
3.293800000000000000e+04
3.293900000000000000e+04
3.294000000000000000e+04
3.294100000000000000e+04
3.294200000000000000e+04
3.294300000000000000e+04
3.294400000000000000e+04
3.294500000000000000e+04
3.294600000000000000e+04
3.294700000000000000e+04
3.294800000000000000e+04
3.294900000000000000e+04
3.295000000000000000e+04
3.295100000000000000e+04
3.295200000000000000e+04
3.295300000000000000e+04
3.295400000000000000e+04
3.295500000000000000e+04
3.295600000000000000e+04
3.295700000000000000e+04
3.295800000000000000e+04
3.295900000000000000e+04
3.296000000000000000e+04
3.296100000000000000e+04
3.296200000000000000e+04
3.296300000000000000e+04
3.296400000000000000e+04
3.296500000000000000e+04
3.296600000000000000e+04
3.296700000000000000e+04
3.296800000000000000e+04
3.296900000000000000e+04
3.297000000000000000e+04
3.297100000000000000e+04
3.297200000000000000e+04
3.297300000000000000e+04
3.297400000000000000e+04
3.297500000000000000e+04
3.297600000000000000e+04
3.297700000000000000e+04
3.297800000000000000e+04
3.297900000000000000e+04
3.298000000000000000e+04
3.298100000000000000e+04
3.298200000000000000e+04
3.298300000000000000e+04
3.298400000000000000e+04
3.298500000000000000e+04
3.298600000000000000e+04
3.298700000000000000e+04
3.298800000000000000e+04
3.298900000000000000e+04
3.299000000000000000e+04
3.299100000000000000e+04
3.299200000000000000e+04
3.299300000000000000e+04
3.299400000000000000e+04
3.299500000000000000e+04
3.299600000000000000e+04
3.299700000000000000e+04
3.299800000000000000e+04
3.299900000000000000e+04
3.300000000000000000e+04
3.300100000000000000e+04
3.300200000000000000e+04
3.300300000000000000e+04
3.300400000000000000e+04
3.300500000000000000e+04
3.300600000000000000e+04
3.300700000000000000e+04
3.300800000000000000e+04
3.300900000000000000e+04
3.301000000000000000e+04
3.301100000000000000e+04
3.301200000000000000e+04
3.301300000000000000e+04
3.301400000000000000e+04
3.301500000000000000e+04
3.301600000000000000e+04
3.301700000000000000e+04
3.301800000000000000e+04
3.301900000000000000e+04
3.302000000000000000e+04
3.302100000000000000e+04
3.302200000000000000e+04
3.302300000000000000e+04
3.302400000000000000e+04
3.302500000000000000e+04
3.302600000000000000e+04
3.302700000000000000e+04
3.302800000000000000e+04
3.302900000000000000e+04
3.303000000000000000e+04
3.303100000000000000e+04
3.303200000000000000e+04
3.303300000000000000e+04
3.303400000000000000e+04
3.303500000000000000e+04
3.303600000000000000e+04
3.303700000000000000e+04
3.303800000000000000e+04
3.303900000000000000e+04
3.304000000000000000e+04
3.304100000000000000e+04
3.304200000000000000e+04
3.304300000000000000e+04
3.304400000000000000e+04
3.304500000000000000e+04
3.304600000000000000e+04
3.304700000000000000e+04
3.304800000000000000e+04
3.304900000000000000e+04
3.305000000000000000e+04
3.305100000000000000e+04
3.305200000000000000e+04
3.305300000000000000e+04
3.305400000000000000e+04
3.305500000000000000e+04
3.305600000000000000e+04
3.305700000000000000e+04
3.305800000000000000e+04
3.305900000000000000e+04
3.306000000000000000e+04
3.306100000000000000e+04
3.306200000000000000e+04
3.306300000000000000e+04
3.306400000000000000e+04
3.306500000000000000e+04
3.306600000000000000e+04
3.306700000000000000e+04
3.306800000000000000e+04
3.306900000000000000e+04
3.307000000000000000e+04
3.307300000000000000e+04
3.492300000000000000e+04
3.492500000000000000e+04
3.492600000000000000e+04
3.492700000000000000e+04
3.492800000000000000e+04
3.492900000000000000e+04
3.493000000000000000e+04
3.493100000000000000e+04
3.493200000000000000e+04
3.493300000000000000e+04
3.493400000000000000e+04
3.493500000000000000e+04
3.493600000000000000e+04
3.493700000000000000e+04
3.493800000000000000e+04
3.493900000000000000e+04
3.494000000000000000e+04
3.494100000000000000e+04
3.494200000000000000e+04
3.494300000000000000e+04
3.494400000000000000e+04
3.494500000000000000e+04
3.494600000000000000e+04
3.494700000000000000e+04
3.494800000000000000e+04
3.494900000000000000e+04
3.495000000000000000e+04
3.495100000000000000e+04
3.495200000000000000e+04
3.495300000000000000e+04
3.495400000000000000e+04
3.495500000000000000e+04
3.495600000000000000e+04
3.495700000000000000e+04
3.495800000000000000e+04
3.495900000000000000e+04
3.496000000000000000e+04
3.496100000000000000e+04
3.496200000000000000e+04
3.496300000000000000e+04
3.496400000000000000e+04
3.496500000000000000e+04
3.496600000000000000e+04
3.496700000000000000e+04
3.496800000000000000e+04
3.496900000000000000e+04
3.497000000000000000e+04
3.497100000000000000e+04
3.497200000000000000e+04
3.497300000000000000e+04
3.497400000000000000e+04
3.497500000000000000e+04
3.497600000000000000e+04
3.497700000000000000e+04
3.497800000000000000e+04
3.497900000000000000e+04
3.498000000000000000e+04
3.498100000000000000e+04
3.498200000000000000e+04
3.498300000000000000e+04
3.498400000000000000e+04
3.498500000000000000e+04
3.498600000000000000e+04
3.498700000000000000e+04
3.498800000000000000e+04
3.498900000000000000e+04
3.499000000000000000e+04
3.499100000000000000e+04
3.499200000000000000e+04
3.499300000000000000e+04
3.499400000000000000e+04
3.499500000000000000e+04
3.499600000000000000e+04
3.499700000000000000e+04
3.499800000000000000e+04
3.499900000000000000e+04
3.500000000000000000e+04
3.500100000000000000e+04
3.500200000000000000e+04
3.500300000000000000e+04
3.500400000000000000e+04
3.500500000000000000e+04
3.500600000000000000e+04
3.500700000000000000e+04
3.500800000000000000e+04
3.500900000000000000e+04
3.501000000000000000e+04
3.501100000000000000e+04
3.501200000000000000e+04
3.501300000000000000e+04
3.501400000000000000e+04
3.501500000000000000e+04
3.501600000000000000e+04
3.501700000000000000e+04
3.501800000000000000e+04
3.501900000000000000e+04
3.502000000000000000e+04
3.502100000000000000e+04
3.502200000000000000e+04
3.502300000000000000e+04
3.502400000000000000e+04
3.502500000000000000e+04
3.502600000000000000e+04
3.502700000000000000e+04
3.502800000000000000e+04
3.502900000000000000e+04
3.503000000000000000e+04
3.503100000000000000e+04
3.503200000000000000e+04
3.503300000000000000e+04
3.503400000000000000e+04
3.503500000000000000e+04
3.503600000000000000e+04
3.503700000000000000e+04
3.503800000000000000e+04
3.503900000000000000e+04
3.504000000000000000e+04
3.504100000000000000e+04
3.504200000000000000e+04
3.504300000000000000e+04
3.504400000000000000e+04
3.504500000000000000e+04
3.504600000000000000e+04
3.504700000000000000e+04
3.504800000000000000e+04
3.504900000000000000e+04
3.505000000000000000e+04
3.505100000000000000e+04
3.505200000000000000e+04
3.505300000000000000e+04
3.505400000000000000e+04
3.505500000000000000e+04
3.505600000000000000e+04
3.505700000000000000e+04
3.505800000000000000e+04
3.505900000000000000e+04
3.506000000000000000e+04
3.506100000000000000e+04
3.506200000000000000e+04
3.506300000000000000e+04
3.506400000000000000e+04
3.506500000000000000e+04
3.506600000000000000e+04
3.506700000000000000e+04
3.506800000000000000e+04
3.506900000000000000e+04
3.507000000000000000e+04
3.507100000000000000e+04
3.507200000000000000e+04
3.507300000000000000e+04
3.507400000000000000e+04
3.507500000000000000e+04
3.507600000000000000e+04
3.507700000000000000e+04
3.507800000000000000e+04
3.507900000000000000e+04
3.508000000000000000e+04
3.508100000000000000e+04
3.508200000000000000e+04
3.508300000000000000e+04
3.508400000000000000e+04
3.508500000000000000e+04
3.508600000000000000e+04
3.508700000000000000e+04
3.508800000000000000e+04
3.508900000000000000e+04
3.509000000000000000e+04
3.509100000000000000e+04
3.509200000000000000e+04
3.509300000000000000e+04
3.509400000000000000e+04
3.509500000000000000e+04
3.509600000000000000e+04
3.509700000000000000e+04
3.509800000000000000e+04
3.509900000000000000e+04
3.510000000000000000e+04
3.510100000000000000e+04
3.510200000000000000e+04
3.510300000000000000e+04
3.510400000000000000e+04
3.510500000000000000e+04
3.510600000000000000e+04
3.510700000000000000e+04
3.510800000000000000e+04
3.510900000000000000e+04
3.511000000000000000e+04
3.511100000000000000e+04
3.511200000000000000e+04
3.511300000000000000e+04
3.511400000000000000e+04
3.511500000000000000e+04
3.511600000000000000e+04
3.511700000000000000e+04
3.511800000000000000e+04
3.511900000000000000e+04
3.512000000000000000e+04
3.512100000000000000e+04
3.512200000000000000e+04
3.512300000000000000e+04
3.512400000000000000e+04
3.512500000000000000e+04
3.512600000000000000e+04
3.512700000000000000e+04
3.512800000000000000e+04
3.512900000000000000e+04
3.513000000000000000e+04
3.513100000000000000e+04
3.513200000000000000e+04
3.513300000000000000e+04
3.513400000000000000e+04
3.513500000000000000e+04
3.513600000000000000e+04
3.513700000000000000e+04
3.513800000000000000e+04
3.513900000000000000e+04
3.514000000000000000e+04
3.514100000000000000e+04
3.514200000000000000e+04
3.514300000000000000e+04
3.514400000000000000e+04
3.514500000000000000e+04
3.514600000000000000e+04
3.514700000000000000e+04
3.514800000000000000e+04
3.514900000000000000e+04
3.515000000000000000e+04
3.515100000000000000e+04
3.515200000000000000e+04
3.515300000000000000e+04
3.515400000000000000e+04
3.515500000000000000e+04
3.515600000000000000e+04
3.515700000000000000e+04
3.515800000000000000e+04
3.515900000000000000e+04
3.516000000000000000e+04
3.516100000000000000e+04
3.516200000000000000e+04
3.516300000000000000e+04
3.516400000000000000e+04
3.516500000000000000e+04
3.516600000000000000e+04
3.516700000000000000e+04
3.516800000000000000e+04
3.516900000000000000e+04
3.517000000000000000e+04
3.517100000000000000e+04
3.517200000000000000e+04
3.517300000000000000e+04
3.517400000000000000e+04
3.517500000000000000e+04
3.517600000000000000e+04
3.517700000000000000e+04
3.517800000000000000e+04
3.517900000000000000e+04
3.518000000000000000e+04
3.518100000000000000e+04
3.518200000000000000e+04
3.518300000000000000e+04
3.518400000000000000e+04
3.518500000000000000e+04
3.518600000000000000e+04
3.518700000000000000e+04
3.518800000000000000e+04
3.518900000000000000e+04
3.519000000000000000e+04
3.519100000000000000e+04
3.519200000000000000e+04
3.519300000000000000e+04
3.519400000000000000e+04
3.519500000000000000e+04
3.519600000000000000e+04
3.519700000000000000e+04
3.519800000000000000e+04
3.519900000000000000e+04
3.520000000000000000e+04
3.520100000000000000e+04
3.520200000000000000e+04
3.520300000000000000e+04
3.520400000000000000e+04
3.520500000000000000e+04
3.520600000000000000e+04
3.520700000000000000e+04
3.520800000000000000e+04
3.520900000000000000e+04
3.521000000000000000e+04
3.521100000000000000e+04
3.521200000000000000e+04
3.521300000000000000e+04
3.521400000000000000e+04
3.521500000000000000e+04
3.521600000000000000e+04
3.521700000000000000e+04
3.521800000000000000e+04
3.521900000000000000e+04
3.522000000000000000e+04
3.522100000000000000e+04
3.522200000000000000e+04
3.522300000000000000e+04
3.522400000000000000e+04
3.522500000000000000e+04
3.522600000000000000e+04
3.522700000000000000e+04
3.522800000000000000e+04
3.522900000000000000e+04
3.523000000000000000e+04
3.523100000000000000e+04
3.523200000000000000e+04
3.523300000000000000e+04
3.523400000000000000e+04
3.523500000000000000e+04
3.523600000000000000e+04
3.523700000000000000e+04
3.523800000000000000e+04
3.523900000000000000e+04
3.524000000000000000e+04
3.524100000000000000e+04
3.524200000000000000e+04
3.524300000000000000e+04
3.524400000000000000e+04
3.524500000000000000e+04
3.524600000000000000e+04
3.524700000000000000e+04
3.524800000000000000e+04
3.524900000000000000e+04
3.525000000000000000e+04
3.525100000000000000e+04
3.525200000000000000e+04
3.525300000000000000e+04
3.525400000000000000e+04
3.525500000000000000e+04
3.525600000000000000e+04
3.525700000000000000e+04
3.525800000000000000e+04
3.525900000000000000e+04
3.526000000000000000e+04
3.526100000000000000e+04
3.526200000000000000e+04
3.526300000000000000e+04
3.526400000000000000e+04
3.526500000000000000e+04
3.526600000000000000e+04
3.526700000000000000e+04
3.526800000000000000e+04
3.526900000000000000e+04
3.527000000000000000e+04
3.527100000000000000e+04
3.527200000000000000e+04
3.527300000000000000e+04
3.527400000000000000e+04
3.527500000000000000e+04
3.527600000000000000e+04
3.527700000000000000e+04
3.527800000000000000e+04
3.527900000000000000e+04
3.528000000000000000e+04
3.528100000000000000e+04
3.528200000000000000e+04
3.528300000000000000e+04
3.528400000000000000e+04
3.528500000000000000e+04
3.528600000000000000e+04
3.528700000000000000e+04
3.528800000000000000e+04
3.528900000000000000e+04
3.529000000000000000e+04
3.529100000000000000e+04
3.529200000000000000e+04
3.529300000000000000e+04
3.529400000000000000e+04
3.529500000000000000e+04
3.529600000000000000e+04
3.529700000000000000e+04
3.529800000000000000e+04
3.529900000000000000e+04
3.530000000000000000e+04
3.530100000000000000e+04
3.530200000000000000e+04
3.530300000000000000e+04
3.530400000000000000e+04
3.530500000000000000e+04
3.530600000000000000e+04
3.530700000000000000e+04
3.530800000000000000e+04
3.530900000000000000e+04
3.531000000000000000e+04
3.531100000000000000e+04
3.531200000000000000e+04
3.531300000000000000e+04
3.531400000000000000e+04
3.531500000000000000e+04
3.531600000000000000e+04
3.531700000000000000e+04
3.531800000000000000e+04
3.531900000000000000e+04
3.532000000000000000e+04
3.532100000000000000e+04
3.532200000000000000e+04
3.532300000000000000e+04
3.532400000000000000e+04
3.532500000000000000e+04
3.532600000000000000e+04
3.532700000000000000e+04
3.532800000000000000e+04
3.532900000000000000e+04
3.533000000000000000e+04
3.533100000000000000e+04
3.533200000000000000e+04
3.533300000000000000e+04
3.533400000000000000e+04
3.533500000000000000e+04
3.533600000000000000e+04
3.533700000000000000e+04
3.533800000000000000e+04
3.533900000000000000e+04
3.534000000000000000e+04
3.534100000000000000e+04
3.534200000000000000e+04
3.534300000000000000e+04
3.534400000000000000e+04
3.534500000000000000e+04
3.534600000000000000e+04
3.534700000000000000e+04
3.534800000000000000e+04
3.534900000000000000e+04
3.535000000000000000e+04
3.535100000000000000e+04
3.535200000000000000e+04
3.535300000000000000e+04
3.535400000000000000e+04
3.535500000000000000e+04
3.535600000000000000e+04
3.535700000000000000e+04
3.535800000000000000e+04
3.535900000000000000e+04
3.536000000000000000e+04
3.536100000000000000e+04
3.536200000000000000e+04
3.536300000000000000e+04
3.536400000000000000e+04
3.536500000000000000e+04
3.536600000000000000e+04
3.536700000000000000e+04
3.536800000000000000e+04
3.536900000000000000e+04
3.537000000000000000e+04
3.537100000000000000e+04
3.537200000000000000e+04
3.537300000000000000e+04
3.537400000000000000e+04
3.537500000000000000e+04
3.537600000000000000e+04
3.537700000000000000e+04
3.537800000000000000e+04
3.537900000000000000e+04
3.538000000000000000e+04
3.538100000000000000e+04
3.538200000000000000e+04
3.538300000000000000e+04
3.538400000000000000e+04
3.538500000000000000e+04
3.538600000000000000e+04
3.538700000000000000e+04
3.538800000000000000e+04
3.538900000000000000e+04
3.539000000000000000e+04
3.539100000000000000e+04
3.539200000000000000e+04
3.539300000000000000e+04
3.539400000000000000e+04
3.539500000000000000e+04
3.539600000000000000e+04
3.539700000000000000e+04
3.539800000000000000e+04
3.539900000000000000e+04
3.540000000000000000e+04
3.540100000000000000e+04
3.540200000000000000e+04
3.540300000000000000e+04
3.540400000000000000e+04
3.540500000000000000e+04
3.540600000000000000e+04
3.540700000000000000e+04
3.540800000000000000e+04
3.540900000000000000e+04
3.541000000000000000e+04
3.541100000000000000e+04
3.541200000000000000e+04
3.541300000000000000e+04
3.541400000000000000e+04
3.541500000000000000e+04
3.541600000000000000e+04
3.541700000000000000e+04
3.541800000000000000e+04
3.541900000000000000e+04
3.542000000000000000e+04
3.542100000000000000e+04
3.542200000000000000e+04
3.542300000000000000e+04
3.542400000000000000e+04
3.542500000000000000e+04
3.542600000000000000e+04
3.542700000000000000e+04
3.542800000000000000e+04
3.542900000000000000e+04
3.543000000000000000e+04
3.543100000000000000e+04
3.543200000000000000e+04
3.543300000000000000e+04
3.543400000000000000e+04
3.543500000000000000e+04
3.543600000000000000e+04
3.543700000000000000e+04
3.543800000000000000e+04
3.543900000000000000e+04
3.544000000000000000e+04
3.544100000000000000e+04
3.544200000000000000e+04
3.544300000000000000e+04
3.544400000000000000e+04
3.544500000000000000e+04
3.544600000000000000e+04
3.544700000000000000e+04
3.544800000000000000e+04
3.544900000000000000e+04
3.545000000000000000e+04
3.545100000000000000e+04
3.545200000000000000e+04
3.545300000000000000e+04
3.545400000000000000e+04
3.545500000000000000e+04
3.545600000000000000e+04
3.545700000000000000e+04
3.545800000000000000e+04
3.545900000000000000e+04
3.546000000000000000e+04
3.546100000000000000e+04
3.546200000000000000e+04
3.546300000000000000e+04
3.546400000000000000e+04
3.546500000000000000e+04
3.546600000000000000e+04
3.546700000000000000e+04
3.546800000000000000e+04
3.546900000000000000e+04
3.547000000000000000e+04
3.547100000000000000e+04
3.547200000000000000e+04
3.547300000000000000e+04
3.547400000000000000e+04
3.547500000000000000e+04
3.547600000000000000e+04
3.547700000000000000e+04
3.547800000000000000e+04
3.547900000000000000e+04
3.548000000000000000e+04
3.548100000000000000e+04
3.548200000000000000e+04
3.548300000000000000e+04
3.548400000000000000e+04
3.548500000000000000e+04
3.548600000000000000e+04
3.548700000000000000e+04
3.548800000000000000e+04
3.548900000000000000e+04
3.549000000000000000e+04
3.549100000000000000e+04
3.549200000000000000e+04
3.549300000000000000e+04
3.549400000000000000e+04
3.549500000000000000e+04
3.549600000000000000e+04
3.549700000000000000e+04
3.549800000000000000e+04
3.549900000000000000e+04
3.550000000000000000e+04
3.550100000000000000e+04
3.550200000000000000e+04
3.550300000000000000e+04
3.550400000000000000e+04
3.550500000000000000e+04
3.550600000000000000e+04
3.550700000000000000e+04
3.550800000000000000e+04
3.550900000000000000e+04
3.551000000000000000e+04
3.551100000000000000e+04
3.551200000000000000e+04
3.551300000000000000e+04
3.551400000000000000e+04
3.551500000000000000e+04
3.551600000000000000e+04
3.551700000000000000e+04
3.551800000000000000e+04
3.551900000000000000e+04
3.552000000000000000e+04
3.552100000000000000e+04
3.552200000000000000e+04
3.552300000000000000e+04
3.552400000000000000e+04
3.552500000000000000e+04
3.552600000000000000e+04
3.552700000000000000e+04
3.552800000000000000e+04
3.552900000000000000e+04
3.553000000000000000e+04
3.553100000000000000e+04
3.553200000000000000e+04
3.553300000000000000e+04
3.553400000000000000e+04
3.553500000000000000e+04
3.553600000000000000e+04
3.553700000000000000e+04
3.553800000000000000e+04
3.553900000000000000e+04
3.554000000000000000e+04
3.554100000000000000e+04
3.554200000000000000e+04
3.554300000000000000e+04
3.554400000000000000e+04
3.554500000000000000e+04
3.554600000000000000e+04
3.554700000000000000e+04
3.554800000000000000e+04
3.554900000000000000e+04
3.555000000000000000e+04
3.555100000000000000e+04
3.555200000000000000e+04
3.555300000000000000e+04
3.555400000000000000e+04
3.555500000000000000e+04
3.555600000000000000e+04
3.555700000000000000e+04
3.555800000000000000e+04
3.555900000000000000e+04
3.556000000000000000e+04
3.556100000000000000e+04
3.556200000000000000e+04
3.556300000000000000e+04
3.556400000000000000e+04
3.556500000000000000e+04
3.556600000000000000e+04
3.556700000000000000e+04
3.556800000000000000e+04
3.556900000000000000e+04
3.557000000000000000e+04
3.557100000000000000e+04
3.557200000000000000e+04
3.557300000000000000e+04
3.557400000000000000e+04
3.557500000000000000e+04
3.557600000000000000e+04
3.557700000000000000e+04
3.557800000000000000e+04
3.557900000000000000e+04
3.558000000000000000e+04
3.558100000000000000e+04
3.558200000000000000e+04
3.558300000000000000e+04
3.558400000000000000e+04
3.558500000000000000e+04
3.558600000000000000e+04
3.558700000000000000e+04
3.558800000000000000e+04
3.558900000000000000e+04
3.559000000000000000e+04
3.559100000000000000e+04
3.559200000000000000e+04
3.559300000000000000e+04
3.559400000000000000e+04
3.559500000000000000e+04
3.559600000000000000e+04
3.559700000000000000e+04
3.559800000000000000e+04
3.559900000000000000e+04
3.560000000000000000e+04
3.560100000000000000e+04
3.560200000000000000e+04
3.560300000000000000e+04
3.560400000000000000e+04
3.560500000000000000e+04
3.560600000000000000e+04
3.560700000000000000e+04
3.560800000000000000e+04
3.560900000000000000e+04
3.561000000000000000e+04
3.561100000000000000e+04
3.561200000000000000e+04
3.561300000000000000e+04
3.561400000000000000e+04
3.561500000000000000e+04
3.561600000000000000e+04
3.561700000000000000e+04
3.561800000000000000e+04
3.561900000000000000e+04
3.562000000000000000e+04
3.562100000000000000e+04
3.562200000000000000e+04
3.562300000000000000e+04
3.562400000000000000e+04
3.562500000000000000e+04
3.562600000000000000e+04
3.562700000000000000e+04
3.562800000000000000e+04
3.562900000000000000e+04
3.563000000000000000e+04
3.563100000000000000e+04
3.563200000000000000e+04
3.563300000000000000e+04
3.563400000000000000e+04
3.563500000000000000e+04
3.563600000000000000e+04
3.563700000000000000e+04
3.563800000000000000e+04
3.563900000000000000e+04
3.564000000000000000e+04
3.564100000000000000e+04
3.564200000000000000e+04
3.564300000000000000e+04
3.564400000000000000e+04
3.564500000000000000e+04
3.564600000000000000e+04
3.564700000000000000e+04
3.564800000000000000e+04
3.564900000000000000e+04
3.565000000000000000e+04
3.565100000000000000e+04
3.565200000000000000e+04
3.565300000000000000e+04
3.565400000000000000e+04
3.565500000000000000e+04
3.565600000000000000e+04
3.565700000000000000e+04
3.565800000000000000e+04
3.565900000000000000e+04
3.566000000000000000e+04
3.566100000000000000e+04
3.566200000000000000e+04
3.566300000000000000e+04
3.566400000000000000e+04
3.566500000000000000e+04
3.566600000000000000e+04
3.566700000000000000e+04
3.566800000000000000e+04
3.566900000000000000e+04
3.567000000000000000e+04
3.567100000000000000e+04
3.567200000000000000e+04
3.567300000000000000e+04
3.567400000000000000e+04
3.567500000000000000e+04
3.567600000000000000e+04
3.567700000000000000e+04
3.567800000000000000e+04
3.567900000000000000e+04
3.568000000000000000e+04
3.568100000000000000e+04
3.568200000000000000e+04
3.568300000000000000e+04
3.568400000000000000e+04
3.568500000000000000e+04
3.568600000000000000e+04
3.568700000000000000e+04
3.568800000000000000e+04
3.568900000000000000e+04
3.569000000000000000e+04
3.569100000000000000e+04
3.569200000000000000e+04
3.569300000000000000e+04
3.569400000000000000e+04
3.569500000000000000e+04
3.569600000000000000e+04
3.569700000000000000e+04
3.569800000000000000e+04
3.569900000000000000e+04
3.570000000000000000e+04
3.570100000000000000e+04
3.570200000000000000e+04
3.570300000000000000e+04
3.570400000000000000e+04
3.570500000000000000e+04
3.570600000000000000e+04
3.570700000000000000e+04
3.570800000000000000e+04
3.570900000000000000e+04
3.571000000000000000e+04
3.571100000000000000e+04
3.571200000000000000e+04
3.571300000000000000e+04
3.571400000000000000e+04
3.571500000000000000e+04
3.571600000000000000e+04
3.571700000000000000e+04
3.571800000000000000e+04
3.571900000000000000e+04
3.572000000000000000e+04
3.572100000000000000e+04
3.572200000000000000e+04
3.572300000000000000e+04
3.572400000000000000e+04
3.572500000000000000e+04
3.572600000000000000e+04
3.572700000000000000e+04
3.572800000000000000e+04
3.572900000000000000e+04
3.573000000000000000e+04
3.573100000000000000e+04
3.573200000000000000e+04
3.573300000000000000e+04
3.573400000000000000e+04
3.573500000000000000e+04
3.573600000000000000e+04
3.573700000000000000e+04
3.573800000000000000e+04
3.573900000000000000e+04
3.574000000000000000e+04
3.574100000000000000e+04
3.574200000000000000e+04
3.574300000000000000e+04
3.574400000000000000e+04
3.574500000000000000e+04
3.574600000000000000e+04
3.574700000000000000e+04
3.574800000000000000e+04
3.574900000000000000e+04
3.575000000000000000e+04
3.575100000000000000e+04
3.575200000000000000e+04
3.575300000000000000e+04
3.575400000000000000e+04
3.575500000000000000e+04
3.575600000000000000e+04
3.575700000000000000e+04
3.575800000000000000e+04
3.575900000000000000e+04
3.576000000000000000e+04
3.576100000000000000e+04
3.576200000000000000e+04
3.576300000000000000e+04
3.576400000000000000e+04
3.576500000000000000e+04
3.576600000000000000e+04
3.576700000000000000e+04
3.576800000000000000e+04
3.576900000000000000e+04
3.577000000000000000e+04
3.577100000000000000e+04
3.577200000000000000e+04
3.577300000000000000e+04
3.577400000000000000e+04
3.577500000000000000e+04
3.577600000000000000e+04
3.577700000000000000e+04
3.577800000000000000e+04
3.577900000000000000e+04
3.578000000000000000e+04
3.578100000000000000e+04
3.578200000000000000e+04
3.578300000000000000e+04
3.578400000000000000e+04
3.578500000000000000e+04
3.578600000000000000e+04
3.578700000000000000e+04
3.578800000000000000e+04
3.578900000000000000e+04
3.579000000000000000e+04
3.579100000000000000e+04
3.579200000000000000e+04
3.579300000000000000e+04
3.579400000000000000e+04
3.579500000000000000e+04
3.579600000000000000e+04
3.579700000000000000e+04
3.579800000000000000e+04
3.579900000000000000e+04
3.580000000000000000e+04
3.580100000000000000e+04
3.580200000000000000e+04
3.580300000000000000e+04
3.580400000000000000e+04
3.580500000000000000e+04
3.580600000000000000e+04
3.580700000000000000e+04
3.580800000000000000e+04
3.580900000000000000e+04
3.581000000000000000e+04
3.581100000000000000e+04
3.581200000000000000e+04
3.581300000000000000e+04
3.581400000000000000e+04
3.581500000000000000e+04
3.581600000000000000e+04
3.581700000000000000e+04
3.581800000000000000e+04
3.581900000000000000e+04
3.582000000000000000e+04
3.582100000000000000e+04
3.582200000000000000e+04
3.582300000000000000e+04
3.582400000000000000e+04
3.582500000000000000e+04
3.582600000000000000e+04
3.582700000000000000e+04
3.582800000000000000e+04
3.582900000000000000e+04
3.583000000000000000e+04
3.583100000000000000e+04
3.583200000000000000e+04
3.583300000000000000e+04
3.583400000000000000e+04
3.583500000000000000e+04
3.583600000000000000e+04
3.583700000000000000e+04
3.583800000000000000e+04
3.583900000000000000e+04
3.584000000000000000e+04
3.584100000000000000e+04
3.584200000000000000e+04
3.584300000000000000e+04
3.584400000000000000e+04
3.584500000000000000e+04
3.584600000000000000e+04
3.584700000000000000e+04
3.584800000000000000e+04
3.584900000000000000e+04
3.585000000000000000e+04
3.585100000000000000e+04
3.585200000000000000e+04
3.585300000000000000e+04
3.585400000000000000e+04
3.585500000000000000e+04
3.585600000000000000e+04
3.585700000000000000e+04
3.585800000000000000e+04
3.585900000000000000e+04
3.586000000000000000e+04
3.586100000000000000e+04
3.586200000000000000e+04
3.586300000000000000e+04
3.586400000000000000e+04
3.586500000000000000e+04
3.586600000000000000e+04
3.586700000000000000e+04
3.586800000000000000e+04
3.586900000000000000e+04
3.587000000000000000e+04
3.587100000000000000e+04
3.587200000000000000e+04
3.587300000000000000e+04
3.587400000000000000e+04
3.587500000000000000e+04
3.587600000000000000e+04
3.587700000000000000e+04
3.587800000000000000e+04
3.587900000000000000e+04
3.588000000000000000e+04
3.588100000000000000e+04
3.588200000000000000e+04
3.588300000000000000e+04
3.588400000000000000e+04
3.588500000000000000e+04
3.588600000000000000e+04
3.588700000000000000e+04
3.588800000000000000e+04
3.588900000000000000e+04
3.589000000000000000e+04
3.589100000000000000e+04
3.589200000000000000e+04
3.589300000000000000e+04
3.589400000000000000e+04
3.589500000000000000e+04
3.589600000000000000e+04
3.589700000000000000e+04
3.589800000000000000e+04
3.589900000000000000e+04
3.590000000000000000e+04
3.590100000000000000e+04
3.590200000000000000e+04
3.590300000000000000e+04
3.590400000000000000e+04
3.590500000000000000e+04
3.590600000000000000e+04
3.590700000000000000e+04
3.590800000000000000e+04
3.590900000000000000e+04
3.591000000000000000e+04
3.591100000000000000e+04
3.591200000000000000e+04
3.591300000000000000e+04
3.591400000000000000e+04
3.591500000000000000e+04
3.591600000000000000e+04
3.591700000000000000e+04
3.591800000000000000e+04
3.591900000000000000e+04
3.592000000000000000e+04
3.592100000000000000e+04
3.592200000000000000e+04
3.592300000000000000e+04
3.592400000000000000e+04
3.592500000000000000e+04
3.592600000000000000e+04
3.592700000000000000e+04
3.592800000000000000e+04
3.592900000000000000e+04
3.593000000000000000e+04
3.593100000000000000e+04
3.593200000000000000e+04
3.593300000000000000e+04
3.593400000000000000e+04
3.593500000000000000e+04
3.593600000000000000e+04
3.593700000000000000e+04
3.593800000000000000e+04
3.593900000000000000e+04
3.594000000000000000e+04
3.594100000000000000e+04
3.594200000000000000e+04
3.594300000000000000e+04
3.594400000000000000e+04
3.594500000000000000e+04
3.594600000000000000e+04
3.594700000000000000e+04
3.594800000000000000e+04
3.594900000000000000e+04
3.595000000000000000e+04
3.595100000000000000e+04
3.595200000000000000e+04
3.595300000000000000e+04
3.595400000000000000e+04
3.595500000000000000e+04
3.595600000000000000e+04
3.595700000000000000e+04
3.595800000000000000e+04
3.595900000000000000e+04
3.596000000000000000e+04
3.596100000000000000e+04
3.596200000000000000e+04
3.596300000000000000e+04
3.596400000000000000e+04
3.596500000000000000e+04
3.596600000000000000e+04
3.596700000000000000e+04
3.596800000000000000e+04
3.596900000000000000e+04
3.597000000000000000e+04
3.597100000000000000e+04
3.597200000000000000e+04
3.597300000000000000e+04
3.597400000000000000e+04
3.597500000000000000e+04
3.597600000000000000e+04
3.597700000000000000e+04
3.597800000000000000e+04
3.597900000000000000e+04
3.598000000000000000e+04
3.598100000000000000e+04
3.598200000000000000e+04
3.598300000000000000e+04
3.598400000000000000e+04
3.598500000000000000e+04
3.598600000000000000e+04
3.598700000000000000e+04
3.598800000000000000e+04
3.598900000000000000e+04
3.599000000000000000e+04
3.599100000000000000e+04
3.599200000000000000e+04
3.599300000000000000e+04
3.599400000000000000e+04
3.599500000000000000e+04
3.599600000000000000e+04
3.599700000000000000e+04
3.599800000000000000e+04
3.599900000000000000e+04
3.600000000000000000e+04
3.600100000000000000e+04
3.600200000000000000e+04
3.600300000000000000e+04
3.600400000000000000e+04
3.600500000000000000e+04
3.600600000000000000e+04
3.600700000000000000e+04
3.600800000000000000e+04
3.600900000000000000e+04
3.601000000000000000e+04
3.601100000000000000e+04
3.601200000000000000e+04
3.601300000000000000e+04
3.601400000000000000e+04
3.601500000000000000e+04
3.601600000000000000e+04
3.601700000000000000e+04
3.601800000000000000e+04
3.601900000000000000e+04
3.602000000000000000e+04
3.602100000000000000e+04
3.602200000000000000e+04
3.602300000000000000e+04
3.602400000000000000e+04
3.602500000000000000e+04
3.602600000000000000e+04
3.602700000000000000e+04
3.602800000000000000e+04
3.602900000000000000e+04
3.603000000000000000e+04
3.603100000000000000e+04
3.603200000000000000e+04
3.603300000000000000e+04
3.603400000000000000e+04
3.603500000000000000e+04
3.603600000000000000e+04
3.603700000000000000e+04
3.603800000000000000e+04
3.603900000000000000e+04
3.604000000000000000e+04
3.604100000000000000e+04
3.604200000000000000e+04
3.604300000000000000e+04
3.604400000000000000e+04
3.604500000000000000e+04
3.604600000000000000e+04
3.604700000000000000e+04
3.604800000000000000e+04
3.604900000000000000e+04
3.605000000000000000e+04
3.605100000000000000e+04
3.605200000000000000e+04
3.605300000000000000e+04
3.605400000000000000e+04
3.605500000000000000e+04
3.605600000000000000e+04
3.605700000000000000e+04
3.605800000000000000e+04
3.605900000000000000e+04
3.606000000000000000e+04
3.606100000000000000e+04
3.606200000000000000e+04
3.606300000000000000e+04
3.606400000000000000e+04
3.606500000000000000e+04
3.606600000000000000e+04
3.606700000000000000e+04
3.606800000000000000e+04
3.606900000000000000e+04
3.607000000000000000e+04
3.607100000000000000e+04
3.607200000000000000e+04
3.607300000000000000e+04
3.607400000000000000e+04
3.607500000000000000e+04
3.607600000000000000e+04
3.607700000000000000e+04
3.607800000000000000e+04
3.607900000000000000e+04
3.608000000000000000e+04
3.608100000000000000e+04
3.608200000000000000e+04
3.608300000000000000e+04
3.608400000000000000e+04
3.608500000000000000e+04
3.608600000000000000e+04
3.608700000000000000e+04
3.608800000000000000e+04
3.608900000000000000e+04
3.609000000000000000e+04
3.609100000000000000e+04
3.609200000000000000e+04
3.609300000000000000e+04
3.609400000000000000e+04
3.609500000000000000e+04
3.609600000000000000e+04
3.609700000000000000e+04
3.609800000000000000e+04
3.609900000000000000e+04
3.610000000000000000e+04
3.610100000000000000e+04
3.610200000000000000e+04
3.610300000000000000e+04
3.610400000000000000e+04
3.610500000000000000e+04
3.610600000000000000e+04
3.610700000000000000e+04
3.610800000000000000e+04
3.610900000000000000e+04
3.611000000000000000e+04
3.611100000000000000e+04
3.611200000000000000e+04
3.611300000000000000e+04
3.611400000000000000e+04
3.611500000000000000e+04
3.611600000000000000e+04
3.611700000000000000e+04
3.611800000000000000e+04
3.611900000000000000e+04
3.612000000000000000e+04
3.612100000000000000e+04
3.612200000000000000e+04
3.612300000000000000e+04
3.612400000000000000e+04
3.612500000000000000e+04
3.612600000000000000e+04
3.612700000000000000e+04
3.612800000000000000e+04
3.612900000000000000e+04
3.613000000000000000e+04
3.613100000000000000e+04
3.613200000000000000e+04
3.613300000000000000e+04
3.613400000000000000e+04
3.613500000000000000e+04
3.613600000000000000e+04
3.613700000000000000e+04
3.613800000000000000e+04
3.613900000000000000e+04
3.614000000000000000e+04
3.614100000000000000e+04
3.614200000000000000e+04
3.614300000000000000e+04
3.614400000000000000e+04
3.614500000000000000e+04
3.614600000000000000e+04
3.614700000000000000e+04
3.614800000000000000e+04
3.614900000000000000e+04
3.615000000000000000e+04
3.615100000000000000e+04
3.615200000000000000e+04
3.615300000000000000e+04
3.615400000000000000e+04
3.615500000000000000e+04
3.615600000000000000e+04
3.615700000000000000e+04
3.615800000000000000e+04
3.615900000000000000e+04
3.616000000000000000e+04
3.616100000000000000e+04
3.616200000000000000e+04
3.616300000000000000e+04
3.616400000000000000e+04
3.616500000000000000e+04
3.616600000000000000e+04
3.616700000000000000e+04
3.616800000000000000e+04
3.616900000000000000e+04
3.617000000000000000e+04
3.617100000000000000e+04
3.617200000000000000e+04
3.617300000000000000e+04
3.617400000000000000e+04
3.617500000000000000e+04
3.617600000000000000e+04
3.617700000000000000e+04
3.617800000000000000e+04
3.617900000000000000e+04
3.618000000000000000e+04
3.618100000000000000e+04
3.618200000000000000e+04
3.618300000000000000e+04
3.618400000000000000e+04
3.618500000000000000e+04
3.618600000000000000e+04
3.618700000000000000e+04
3.618800000000000000e+04
3.618900000000000000e+04
3.619000000000000000e+04
3.619100000000000000e+04
3.619200000000000000e+04
3.619300000000000000e+04
3.619400000000000000e+04
3.619500000000000000e+04
3.619600000000000000e+04
3.619700000000000000e+04
3.619800000000000000e+04
3.619900000000000000e+04
3.620000000000000000e+04
3.620100000000000000e+04
3.620200000000000000e+04
3.620300000000000000e+04
3.620400000000000000e+04
3.620500000000000000e+04
3.620600000000000000e+04
3.620700000000000000e+04
3.620800000000000000e+04
3.620900000000000000e+04
3.621000000000000000e+04
3.621100000000000000e+04
3.621200000000000000e+04
3.621300000000000000e+04
3.621400000000000000e+04
3.621500000000000000e+04
3.621600000000000000e+04
3.621700000000000000e+04
3.621800000000000000e+04
3.621900000000000000e+04
3.622000000000000000e+04
3.622100000000000000e+04
3.622200000000000000e+04
3.622300000000000000e+04
3.622400000000000000e+04
3.622500000000000000e+04
3.622600000000000000e+04
3.622700000000000000e+04
3.622800000000000000e+04
3.622900000000000000e+04
3.623000000000000000e+04
3.623100000000000000e+04
3.623200000000000000e+04
3.623300000000000000e+04
3.623400000000000000e+04
3.623500000000000000e+04
3.623600000000000000e+04
3.623700000000000000e+04
3.623800000000000000e+04
3.623900000000000000e+04
3.624000000000000000e+04
3.624100000000000000e+04
3.624200000000000000e+04
3.624300000000000000e+04
3.624500000000000000e+04
3.624600000000000000e+04
