6.603000000000000000e+04
6.603100000000000000e+04
6.603200000000000000e+04
6.603300000000000000e+04
6.603400000000000000e+04
6.603500000000000000e+04
7.903900000000000000e+04
7.955100000000000000e+04
7.955300000000000000e+04
7.955500000000000000e+04
7.955600000000000000e+04
7.955700000000000000e+04
7.955800000000000000e+04
7.955900000000000000e+04
7.956000000000000000e+04
7.956100000000000000e+04
7.956200000000000000e+04
7.956300000000000000e+04
7.956400000000000000e+04
7.956500000000000000e+04
7.956600000000000000e+04
7.956700000000000000e+04
7.956800000000000000e+04
7.957100000000000000e+04
7.961500000000000000e+04
7.961600000000000000e+04
7.961700000000000000e+04
7.961800000000000000e+04
7.961900000000000000e+04
7.962000000000000000e+04
7.962100000000000000e+04
7.962200000000000000e+04
7.962300000000000000e+04
7.962400000000000000e+04
7.962500000000000000e+04
7.962600000000000000e+04
7.962700000000000000e+04
7.962900000000000000e+04
7.964200000000000000e+04
7.964300000000000000e+04
7.964400000000000000e+04
7.964500000000000000e+04
7.964600000000000000e+04
7.964700000000000000e+04
7.964800000000000000e+04
7.964900000000000000e+04
7.965000000000000000e+04
7.965100000000000000e+04
7.965200000000000000e+04
7.965300000000000000e+04
7.965400000000000000e+04
7.965500000000000000e+04
7.965600000000000000e+04
7.965700000000000000e+04
7.965800000000000000e+04
7.965900000000000000e+04
7.966000000000000000e+04
7.966100000000000000e+04
7.966200000000000000e+04
7.966300000000000000e+04
7.966600000000000000e+04
7.966700000000000000e+04
7.967000000000000000e+04
7.967400000000000000e+04
7.967800000000000000e+04
7.968200000000000000e+04
7.968600000000000000e+04
7.969000000000000000e+04
7.969400000000000000e+04
7.969800000000000000e+04
7.970200000000000000e+04
7.970600000000000000e+04
7.987800000000000000e+04
7.987900000000000000e+04
7.988000000000000000e+04
7.988100000000000000e+04
7.988200000000000000e+04
7.988300000000000000e+04
7.988400000000000000e+04
7.988500000000000000e+04
7.988600000000000000e+04
7.988700000000000000e+04
7.988800000000000000e+04
7.988900000000000000e+04
7.989000000000000000e+04
7.989100000000000000e+04
7.989200000000000000e+04
7.989300000000000000e+04
7.989400000000000000e+04
7.989500000000000000e+04
7.989600000000000000e+04
7.989700000000000000e+04
7.989800000000000000e+04
7.989900000000000000e+04
7.990000000000000000e+04
7.990100000000000000e+04
7.990200000000000000e+04
7.990300000000000000e+04
7.990400000000000000e+04
7.990500000000000000e+04
7.990600000000000000e+04
7.990700000000000000e+04
7.990800000000000000e+04
7.990900000000000000e+04
7.991000000000000000e+04
7.991100000000000000e+04
7.991200000000000000e+04
7.991300000000000000e+04
7.991400000000000000e+04
7.991500000000000000e+04
7.991600000000000000e+04
7.991700000000000000e+04
7.991800000000000000e+04
7.991900000000000000e+04
7.992000000000000000e+04
7.992100000000000000e+04
7.992200000000000000e+04
7.992300000000000000e+04
7.992400000000000000e+04
7.992500000000000000e+04
7.992600000000000000e+04
7.992700000000000000e+04
7.992800000000000000e+04
7.992900000000000000e+04
7.993000000000000000e+04
7.993100000000000000e+04
7.993200000000000000e+04
7.993300000000000000e+04
7.993400000000000000e+04
7.993500000000000000e+04
7.993600000000000000e+04
7.993700000000000000e+04
7.993800000000000000e+04
7.993900000000000000e+04
7.994000000000000000e+04
7.994100000000000000e+04
7.994200000000000000e+04
7.994300000000000000e+04
7.994400000000000000e+04
7.994500000000000000e+04
7.994600000000000000e+04
7.994700000000000000e+04
7.994800000000000000e+04
7.994900000000000000e+04
7.995000000000000000e+04
7.995100000000000000e+04
7.995200000000000000e+04
7.995300000000000000e+04
7.995400000000000000e+04
7.995500000000000000e+04
7.995600000000000000e+04
7.995700000000000000e+04
7.995800000000000000e+04
7.995900000000000000e+04
7.996000000000000000e+04
7.996100000000000000e+04
7.996200000000000000e+04
7.996300000000000000e+04
7.996400000000000000e+04
7.996500000000000000e+04
7.996600000000000000e+04
7.996700000000000000e+04
7.996800000000000000e+04
7.996900000000000000e+04
7.997000000000000000e+04
7.997100000000000000e+04
7.997200000000000000e+04
7.997300000000000000e+04
7.997400000000000000e+04
7.997500000000000000e+04
7.997600000000000000e+04
7.997700000000000000e+04
7.997800000000000000e+04
7.997900000000000000e+04
8.013500000000000000e+04
8.013600000000000000e+04
8.013700000000000000e+04
8.013800000000000000e+04
8.013900000000000000e+04
8.014000000000000000e+04
8.014100000000000000e+04
8.014200000000000000e+04
8.014300000000000000e+04
8.014400000000000000e+04
8.014500000000000000e+04
8.014600000000000000e+04
8.014700000000000000e+04
8.014800000000000000e+04
8.016300000000000000e+04
8.016400000000000000e+04
8.016500000000000000e+04
8.016600000000000000e+04
8.016700000000000000e+04
8.016800000000000000e+04
8.016900000000000000e+04
8.017000000000000000e+04
8.017100000000000000e+04
8.017200000000000000e+04
8.017400000000000000e+04
8.017600000000000000e+04
8.018000000000000000e+04
8.018400000000000000e+04
8.018800000000000000e+04
8.019200000000000000e+04
8.019600000000000000e+04
8.020000000000000000e+04
8.020400000000000000e+04
8.020800000000000000e+04
8.021200000000000000e+04
8.021600000000000000e+04
8.022000000000000000e+04
8.022100000000000000e+04
8.022200000000000000e+04
8.022300000000000000e+04
8.022400000000000000e+04
8.022500000000000000e+04
8.022600000000000000e+04
8.022700000000000000e+04
8.022800000000000000e+04
8.022900000000000000e+04
8.023000000000000000e+04
8.023100000000000000e+04
8.023200000000000000e+04
8.045100000000000000e+04
8.045300000000000000e+04
8.045400000000000000e+04
8.045500000000000000e+04
8.045700000000000000e+04
8.045800000000000000e+04
8.045900000000000000e+04
8.046000000000000000e+04
8.046100000000000000e+04
8.046200000000000000e+04
8.046300000000000000e+04
8.046400000000000000e+04
8.046500000000000000e+04
8.046600000000000000e+04
8.046700000000000000e+04
8.046800000000000000e+04
8.046900000000000000e+04
8.047000000000000000e+04
8.047100000000000000e+04
8.047200000000000000e+04
8.047300000000000000e+04
8.047400000000000000e+04
8.047500000000000000e+04
8.047600000000000000e+04
8.047700000000000000e+04
8.047800000000000000e+04
8.047900000000000000e+04
8.048000000000000000e+04
8.048100000000000000e+04
8.048200000000000000e+04
8.048300000000000000e+04
8.048400000000000000e+04
8.048500000000000000e+04
8.048600000000000000e+04
8.048700000000000000e+04
8.048800000000000000e+04
8.048900000000000000e+04
8.049000000000000000e+04
8.049100000000000000e+04
8.049300000000000000e+04
8.049400000000000000e+04
8.049500000000000000e+04
8.049700000000000000e+04
8.049800000000000000e+04
8.049900000000000000e+04
8.050100000000000000e+04
8.050200000000000000e+04
8.050300000000000000e+04
8.050500000000000000e+04
8.050600000000000000e+04
8.050900000000000000e+04
8.051000000000000000e+04
8.051100000000000000e+04
8.051200000000000000e+04
8.051300000000000000e+04
8.051400000000000000e+04
8.051500000000000000e+04
8.051600000000000000e+04
8.051700000000000000e+04
8.051800000000000000e+04
8.051900000000000000e+04
8.052000000000000000e+04
8.052100000000000000e+04
8.052200000000000000e+04
8.052300000000000000e+04
8.052400000000000000e+04
8.052500000000000000e+04
8.052600000000000000e+04
8.052700000000000000e+04
8.052800000000000000e+04
8.052900000000000000e+04
8.053000000000000000e+04
8.053100000000000000e+04
8.053200000000000000e+04
8.053300000000000000e+04
8.053400000000000000e+04
8.053500000000000000e+04
8.053600000000000000e+04
8.053700000000000000e+04
8.053800000000000000e+04
8.053900000000000000e+04
8.054000000000000000e+04
8.054100000000000000e+04
8.054200000000000000e+04
8.054300000000000000e+04
8.054400000000000000e+04
8.054500000000000000e+04
8.054600000000000000e+04
8.054700000000000000e+04
8.054800000000000000e+04
8.054900000000000000e+04
8.055000000000000000e+04
8.055100000000000000e+04
8.055200000000000000e+04
8.055300000000000000e+04
8.055400000000000000e+04
8.055500000000000000e+04
8.055600000000000000e+04
8.055700000000000000e+04
8.055800000000000000e+04
8.055900000000000000e+04
8.056000000000000000e+04
8.056100000000000000e+04
8.056200000000000000e+04
8.056300000000000000e+04
8.056400000000000000e+04
8.056500000000000000e+04
8.056600000000000000e+04
8.056700000000000000e+04
8.056800000000000000e+04
8.056900000000000000e+04
8.057000000000000000e+04
8.057100000000000000e+04
8.057200000000000000e+04
8.057300000000000000e+04
8.057400000000000000e+04
8.057500000000000000e+04
8.057600000000000000e+04
8.057700000000000000e+04
8.057800000000000000e+04
8.057900000000000000e+04
8.058000000000000000e+04
8.058100000000000000e+04
8.058200000000000000e+04
8.058300000000000000e+04
8.058400000000000000e+04
8.058500000000000000e+04
8.058600000000000000e+04
8.058700000000000000e+04
8.058800000000000000e+04
8.058900000000000000e+04
8.059000000000000000e+04
8.059100000000000000e+04
8.059200000000000000e+04
8.059300000000000000e+04
8.059400000000000000e+04
8.059500000000000000e+04
8.059600000000000000e+04
8.059700000000000000e+04
8.059800000000000000e+04
8.059900000000000000e+04
8.060000000000000000e+04
8.060100000000000000e+04
8.060200000000000000e+04
8.060300000000000000e+04
8.060400000000000000e+04
8.060500000000000000e+04
8.060600000000000000e+04
8.060700000000000000e+04
8.060800000000000000e+04
8.060900000000000000e+04
8.061000000000000000e+04
8.061100000000000000e+04
8.061200000000000000e+04
8.061300000000000000e+04
8.061400000000000000e+04
8.423800000000000000e+04
8.424000000000000000e+04
8.424100000000000000e+04
8.424200000000000000e+04
8.424300000000000000e+04
8.424400000000000000e+04
8.424500000000000000e+04
8.424600000000000000e+04
8.424700000000000000e+04
8.424800000000000000e+04
8.424900000000000000e+04
8.425000000000000000e+04
8.425100000000000000e+04
8.425200000000000000e+04
8.425300000000000000e+04
8.425400000000000000e+04
8.425500000000000000e+04
8.425600000000000000e+04
8.425700000000000000e+04
8.425800000000000000e+04
8.425900000000000000e+04
8.426000000000000000e+04
8.426100000000000000e+04
8.426200000000000000e+04
8.426300000000000000e+04
8.426400000000000000e+04
8.426500000000000000e+04
8.426600000000000000e+04
8.426700000000000000e+04
8.426800000000000000e+04
8.427000000000000000e+04
8.495100000000000000e+04
8.495200000000000000e+04
8.495300000000000000e+04
8.495400000000000000e+04
8.495500000000000000e+04
8.495600000000000000e+04
8.495700000000000000e+04
8.495800000000000000e+04
8.571800000000000000e+04
8.572200000000000000e+04
8.572600000000000000e+04
8.572900000000000000e+04
8.573000000000000000e+04
8.573100000000000000e+04
8.573300000000000000e+04
8.573400000000000000e+04
8.573500000000000000e+04
8.573600000000000000e+04
8.573700000000000000e+04
8.573800000000000000e+04
8.573900000000000000e+04
8.574000000000000000e+04
8.574100000000000000e+04
8.574200000000000000e+04
8.574300000000000000e+04
8.574400000000000000e+04
8.574500000000000000e+04
8.574600000000000000e+04
8.574700000000000000e+04
8.574800000000000000e+04
8.574900000000000000e+04
8.575000000000000000e+04
8.575100000000000000e+04
8.575400000000000000e+04
8.575800000000000000e+04
8.575900000000000000e+04
8.576000000000000000e+04
8.576100000000000000e+04
8.576200000000000000e+04
8.576300000000000000e+04
8.576500000000000000e+04
8.576600000000000000e+04
8.576900000000000000e+04
8.653100000000000000e+04
8.653200000000000000e+04
8.653400000000000000e+04
8.653500000000000000e+04
8.653600000000000000e+04
8.653700000000000000e+04
8.653800000000000000e+04
8.653900000000000000e+04
8.654000000000000000e+04
8.654100000000000000e+04
8.654200000000000000e+04
8.654300000000000000e+04
8.654400000000000000e+04
8.654500000000000000e+04
8.654600000000000000e+04
8.654700000000000000e+04
8.654800000000000000e+04
8.654900000000000000e+04
8.655000000000000000e+04
8.655100000000000000e+04
8.655200000000000000e+04
8.655300000000000000e+04
8.655400000000000000e+04
8.655500000000000000e+04
8.655600000000000000e+04
8.655700000000000000e+04
8.655800000000000000e+04
8.655900000000000000e+04
8.656000000000000000e+04
8.656100000000000000e+04
8.656200000000000000e+04
8.656300000000000000e+04
8.656400000000000000e+04
8.656500000000000000e+04
8.656600000000000000e+04
8.656700000000000000e+04
8.681200000000000000e+04
8.681300000000000000e+04
8.681500000000000000e+04
8.681600000000000000e+04
8.681700000000000000e+04
8.681800000000000000e+04
8.681900000000000000e+04
8.682000000000000000e+04
8.682100000000000000e+04
8.682200000000000000e+04
8.682300000000000000e+04
8.682400000000000000e+04
8.682500000000000000e+04
8.682700000000000000e+04
8.753400000000000000e+04
8.916800000000000000e+04
8.917100000000000000e+04
8.917200000000000000e+04
8.917300000000000000e+04
8.917400000000000000e+04
8.917500000000000000e+04
8.917600000000000000e+04
8.917700000000000000e+04
8.917800000000000000e+04
8.917900000000000000e+04
8.918000000000000000e+04
8.918100000000000000e+04
8.918200000000000000e+04
8.918300000000000000e+04
8.918400000000000000e+04
8.918500000000000000e+04
8.918600000000000000e+04
8.918700000000000000e+04
8.918800000000000000e+04
8.918900000000000000e+04
8.919000000000000000e+04
8.919100000000000000e+04
8.919200000000000000e+04
8.919300000000000000e+04
8.919400000000000000e+04
8.919500000000000000e+04
8.919600000000000000e+04
8.919700000000000000e+04
8.919800000000000000e+04
8.919900000000000000e+04
8.920000000000000000e+04
8.920100000000000000e+04
8.920200000000000000e+04
8.920300000000000000e+04
8.920400000000000000e+04
8.920500000000000000e+04
8.920600000000000000e+04
8.920700000000000000e+04
8.920800000000000000e+04
8.920900000000000000e+04
8.921000000000000000e+04
8.921100000000000000e+04
8.921200000000000000e+04
8.921300000000000000e+04
8.921400000000000000e+04
8.921500000000000000e+04
8.921600000000000000e+04
8.921700000000000000e+04
8.921800000000000000e+04
8.921900000000000000e+04
8.922000000000000000e+04
8.922100000000000000e+04
8.922200000000000000e+04
8.922300000000000000e+04
8.922400000000000000e+04
9.062400000000000000e+04
9.062500000000000000e+04
9.062700000000000000e+04
9.062800000000000000e+04
9.062900000000000000e+04
9.063000000000000000e+04
9.063100000000000000e+04
9.063200000000000000e+04
9.063300000000000000e+04
9.063400000000000000e+04
9.063500000000000000e+04
9.063600000000000000e+04
9.063700000000000000e+04
9.063800000000000000e+04
9.063900000000000000e+04
9.064000000000000000e+04
9.064100000000000000e+04
9.064200000000000000e+04
9.064300000000000000e+04
9.064400000000000000e+04
9.064500000000000000e+04
9.064600000000000000e+04
9.064700000000000000e+04
9.064800000000000000e+04
9.064900000000000000e+04
9.065000000000000000e+04
9.065100000000000000e+04
9.065200000000000000e+04
9.065300000000000000e+04
9.065400000000000000e+04
9.065500000000000000e+04
9.065600000000000000e+04
9.065700000000000000e+04
9.065800000000000000e+04
9.065900000000000000e+04
9.066000000000000000e+04
9.066200000000000000e+04
9.066600000000000000e+04
9.107600000000000000e+04
9.107700000000000000e+04
9.107900000000000000e+04
9.108000000000000000e+04
9.108100000000000000e+04
9.108200000000000000e+04
9.108300000000000000e+04
9.108400000000000000e+04
9.108500000000000000e+04
9.108600000000000000e+04
9.108700000000000000e+04
9.108800000000000000e+04
9.108900000000000000e+04
9.109000000000000000e+04
9.109100000000000000e+04
9.109200000000000000e+04
9.109300000000000000e+04
9.109400000000000000e+04
9.109500000000000000e+04
9.109600000000000000e+04
9.109700000000000000e+04
9.109800000000000000e+04
9.109900000000000000e+04
9.110000000000000000e+04
9.110100000000000000e+04
9.110200000000000000e+04
9.110300000000000000e+04
9.110400000000000000e+04
9.110500000000000000e+04
9.110600000000000000e+04
9.110700000000000000e+04
9.110800000000000000e+04
9.110900000000000000e+04
9.111000000000000000e+04
9.111100000000000000e+04
9.111200000000000000e+04
9.111300000000000000e+04
9.111400000000000000e+04
9.111500000000000000e+04
9.111600000000000000e+04
9.111700000000000000e+04
9.111800000000000000e+04
9.111900000000000000e+04
9.112000000000000000e+04
9.112100000000000000e+04
9.112200000000000000e+04
9.112300000000000000e+04
9.112400000000000000e+04
9.112500000000000000e+04
9.112600000000000000e+04
9.112700000000000000e+04
9.112800000000000000e+04
9.112900000000000000e+04
9.113000000000000000e+04
9.113100000000000000e+04
9.113200000000000000e+04
9.113300000000000000e+04
9.113400000000000000e+04
9.113500000000000000e+04
9.113600000000000000e+04
9.113700000000000000e+04
9.113800000000000000e+04
9.113900000000000000e+04
9.114000000000000000e+04
9.114100000000000000e+04
9.114200000000000000e+04
9.114300000000000000e+04
9.114400000000000000e+04
9.114500000000000000e+04
9.114600000000000000e+04
9.114700000000000000e+04
9.114800000000000000e+04
9.114900000000000000e+04
9.115000000000000000e+04
9.115100000000000000e+04
9.115200000000000000e+04
9.115300000000000000e+04
9.115400000000000000e+04
9.115500000000000000e+04
9.115600000000000000e+04
9.115700000000000000e+04
9.115800000000000000e+04
9.115900000000000000e+04
9.116000000000000000e+04
9.116100000000000000e+04
9.116200000000000000e+04
9.116300000000000000e+04
9.170900000000000000e+04
9.171200000000000000e+04
9.171300000000000000e+04
9.171400000000000000e+04
9.171600000000000000e+04
9.171700000000000000e+04
9.171800000000000000e+04
9.171900000000000000e+04
9.172000000000000000e+04
9.172100000000000000e+04
9.172200000000000000e+04
9.172300000000000000e+04
9.172400000000000000e+04
9.172500000000000000e+04
9.172600000000000000e+04
9.172700000000000000e+04
9.172800000000000000e+04
9.172900000000000000e+04
9.173000000000000000e+04
9.173100000000000000e+04
9.173200000000000000e+04
9.173300000000000000e+04
9.173400000000000000e+04
9.173500000000000000e+04
9.173600000000000000e+04
9.173700000000000000e+04
9.173800000000000000e+04
9.173900000000000000e+04
9.174000000000000000e+04
9.174100000000000000e+04
9.174200000000000000e+04
9.174300000000000000e+04
9.174400000000000000e+04
9.174500000000000000e+04
9.174600000000000000e+04
9.174700000000000000e+04
9.174800000000000000e+04
9.174900000000000000e+04
9.175000000000000000e+04
9.175100000000000000e+04
9.175200000000000000e+04
9.175300000000000000e+04
9.175400000000000000e+04
9.175500000000000000e+04
9.175600000000000000e+04
9.175700000000000000e+04
9.175800000000000000e+04
9.175900000000000000e+04
9.176000000000000000e+04
9.176100000000000000e+04
9.176200000000000000e+04
9.176300000000000000e+04
9.176400000000000000e+04
9.176500000000000000e+04
9.176600000000000000e+04
9.176700000000000000e+04
9.176800000000000000e+04
9.176900000000000000e+04
9.177000000000000000e+04
9.177100000000000000e+04
9.177200000000000000e+04
9.177300000000000000e+04
9.177400000000000000e+04
9.177500000000000000e+04
9.177600000000000000e+04
9.177700000000000000e+04
9.177800000000000000e+04
9.177900000000000000e+04
9.178000000000000000e+04
9.178100000000000000e+04
9.178200000000000000e+04
9.178300000000000000e+04
9.178400000000000000e+04
9.178500000000000000e+04
9.178600000000000000e+04
9.178700000000000000e+04
9.178800000000000000e+04
9.178900000000000000e+04
9.179000000000000000e+04
9.179100000000000000e+04
9.179200000000000000e+04
9.179300000000000000e+04
9.179400000000000000e+04
9.179500000000000000e+04
9.179600000000000000e+04
9.179700000000000000e+04
9.179800000000000000e+04
9.179900000000000000e+04
9.180000000000000000e+04
9.180100000000000000e+04
9.180200000000000000e+04
9.180300000000000000e+04
9.180400000000000000e+04
9.180500000000000000e+04
9.180600000000000000e+04
9.180700000000000000e+04
9.180800000000000000e+04
9.180900000000000000e+04
9.181000000000000000e+04
9.181100000000000000e+04
9.181200000000000000e+04
9.181300000000000000e+04
9.181400000000000000e+04
9.181500000000000000e+04
9.181600000000000000e+04
9.181700000000000000e+04
9.181800000000000000e+04
9.181900000000000000e+04
9.182000000000000000e+04
9.182100000000000000e+04
9.182200000000000000e+04
9.182300000000000000e+04
9.182400000000000000e+04
9.182500000000000000e+04
9.182600000000000000e+04
9.182700000000000000e+04
9.182800000000000000e+04
9.182900000000000000e+04
9.183000000000000000e+04
9.183100000000000000e+04
9.183200000000000000e+04
9.183300000000000000e+04
9.183400000000000000e+04
9.183500000000000000e+04
9.183600000000000000e+04
9.183700000000000000e+04
9.183800000000000000e+04
9.183900000000000000e+04
9.184000000000000000e+04
9.184100000000000000e+04
9.184200000000000000e+04
9.184300000000000000e+04
9.184400000000000000e+04
9.184500000000000000e+04
9.184600000000000000e+04
9.184700000000000000e+04
9.184800000000000000e+04
9.184900000000000000e+04
9.185000000000000000e+04
9.185100000000000000e+04
9.185200000000000000e+04
9.185300000000000000e+04
9.185400000000000000e+04
9.185500000000000000e+04
9.185600000000000000e+04
9.185700000000000000e+04
9.185800000000000000e+04
9.185900000000000000e+04
9.186000000000000000e+04
9.186100000000000000e+04
9.186300000000000000e+04
9.199700000000000000e+04
9.199800000000000000e+04
9.200000000000000000e+04
9.200100000000000000e+04
9.200200000000000000e+04
9.200300000000000000e+04
9.200400000000000000e+04
9.200500000000000000e+04
9.200600000000000000e+04
9.200700000000000000e+04
9.200800000000000000e+04
9.200900000000000000e+04
9.201000000000000000e+04
9.201100000000000000e+04
9.201200000000000000e+04
9.201300000000000000e+04
9.201400000000000000e+04
9.201500000000000000e+04
9.201600000000000000e+04
9.201700000000000000e+04
9.201800000000000000e+04
9.201900000000000000e+04
9.202000000000000000e+04
9.202100000000000000e+04
9.202200000000000000e+04
9.202300000000000000e+04
9.202400000000000000e+04
9.202500000000000000e+04
9.202600000000000000e+04
9.202700000000000000e+04
9.202800000000000000e+04
9.202900000000000000e+04
9.203000000000000000e+04
9.203100000000000000e+04
9.203200000000000000e+04
9.203300000000000000e+04
9.203400000000000000e+04
9.203500000000000000e+04
9.203600000000000000e+04
9.203700000000000000e+04
9.203800000000000000e+04
9.203900000000000000e+04
9.204000000000000000e+04
9.204100000000000000e+04
9.204200000000000000e+04
9.204300000000000000e+04
9.204400000000000000e+04
9.204500000000000000e+04
9.204600000000000000e+04
9.204700000000000000e+04
9.204800000000000000e+04
9.204900000000000000e+04
9.205000000000000000e+04
9.205100000000000000e+04
9.205200000000000000e+04
9.205300000000000000e+04
9.205400000000000000e+04
9.205500000000000000e+04
9.205600000000000000e+04
9.205700000000000000e+04
9.205800000000000000e+04
9.205900000000000000e+04
9.206000000000000000e+04
9.206100000000000000e+04
9.206200000000000000e+04
9.206400000000000000e+04
9.206500000000000000e+04
9.206600000000000000e+04
9.206800000000000000e+04
9.206900000000000000e+04
9.207000000000000000e+04
9.309100000000000000e+04
9.309300000000000000e+04
9.309500000000000000e+04
9.309600000000000000e+04
9.309700000000000000e+04
9.309800000000000000e+04
9.309900000000000000e+04
9.310000000000000000e+04
9.310100000000000000e+04
9.310200000000000000e+04
9.310300000000000000e+04
9.310400000000000000e+04
9.310500000000000000e+04
9.310600000000000000e+04
9.310700000000000000e+04
9.310800000000000000e+04
9.310900000000000000e+04
9.311000000000000000e+04
9.311100000000000000e+04
9.311200000000000000e+04
9.311300000000000000e+04
9.311400000000000000e+04
9.311500000000000000e+04
9.311600000000000000e+04
9.311700000000000000e+04
9.311800000000000000e+04
9.311900000000000000e+04
9.312000000000000000e+04
9.312100000000000000e+04
9.312200000000000000e+04
9.312300000000000000e+04
9.312400000000000000e+04
9.312500000000000000e+04
9.312600000000000000e+04
9.312700000000000000e+04
9.312800000000000000e+04
9.312900000000000000e+04
9.313000000000000000e+04
9.313100000000000000e+04
9.313200000000000000e+04
9.313300000000000000e+04
9.313400000000000000e+04
9.313500000000000000e+04
9.313600000000000000e+04
9.313700000000000000e+04
9.313800000000000000e+04
9.313900000000000000e+04
9.314000000000000000e+04
9.314100000000000000e+04
9.314200000000000000e+04
9.314300000000000000e+04
9.314400000000000000e+04
9.314500000000000000e+04
9.314600000000000000e+04
9.314700000000000000e+04
9.314800000000000000e+04
9.314900000000000000e+04
9.315100000000000000e+04
9.315300000000000000e+04
9.315500000000000000e+04
9.315600000000000000e+04
9.315700000000000000e+04
9.315800000000000000e+04
9.315900000000000000e+04
9.316000000000000000e+04
9.316100000000000000e+04
9.316300000000000000e+04
9.316400000000000000e+04
9.316500000000000000e+04
9.316700000000000000e+04
9.316800000000000000e+04
9.339400000000000000e+04
9.339500000000000000e+04
9.339800000000000000e+04
9.340200000000000000e+04
9.340600000000000000e+04
9.658400000000000000e+04
9.658500000000000000e+04
9.658700000000000000e+04
9.658800000000000000e+04
9.658900000000000000e+04
9.659000000000000000e+04
9.659100000000000000e+04
9.659200000000000000e+04
9.659300000000000000e+04
9.659400000000000000e+04
9.659500000000000000e+04
9.659600000000000000e+04
9.659700000000000000e+04
9.659800000000000000e+04
9.659900000000000000e+04
9.660000000000000000e+04
9.660100000000000000e+04
9.660200000000000000e+04
9.660300000000000000e+04
9.660400000000000000e+04
9.660500000000000000e+04
9.660600000000000000e+04
9.660700000000000000e+04
9.660800000000000000e+04
9.660900000000000000e+04
9.661000000000000000e+04
9.661100000000000000e+04
9.661200000000000000e+04
9.661300000000000000e+04
9.661400000000000000e+04
9.661500000000000000e+04
9.661600000000000000e+04
9.661700000000000000e+04
9.661800000000000000e+04
9.661900000000000000e+04
9.662000000000000000e+04
9.662100000000000000e+04
9.662200000000000000e+04
9.662300000000000000e+04
9.662400000000000000e+04
9.662500000000000000e+04
9.662600000000000000e+04
9.662700000000000000e+04
9.662800000000000000e+04
9.662900000000000000e+04
9.663000000000000000e+04
9.663100000000000000e+04
9.663200000000000000e+04
9.663300000000000000e+04
9.663400000000000000e+04
9.663500000000000000e+04
9.663600000000000000e+04
9.663700000000000000e+04
9.663800000000000000e+04
9.663900000000000000e+04
9.664000000000000000e+04
9.664100000000000000e+04
9.664200000000000000e+04
9.664300000000000000e+04
9.664400000000000000e+04
9.664500000000000000e+04
9.664700000000000000e+04
9.664800000000000000e+04
9.664900000000000000e+04
9.665100000000000000e+04
9.665200000000000000e+04
9.665300000000000000e+04
9.665500000000000000e+04
9.665600000000000000e+04
9.665700000000000000e+04
9.665800000000000000e+04
9.665900000000000000e+04
9.666000000000000000e+04
9.666100000000000000e+04
9.666300000000000000e+04
9.666400000000000000e+04
9.666500000000000000e+04
9.666700000000000000e+04
9.679400000000000000e+04
9.679800000000000000e+04
9.679900000000000000e+04
9.680000000000000000e+04
9.680100000000000000e+04
9.680200000000000000e+04
9.680300000000000000e+04
9.680400000000000000e+04
9.680500000000000000e+04
9.680600000000000000e+04
9.680700000000000000e+04
9.680800000000000000e+04
9.680900000000000000e+04
9.681000000000000000e+04
9.681100000000000000e+04
9.681200000000000000e+04
9.681300000000000000e+04
9.681400000000000000e+04
9.681500000000000000e+04
9.681600000000000000e+04
9.681700000000000000e+04
9.681800000000000000e+04
9.681900000000000000e+04
9.682000000000000000e+04
9.682100000000000000e+04
9.682200000000000000e+04
9.682300000000000000e+04
9.682400000000000000e+04
9.682500000000000000e+04
9.682600000000000000e+04
9.682700000000000000e+04
9.682800000000000000e+04
9.682900000000000000e+04
9.683000000000000000e+04
9.683100000000000000e+04
9.683200000000000000e+04
9.683300000000000000e+04
9.683400000000000000e+04
9.683500000000000000e+04
9.683600000000000000e+04
9.683700000000000000e+04
9.683800000000000000e+04
9.684100000000000000e+04
9.684200000000000000e+04
9.684300000000000000e+04
9.684400000000000000e+04
9.684500000000000000e+04
9.684600000000000000e+04
9.684700000000000000e+04
9.684800000000000000e+04
9.684900000000000000e+04
9.687700000000000000e+04
9.688100000000000000e+04
9.688500000000000000e+04
1.086800000000000000e+05
1.086840000000000000e+05
1.086860000000000000e+05
1.086870000000000000e+05
1.086880000000000000e+05
1.086900000000000000e+05
1.086910000000000000e+05
1.086920000000000000e+05
1.086940000000000000e+05
1.086950000000000000e+05
1.086960000000000000e+05
1.086980000000000000e+05
1.086990000000000000e+05
1.087000000000000000e+05
1.087020000000000000e+05
1.087030000000000000e+05
1.087040000000000000e+05
1.087050000000000000e+05
1.087060000000000000e+05
1.087070000000000000e+05
1.087080000000000000e+05
1.087090000000000000e+05
1.087100000000000000e+05
1.087110000000000000e+05
1.087120000000000000e+05
1.087130000000000000e+05
1.087140000000000000e+05
1.087150000000000000e+05
1.087160000000000000e+05
1.087170000000000000e+05
1.087180000000000000e+05
1.087190000000000000e+05
1.087200000000000000e+05
1.087240000000000000e+05
1.087280000000000000e+05
1.089350000000000000e+05
1.089390000000000000e+05
1.089430000000000000e+05
1.089470000000000000e+05
1.089510000000000000e+05
1.097980000000000000e+05
1.098000000000000000e+05
1.098020000000000000e+05
1.098030000000000000e+05
1.098040000000000000e+05
1.098050000000000000e+05
1.098060000000000000e+05
1.098070000000000000e+05
1.098080000000000000e+05
1.098090000000000000e+05
1.098100000000000000e+05
1.098110000000000000e+05
1.098120000000000000e+05
1.098130000000000000e+05
1.098140000000000000e+05
1.098150000000000000e+05
1.098160000000000000e+05
1.098180000000000000e+05
1.098220000000000000e+05
1.098260000000000000e+05
1.168940000000000000e+05
1.168980000000000000e+05
1.169020000000000000e+05
1.169060000000000000e+05
1.169100000000000000e+05
1.169140000000000000e+05
1.169180000000000000e+05
1.169220000000000000e+05
1.169260000000000000e+05
1.169300000000000000e+05
1.169320000000000000e+05
1.169330000000000000e+05
1.169340000000000000e+05
1.169350000000000000e+05
1.169360000000000000e+05
1.169370000000000000e+05
1.169380000000000000e+05
1.169390000000000000e+05
1.169400000000000000e+05
1.169410000000000000e+05
1.169420000000000000e+05
1.169430000000000000e+05
1.169440000000000000e+05
1.169450000000000000e+05
1.169460000000000000e+05
1.169470000000000000e+05
1.169480000000000000e+05
1.169490000000000000e+05
1.169500000000000000e+05
1.169510000000000000e+05
1.169520000000000000e+05
1.169530000000000000e+05
1.169540000000000000e+05
1.169550000000000000e+05
1.169560000000000000e+05
1.169570000000000000e+05
1.169580000000000000e+05
1.169590000000000000e+05
1.169600000000000000e+05
1.169610000000000000e+05
1.169620000000000000e+05
1.169630000000000000e+05
1.169640000000000000e+05
1.169650000000000000e+05
1.169660000000000000e+05
1.169670000000000000e+05
1.169680000000000000e+05
1.169690000000000000e+05
1.169700000000000000e+05
1.169710000000000000e+05
1.169720000000000000e+05
1.169730000000000000e+05
1.169740000000000000e+05
1.169750000000000000e+05
1.169760000000000000e+05
1.169770000000000000e+05
1.169780000000000000e+05
1.169790000000000000e+05
1.169800000000000000e+05
1.169810000000000000e+05
1.169820000000000000e+05
1.169830000000000000e+05
1.169840000000000000e+05
1.169850000000000000e+05
1.169860000000000000e+05
1.169870000000000000e+05
1.169880000000000000e+05
1.169890000000000000e+05
1.169900000000000000e+05
1.169910000000000000e+05
1.169920000000000000e+05
1.170160000000000000e+05
1.170200000000000000e+05
1.170230000000000000e+05
1.170240000000000000e+05
1.170250000000000000e+05
1.170270000000000000e+05
1.170280000000000000e+05
1.170320000000000000e+05
1.581150000000000000e+05
1.581270000000000000e+05
1.581310000000000000e+05
1.581320000000000000e+05
1.581340000000000000e+05
1.581350000000000000e+05
1.581360000000000000e+05
1.581380000000000000e+05
1.581390000000000000e+05
1.581400000000000000e+05
1.581420000000000000e+05
1.581430000000000000e+05
1.581440000000000000e+05
1.581460000000000000e+05
1.581470000000000000e+05
1.581480000000000000e+05
1.581500000000000000e+05
1.581510000000000000e+05
1.581520000000000000e+05
1.581540000000000000e+05
1.581550000000000000e+05
1.581560000000000000e+05
1.581580000000000000e+05
1.581590000000000000e+05
1.581600000000000000e+05
1.581620000000000000e+05
1.581630000000000000e+05
1.581640000000000000e+05
1.581660000000000000e+05
1.581670000000000000e+05
1.581680000000000000e+05
1.581700000000000000e+05
1.581710000000000000e+05
1.581720000000000000e+05
1.597340000000000000e+05
1.597350000000000000e+05
1.597360000000000000e+05
1.597370000000000000e+05
1.597380000000000000e+05
1.597390000000000000e+05
1.597400000000000000e+05
1.597410000000000000e+05
1.597420000000000000e+05
1.597430000000000000e+05
1.597440000000000000e+05
1.597450000000000000e+05
1.597460000000000000e+05
1.597500000000000000e+05
1.597510000000000000e+05
1.597520000000000000e+05
1.597530000000000000e+05
1.597540000000000000e+05
1.597550000000000000e+05
1.597560000000000000e+05
1.597570000000000000e+05
1.597580000000000000e+05
1.597590000000000000e+05
1.597600000000000000e+05
1.597610000000000000e+05
1.597620000000000000e+05
1.597630000000000000e+05
1.597640000000000000e+05
1.597650000000000000e+05
1.597660000000000000e+05
1.597670000000000000e+05
1.597680000000000000e+05
1.597690000000000000e+05
1.597700000000000000e+05
1.597710000000000000e+05
1.597720000000000000e+05
1.597730000000000000e+05
1.597740000000000000e+05
1.597750000000000000e+05
1.597760000000000000e+05
1.597770000000000000e+05
1.597780000000000000e+05
1.597790000000000000e+05
1.597800000000000000e+05
1.597810000000000000e+05
1.597820000000000000e+05
1.597830000000000000e+05
1.597840000000000000e+05
1.597850000000000000e+05
1.597860000000000000e+05
1.597870000000000000e+05
1.597880000000000000e+05
1.597890000000000000e+05
1.597900000000000000e+05
1.597910000000000000e+05
1.597920000000000000e+05
1.597930000000000000e+05
1.597940000000000000e+05
1.597950000000000000e+05
1.597960000000000000e+05
1.597970000000000000e+05
1.597980000000000000e+05
1.597990000000000000e+05
1.598000000000000000e+05
1.598010000000000000e+05
1.598020000000000000e+05
1.598030000000000000e+05
1.598040000000000000e+05
1.598050000000000000e+05
1.598060000000000000e+05
1.598070000000000000e+05
1.598080000000000000e+05
1.598090000000000000e+05
1.598100000000000000e+05
1.598110000000000000e+05
1.598120000000000000e+05
1.598130000000000000e+05
1.598140000000000000e+05
1.598150000000000000e+05
1.598160000000000000e+05
1.598170000000000000e+05
1.598180000000000000e+05
1.598190000000000000e+05
1.598200000000000000e+05
1.598210000000000000e+05
1.598220000000000000e+05
1.598230000000000000e+05
1.598240000000000000e+05
1.605880000000000000e+05
1.605890000000000000e+05
1.605910000000000000e+05
1.605920000000000000e+05
1.605930000000000000e+05
1.605940000000000000e+05
1.605950000000000000e+05
1.605960000000000000e+05
1.605970000000000000e+05
1.605990000000000000e+05
1.606000000000000000e+05
1.606130000000000000e+05
1.606140000000000000e+05
1.606150000000000000e+05
1.606160000000000000e+05
1.606170000000000000e+05
1.606180000000000000e+05
1.606190000000000000e+05
1.606200000000000000e+05
1.606210000000000000e+05
1.606220000000000000e+05
1.606230000000000000e+05
1.606240000000000000e+05
1.606250000000000000e+05
1.606260000000000000e+05
1.606270000000000000e+05
1.606280000000000000e+05
1.606290000000000000e+05
1.606300000000000000e+05
1.606310000000000000e+05
1.606320000000000000e+05
1.606330000000000000e+05
1.606340000000000000e+05
1.606350000000000000e+05
1.606360000000000000e+05
1.606370000000000000e+05
1.606380000000000000e+05
1.606390000000000000e+05
1.606400000000000000e+05
1.606410000000000000e+05
1.606420000000000000e+05
1.606430000000000000e+05
1.606440000000000000e+05
1.606450000000000000e+05
1.606460000000000000e+05
1.606470000000000000e+05
1.606480000000000000e+05
1.606490000000000000e+05
1.606500000000000000e+05
1.606510000000000000e+05
1.606520000000000000e+05
1.606530000000000000e+05
1.606540000000000000e+05
1.606550000000000000e+05
1.606560000000000000e+05
1.606570000000000000e+05
1.606580000000000000e+05
1.606590000000000000e+05
1.606600000000000000e+05
1.606610000000000000e+05
1.606620000000000000e+05
1.606630000000000000e+05
1.606640000000000000e+05
1.606650000000000000e+05
1.606660000000000000e+05
1.606670000000000000e+05
1.606680000000000000e+05
1.606690000000000000e+05
1.606700000000000000e+05
1.606710000000000000e+05
1.606720000000000000e+05
1.606730000000000000e+05
1.606740000000000000e+05
1.606750000000000000e+05
1.606760000000000000e+05
1.606770000000000000e+05
1.606780000000000000e+05
1.606790000000000000e+05
1.606800000000000000e+05
1.606810000000000000e+05
1.824580000000000000e+05
1.824620000000000000e+05
1.824780000000000000e+05
1.824820000000000000e+05
1.824860000000000000e+05
1.824900000000000000e+05
1.899620000000000000e+05
1.899660000000000000e+05
1.899700000000000000e+05
1.899740000000000000e+05
1.899780000000000000e+05
1.899820000000000000e+05
1.899860000000000000e+05
1.899900000000000000e+05
1.899940000000000000e+05
1.899980000000000000e+05
1.900020000000000000e+05
1.900060000000000000e+05
1.900100000000000000e+05
1.900130000000000000e+05
1.900140000000000000e+05
1.900180000000000000e+05
2.011090000000000000e+05
2.011100000000000000e+05
2.011130000000000000e+05
2.011140000000000000e+05
2.011170000000000000e+05
2.061580000000000000e+05
2.061600000000000000e+05
2.061610000000000000e+05
2.061620000000000000e+05
2.061630000000000000e+05
2.061640000000000000e+05
2.061650000000000000e+05
2.061660000000000000e+05
2.061670000000000000e+05
2.061680000000000000e+05
2.061690000000000000e+05
2.061700000000000000e+05
2.061710000000000000e+05
2.061720000000000000e+05
2.061730000000000000e+05
2.061740000000000000e+05
2.061750000000000000e+05
2.061760000000000000e+05
2.061780000000000000e+05
2.061790000000000000e+05
2.061800000000000000e+05
2.061830000000000000e+05
2.061840000000000000e+05
2.061870000000000000e+05
2.061880000000000000e+05
2.061920000000000000e+05
2.061960000000000000e+05
2.062000000000000000e+05
2.062040000000000000e+05
2.062080000000000000e+05
2.062110000000000000e+05
2.062120000000000000e+05
2.062150000000000000e+05
2.062160000000000000e+05
2.062180000000000000e+05
2.062190000000000000e+05
2.062200000000000000e+05
2.062220000000000000e+05
2.064050000000000000e+05
2.064060000000000000e+05
2.064070000000000000e+05
2.064090000000000000e+05
2.064100000000000000e+05
2.064110000000000000e+05
2.064120000000000000e+05
2.064130000000000000e+05
2.064140000000000000e+05
2.064150000000000000e+05
2.064160000000000000e+05
2.064170000000000000e+05
2.064180000000000000e+05
2.064190000000000000e+05
2.064230000000000000e+05
2.064260000000000000e+05
2.064270000000000000e+05
2.064290000000000000e+05
2.064300000000000000e+05
2.064310000000000000e+05
2.064320000000000000e+05
2.064330000000000000e+05
2.064340000000000000e+05
2.064350000000000000e+05
2.064360000000000000e+05
2.064370000000000000e+05
2.064380000000000000e+05
2.064390000000000000e+05
2.064400000000000000e+05
2.064410000000000000e+05
2.064420000000000000e+05
2.064430000000000000e+05
2.064440000000000000e+05
2.064450000000000000e+05
2.064460000000000000e+05
2.064470000000000000e+05
2.064480000000000000e+05
2.064490000000000000e+05
2.064500000000000000e+05
2.064510000000000000e+05
2.064520000000000000e+05
2.064530000000000000e+05
2.064540000000000000e+05
2.064550000000000000e+05
2.064560000000000000e+05
2.064570000000000000e+05
2.064580000000000000e+05
2.064590000000000000e+05
2.064600000000000000e+05
2.064610000000000000e+05
2.064620000000000000e+05
2.064630000000000000e+05
2.064640000000000000e+05
2.064650000000000000e+05
2.064660000000000000e+05
2.064670000000000000e+05
2.064680000000000000e+05
2.064690000000000000e+05
2.064700000000000000e+05
2.064710000000000000e+05
2.064720000000000000e+05
2.064730000000000000e+05
2.064740000000000000e+05
2.064750000000000000e+05
2.064760000000000000e+05
2.064770000000000000e+05
2.064780000000000000e+05
2.064790000000000000e+05
2.064800000000000000e+05
2.064810000000000000e+05
2.064820000000000000e+05
2.064830000000000000e+05
2.064840000000000000e+05
2.064850000000000000e+05
2.064860000000000000e+05
2.064870000000000000e+05
2.064880000000000000e+05
2.064890000000000000e+05
2.064900000000000000e+05
2.064910000000000000e+05
2.064920000000000000e+05
2.064930000000000000e+05
2.064940000000000000e+05
2.064950000000000000e+05
2.064960000000000000e+05
2.064970000000000000e+05
2.064980000000000000e+05
2.064990000000000000e+05
2.067080000000000000e+05
2.067090000000000000e+05
2.067100000000000000e+05
2.067110000000000000e+05
2.067120000000000000e+05
2.067130000000000000e+05
2.067140000000000000e+05
2.067150000000000000e+05
2.067160000000000000e+05
2.067170000000000000e+05
2.067190000000000000e+05
2.067200000000000000e+05
2.067210000000000000e+05
2.067230000000000000e+05
2.067240000000000000e+05
2.067250000000000000e+05
2.067270000000000000e+05
2.067280000000000000e+05
2.067290000000000000e+05
2.067310000000000000e+05
2.067320000000000000e+05
2.067330000000000000e+05
2.067350000000000000e+05
2.067360000000000000e+05
2.067370000000000000e+05
2.067390000000000000e+05
2.067410000000000000e+05
2.067430000000000000e+05
2.067440000000000000e+05
2.067450000000000000e+05
2.067470000000000000e+05
2.067480000000000000e+05
2.067490000000000000e+05
2.067510000000000000e+05
2.067530000000000000e+05
2.067550000000000000e+05
2.067560000000000000e+05
2.067570000000000000e+05
2.067590000000000000e+05
2.067600000000000000e+05
2.067610000000000000e+05
2.067630000000000000e+05
2.067640000000000000e+05
2.067650000000000000e+05
2.067670000000000000e+05
2.067680000000000000e+05
2.067690000000000000e+05
2.067710000000000000e+05
2.067720000000000000e+05
2.067730000000000000e+05
2.067750000000000000e+05
2.067770000000000000e+05
2.069590000000000000e+05
2.069600000000000000e+05
2.069610000000000000e+05
2.069620000000000000e+05
2.069630000000000000e+05
2.069640000000000000e+05
2.069650000000000000e+05
2.069660000000000000e+05
2.069670000000000000e+05
2.069680000000000000e+05
2.069690000000000000e+05
2.069700000000000000e+05
2.069710000000000000e+05
2.069720000000000000e+05
2.069810000000000000e+05
2.069830000000000000e+05
2.069840000000000000e+05
2.069850000000000000e+05
2.069860000000000000e+05
2.069870000000000000e+05
2.069880000000000000e+05
2.069890000000000000e+05
2.069900000000000000e+05
2.069910000000000000e+05
2.069920000000000000e+05
2.069930000000000000e+05
2.069940000000000000e+05
2.069950000000000000e+05
2.069960000000000000e+05
2.069970000000000000e+05
2.069980000000000000e+05
2.069990000000000000e+05
2.070000000000000000e+05
2.070010000000000000e+05
2.070020000000000000e+05
2.070030000000000000e+05
2.070040000000000000e+05
2.070050000000000000e+05
2.070060000000000000e+05
2.070070000000000000e+05
2.070080000000000000e+05
2.070090000000000000e+05
2.070100000000000000e+05
2.070110000000000000e+05
2.070120000000000000e+05
2.070130000000000000e+05
2.070140000000000000e+05
2.070150000000000000e+05
2.070160000000000000e+05
2.070170000000000000e+05
2.070180000000000000e+05
2.070190000000000000e+05
2.070200000000000000e+05
2.070210000000000000e+05
2.070220000000000000e+05
2.070230000000000000e+05
2.070240000000000000e+05
2.070250000000000000e+05
2.070260000000000000e+05
2.070270000000000000e+05
2.070280000000000000e+05
2.070290000000000000e+05
2.070300000000000000e+05
2.070310000000000000e+05
2.070320000000000000e+05
2.070330000000000000e+05
2.070340000000000000e+05
2.070350000000000000e+05
2.070360000000000000e+05
2.070370000000000000e+05
2.070380000000000000e+05
2.070390000000000000e+05
2.070400000000000000e+05
2.070410000000000000e+05
2.070420000000000000e+05
2.070430000000000000e+05
2.070440000000000000e+05
2.070450000000000000e+05
2.070460000000000000e+05
2.070470000000000000e+05
2.070480000000000000e+05
2.070490000000000000e+05
2.070500000000000000e+05
2.070510000000000000e+05
2.070520000000000000e+05
2.070530000000000000e+05
2.072680000000000000e+05
2.072700000000000000e+05
2.072720000000000000e+05
2.072760000000000000e+05
2.072800000000000000e+05
2.072840000000000000e+05
2.072880000000000000e+05
2.072920000000000000e+05
2.072960000000000000e+05
2.073000000000000000e+05
2.073040000000000000e+05
2.073080000000000000e+05
2.073120000000000000e+05
2.073160000000000000e+05
2.073200000000000000e+05
2.073240000000000000e+05
2.073280000000000000e+05
2.075350000000000000e+05
2.075370000000000000e+05
2.075380000000000000e+05
2.075390000000000000e+05
2.075400000000000000e+05
2.075410000000000000e+05
2.075420000000000000e+05
2.075430000000000000e+05
2.075440000000000000e+05
2.075450000000000000e+05
2.075460000000000000e+05
2.075470000000000000e+05
2.075480000000000000e+05
2.075490000000000000e+05
2.075500000000000000e+05
2.075510000000000000e+05
2.075520000000000000e+05
2.075530000000000000e+05
2.075540000000000000e+05
2.075550000000000000e+05
2.075560000000000000e+05
2.075570000000000000e+05
2.075580000000000000e+05
2.075590000000000000e+05
2.075600000000000000e+05
2.075610000000000000e+05
2.075620000000000000e+05
2.075630000000000000e+05
2.075640000000000000e+05
2.075650000000000000e+05
2.075660000000000000e+05
2.075670000000000000e+05
2.075680000000000000e+05
2.075690000000000000e+05
2.075700000000000000e+05
2.075710000000000000e+05
2.075720000000000000e+05
2.075730000000000000e+05
2.075740000000000000e+05
2.075750000000000000e+05
2.075760000000000000e+05
2.075770000000000000e+05
2.075780000000000000e+05
2.075790000000000000e+05
2.075800000000000000e+05
2.075810000000000000e+05
2.075820000000000000e+05
2.075830000000000000e+05
2.075840000000000000e+05
2.075850000000000000e+05
2.075860000000000000e+05
2.075870000000000000e+05
2.075880000000000000e+05
2.075890000000000000e+05
2.075900000000000000e+05
2.075910000000000000e+05
2.075920000000000000e+05
2.075930000000000000e+05
2.075940000000000000e+05
2.075950000000000000e+05
2.075960000000000000e+05
2.075970000000000000e+05
2.075980000000000000e+05
2.075990000000000000e+05
2.076000000000000000e+05
2.076010000000000000e+05
2.076020000000000000e+05
2.076030000000000000e+05
2.077900000000000000e+05
2.077920000000000000e+05
2.077930000000000000e+05
2.077940000000000000e+05
2.077950000000000000e+05
2.077960000000000000e+05
2.077970000000000000e+05
2.077980000000000000e+05
2.077990000000000000e+05
2.078000000000000000e+05
2.078010000000000000e+05
2.078020000000000000e+05
2.078030000000000000e+05
2.078040000000000000e+05
2.078050000000000000e+05
2.078060000000000000e+05
2.078080000000000000e+05
2.078090000000000000e+05
2.078100000000000000e+05
2.078110000000000000e+05
2.078120000000000000e+05
2.078130000000000000e+05
2.078140000000000000e+05
2.078150000000000000e+05
2.078160000000000000e+05
2.078170000000000000e+05
2.078180000000000000e+05
2.078190000000000000e+05
2.078200000000000000e+05
2.078210000000000000e+05
2.078220000000000000e+05
2.078230000000000000e+05
2.078240000000000000e+05
2.078250000000000000e+05
2.078260000000000000e+05
2.078270000000000000e+05
2.078280000000000000e+05
2.078290000000000000e+05
2.078300000000000000e+05
2.078310000000000000e+05
2.078320000000000000e+05
2.078330000000000000e+05
2.078340000000000000e+05
2.078350000000000000e+05
2.078360000000000000e+05
2.078370000000000000e+05
2.078380000000000000e+05
2.078390000000000000e+05
2.078400000000000000e+05
2.078410000000000000e+05
2.078420000000000000e+05
2.078430000000000000e+05
2.078440000000000000e+05
2.078450000000000000e+05
2.078460000000000000e+05
2.078470000000000000e+05
2.078480000000000000e+05
2.078490000000000000e+05
2.078500000000000000e+05
2.078510000000000000e+05
2.078520000000000000e+05
2.078530000000000000e+05
2.078540000000000000e+05
2.078550000000000000e+05
2.078560000000000000e+05
2.078570000000000000e+05
2.078580000000000000e+05
2.078590000000000000e+05
2.078600000000000000e+05
2.078610000000000000e+05
2.078620000000000000e+05
2.078630000000000000e+05
2.078640000000000000e+05
2.078650000000000000e+05
2.078660000000000000e+05
2.078670000000000000e+05
2.078680000000000000e+05
2.078690000000000000e+05
2.078700000000000000e+05
2.078710000000000000e+05
2.078720000000000000e+05
2.078730000000000000e+05
2.078740000000000000e+05
2.078750000000000000e+05
2.078760000000000000e+05
2.078770000000000000e+05
2.078780000000000000e+05
2.078790000000000000e+05
2.078800000000000000e+05
2.078810000000000000e+05
2.078820000000000000e+05
2.078830000000000000e+05
