2.063600000000000000e+04
2.063900000000000000e+04
2.064000000000000000e+04
2.064200000000000000e+04
2.064300000000000000e+04
2.064400000000000000e+04
2.064600000000000000e+04
2.064700000000000000e+04
2.064800000000000000e+04
2.064900000000000000e+04
2.065000000000000000e+04
2.065100000000000000e+04
2.065200000000000000e+04
2.065300000000000000e+04
2.065400000000000000e+04
2.065500000000000000e+04
2.065600000000000000e+04
2.065700000000000000e+04
2.065800000000000000e+04
2.065900000000000000e+04
2.066000000000000000e+04
2.066100000000000000e+04
2.066200000000000000e+04
2.066300000000000000e+04
2.066400000000000000e+04
2.066500000000000000e+04
2.066600000000000000e+04
2.066700000000000000e+04
2.066800000000000000e+04
2.066900000000000000e+04
2.067000000000000000e+04
2.067100000000000000e+04
2.067200000000000000e+04
2.067300000000000000e+04
2.067400000000000000e+04
2.067500000000000000e+04
2.067600000000000000e+04
2.067700000000000000e+04
2.067800000000000000e+04
2.067900000000000000e+04
2.068000000000000000e+04
2.068100000000000000e+04
2.068200000000000000e+04
2.068300000000000000e+04
2.068400000000000000e+04
2.068500000000000000e+04
2.068600000000000000e+04
2.068700000000000000e+04
2.068800000000000000e+04
2.068900000000000000e+04
2.069000000000000000e+04
2.069100000000000000e+04
2.069200000000000000e+04
2.069400000000000000e+04
2.069500000000000000e+04
2.069600000000000000e+04
2.069800000000000000e+04
2.070000000000000000e+04
2.070400000000000000e+04
2.523100000000000000e+04
2.523500000000000000e+04
2.523600000000000000e+04
2.523900000000000000e+04
2.524000000000000000e+04
2.524100000000000000e+04
2.524200000000000000e+04
2.524300000000000000e+04
2.524400000000000000e+04
2.524600000000000000e+04
2.524700000000000000e+04
2.524800000000000000e+04
2.525000000000000000e+04
2.525100000000000000e+04
2.525200000000000000e+04
2.525300000000000000e+04
2.525400000000000000e+04
2.525500000000000000e+04
2.525600000000000000e+04
2.525700000000000000e+04
2.525800000000000000e+04
2.525900000000000000e+04
2.526000000000000000e+04
2.526100000000000000e+04
2.526200000000000000e+04
2.526300000000000000e+04
2.526400000000000000e+04
2.526700000000000000e+04
2.527100000000000000e+04
2.527500000000000000e+04
2.527800000000000000e+04
2.527900000000000000e+04
2.528000000000000000e+04
2.528100000000000000e+04
2.528200000000000000e+04
2.528300000000000000e+04
2.528700000000000000e+04
2.529300000000000000e+04
2.529400000000000000e+04
2.529500000000000000e+04
4.285700000000000000e+04
4.285800000000000000e+04
4.285900000000000000e+04
4.286000000000000000e+04
4.286100000000000000e+04
4.286200000000000000e+04
4.286300000000000000e+04
4.286400000000000000e+04
4.286500000000000000e+04
4.286600000000000000e+04
4.286700000000000000e+04
4.286800000000000000e+04
4.286900000000000000e+04
4.287000000000000000e+04
4.287100000000000000e+04
4.287200000000000000e+04
4.287300000000000000e+04
4.287400000000000000e+04
4.287500000000000000e+04
4.287600000000000000e+04
4.287700000000000000e+04
4.287800000000000000e+04
4.287900000000000000e+04
4.288000000000000000e+04
4.288100000000000000e+04
4.288200000000000000e+04
4.288300000000000000e+04
4.288400000000000000e+04
4.288500000000000000e+04
4.288600000000000000e+04
4.288700000000000000e+04
4.288800000000000000e+04
4.288900000000000000e+04
4.289000000000000000e+04
4.289100000000000000e+04
4.289200000000000000e+04
4.289300000000000000e+04
4.289400000000000000e+04
4.289500000000000000e+04
4.289600000000000000e+04
4.289700000000000000e+04
4.289800000000000000e+04
4.289900000000000000e+04
4.290000000000000000e+04
4.290100000000000000e+04
4.290200000000000000e+04
4.290300000000000000e+04
4.290400000000000000e+04
4.290500000000000000e+04
4.290600000000000000e+04
4.290700000000000000e+04
4.290800000000000000e+04
4.290900000000000000e+04
4.291000000000000000e+04
4.291100000000000000e+04
4.291200000000000000e+04
4.291300000000000000e+04
4.291400000000000000e+04
4.291500000000000000e+04
4.291600000000000000e+04
4.291700000000000000e+04
4.291800000000000000e+04
4.291900000000000000e+04
4.292000000000000000e+04
4.292100000000000000e+04
4.292200000000000000e+04
4.292300000000000000e+04
4.292400000000000000e+04
4.292500000000000000e+04
4.292600000000000000e+04
4.292700000000000000e+04
4.292800000000000000e+04
4.292900000000000000e+04
4.293000000000000000e+04
4.293100000000000000e+04
4.293200000000000000e+04
4.293300000000000000e+04
4.293400000000000000e+04
4.293500000000000000e+04
4.293600000000000000e+04
4.293700000000000000e+04
4.293800000000000000e+04
4.293900000000000000e+04
4.294000000000000000e+04
4.294100000000000000e+04
4.294200000000000000e+04
4.294300000000000000e+04
4.294400000000000000e+04
4.294600000000000000e+04
4.294800000000000000e+04
4.295000000000000000e+04
4.857200000000000000e+04
4.857300000000000000e+04
4.857400000000000000e+04
4.857700000000000000e+04
4.857800000000000000e+04
4.857900000000000000e+04
4.858100000000000000e+04
4.858400000000000000e+04
4.858500000000000000e+04
4.858600000000000000e+04
4.858700000000000000e+04
4.858800000000000000e+04
4.858900000000000000e+04
4.870300000000000000e+04
4.870400000000000000e+04
4.870500000000000000e+04
4.870700000000000000e+04
4.871100000000000000e+04
4.871300000000000000e+04
4.871500000000000000e+04
4.871600000000000000e+04
4.871700000000000000e+04
4.915500000000000000e+04
4.915600000000000000e+04
4.915800000000000000e+04
4.915900000000000000e+04
4.916000000000000000e+04
4.916100000000000000e+04
4.916200000000000000e+04
4.916300000000000000e+04
4.916400000000000000e+04
4.916500000000000000e+04
4.916600000000000000e+04
4.916700000000000000e+04
4.916800000000000000e+04
4.916900000000000000e+04
4.917000000000000000e+04
4.917100000000000000e+04
4.917200000000000000e+04
4.917300000000000000e+04
4.917400000000000000e+04
4.917500000000000000e+04
4.917600000000000000e+04
4.917700000000000000e+04
4.917800000000000000e+04
4.917900000000000000e+04
4.918000000000000000e+04
4.918100000000000000e+04
4.918200000000000000e+04
4.918300000000000000e+04
4.918400000000000000e+04
4.918500000000000000e+04
4.918600000000000000e+04
4.918700000000000000e+04
4.918800000000000000e+04
4.918900000000000000e+04
4.919000000000000000e+04
4.919100000000000000e+04
4.919200000000000000e+04
4.919300000000000000e+04
4.919400000000000000e+04
4.919500000000000000e+04
4.919600000000000000e+04
4.919700000000000000e+04
4.919800000000000000e+04
4.919900000000000000e+04
4.920000000000000000e+04
4.920100000000000000e+04
4.920200000000000000e+04
4.920300000000000000e+04
4.920400000000000000e+04
4.920500000000000000e+04
4.920600000000000000e+04
4.920700000000000000e+04
4.920800000000000000e+04
4.920900000000000000e+04
4.921000000000000000e+04
4.921100000000000000e+04
4.921200000000000000e+04
4.921300000000000000e+04
4.921400000000000000e+04
4.921500000000000000e+04
4.921600000000000000e+04
4.921700000000000000e+04
4.921800000000000000e+04
4.921900000000000000e+04
4.922000000000000000e+04
4.922100000000000000e+04
4.922200000000000000e+04
4.922300000000000000e+04
4.922400000000000000e+04
4.922500000000000000e+04
4.922600000000000000e+04
4.922700000000000000e+04
4.922800000000000000e+04
4.922900000000000000e+04
4.923000000000000000e+04
4.923100000000000000e+04
4.923200000000000000e+04
4.923300000000000000e+04
4.923400000000000000e+04
4.923500000000000000e+04
4.923600000000000000e+04
4.923700000000000000e+04
4.923800000000000000e+04
4.923900000000000000e+04
4.924000000000000000e+04
4.924100000000000000e+04
4.924200000000000000e+04
4.924300000000000000e+04
4.924400000000000000e+04
4.924500000000000000e+04
4.924600000000000000e+04
4.924700000000000000e+04
4.924800000000000000e+04
4.924900000000000000e+04
4.925000000000000000e+04
4.925100000000000000e+04
4.925200000000000000e+04
4.925300000000000000e+04
4.925400000000000000e+04
4.925500000000000000e+04
4.925600000000000000e+04
4.925700000000000000e+04
4.925800000000000000e+04
4.925900000000000000e+04
4.926000000000000000e+04
4.926100000000000000e+04
4.926200000000000000e+04
4.926300000000000000e+04
4.926400000000000000e+04
4.926500000000000000e+04
4.926600000000000000e+04
4.926700000000000000e+04
4.926800000000000000e+04
4.926900000000000000e+04
4.927000000000000000e+04
4.927100000000000000e+04
4.927200000000000000e+04
4.927300000000000000e+04
4.927400000000000000e+04
4.927500000000000000e+04
4.927600000000000000e+04
4.927700000000000000e+04
4.927800000000000000e+04
4.927900000000000000e+04
4.928000000000000000e+04
4.928100000000000000e+04
4.928200000000000000e+04
4.928300000000000000e+04
4.928400000000000000e+04
4.928500000000000000e+04
4.928600000000000000e+04
4.928700000000000000e+04
4.928800000000000000e+04
4.928900000000000000e+04
4.929000000000000000e+04
5.116800000000000000e+04
5.116900000000000000e+04
5.117000000000000000e+04
5.132600000000000000e+04
5.132700000000000000e+04
5.133000000000000000e+04
5.133100000000000000e+04
5.133400000000000000e+04
5.133500000000000000e+04
5.133800000000000000e+04
5.133900000000000000e+04
5.134200000000000000e+04
5.134300000000000000e+04
5.134600000000000000e+04
5.134700000000000000e+04
5.135000000000000000e+04
5.135100000000000000e+04
5.135200000000000000e+04
5.135300000000000000e+04
5.135400000000000000e+04
5.135500000000000000e+04
5.135600000000000000e+04
5.135700000000000000e+04
5.135800000000000000e+04
5.135900000000000000e+04
5.136000000000000000e+04
5.136200000000000000e+04
5.136300000000000000e+04
5.136400000000000000e+04
5.136500000000000000e+04
5.136600000000000000e+04
5.136700000000000000e+04
5.136800000000000000e+04
5.137000000000000000e+04
5.137100000000000000e+04
5.137200000000000000e+04
5.137400000000000000e+04
5.137500000000000000e+04
5.137800000000000000e+04
5.137900000000000000e+04
5.138300000000000000e+04
5.138700000000000000e+04
5.139100000000000000e+04
5.332200000000000000e+04
5.332500000000000000e+04
5.332600000000000000e+04
5.332700000000000000e+04
5.332800000000000000e+04
5.332900000000000000e+04
5.333000000000000000e+04
5.333100000000000000e+04
5.333200000000000000e+04
5.333300000000000000e+04
5.333400000000000000e+04
5.333500000000000000e+04
5.333600000000000000e+04
5.333700000000000000e+04
5.333800000000000000e+04
5.333900000000000000e+04
5.334000000000000000e+04
5.334100000000000000e+04
5.334200000000000000e+04
5.334300000000000000e+04
5.334400000000000000e+04
5.334500000000000000e+04
5.334600000000000000e+04
5.334700000000000000e+04
5.334800000000000000e+04
5.334900000000000000e+04
5.335000000000000000e+04
5.335100000000000000e+04
5.335200000000000000e+04
5.335300000000000000e+04
5.335400000000000000e+04
5.335500000000000000e+04
5.335600000000000000e+04
5.335700000000000000e+04
5.335800000000000000e+04
5.335900000000000000e+04
5.336000000000000000e+04
5.336100000000000000e+04
5.336200000000000000e+04
5.336300000000000000e+04
5.336400000000000000e+04
5.336500000000000000e+04
5.336600000000000000e+04
5.336700000000000000e+04
5.336800000000000000e+04
5.336900000000000000e+04
5.337000000000000000e+04
5.337100000000000000e+04
5.337200000000000000e+04
5.337300000000000000e+04
5.337400000000000000e+04
5.337500000000000000e+04
5.337600000000000000e+04
5.337700000000000000e+04
5.337800000000000000e+04
5.337900000000000000e+04
5.338000000000000000e+04
5.338100000000000000e+04
5.338200000000000000e+04
5.338300000000000000e+04
5.338400000000000000e+04
5.338500000000000000e+04
5.338600000000000000e+04
5.338700000000000000e+04
5.338800000000000000e+04
5.338900000000000000e+04
5.339000000000000000e+04
5.339100000000000000e+04
5.339200000000000000e+04
5.339300000000000000e+04
5.339400000000000000e+04
5.339500000000000000e+04
5.339600000000000000e+04
5.339700000000000000e+04
5.339800000000000000e+04
5.339900000000000000e+04
5.340000000000000000e+04
5.340100000000000000e+04
5.340200000000000000e+04
5.340300000000000000e+04
5.340400000000000000e+04
5.340500000000000000e+04
5.340600000000000000e+04
5.340700000000000000e+04
5.340800000000000000e+04
5.340900000000000000e+04
5.341000000000000000e+04
5.341100000000000000e+04
5.341200000000000000e+04
5.341300000000000000e+04
5.341400000000000000e+04
5.341500000000000000e+04
5.341600000000000000e+04
5.341700000000000000e+04
5.341800000000000000e+04
5.341900000000000000e+04
5.342000000000000000e+04
5.342100000000000000e+04
5.342200000000000000e+04
5.342300000000000000e+04
5.342400000000000000e+04
5.342500000000000000e+04
5.342600000000000000e+04
5.342700000000000000e+04
5.342800000000000000e+04
5.342900000000000000e+04
5.343000000000000000e+04
5.343100000000000000e+04
5.343200000000000000e+04
5.343300000000000000e+04
5.343400000000000000e+04
5.343500000000000000e+04
5.343600000000000000e+04
5.343700000000000000e+04
5.343800000000000000e+04
5.343900000000000000e+04
5.344000000000000000e+04
5.344100000000000000e+04
5.344200000000000000e+04
5.344300000000000000e+04
5.344400000000000000e+04
5.344500000000000000e+04
5.344600000000000000e+04
5.344700000000000000e+04
5.344800000000000000e+04
5.344900000000000000e+04
5.345000000000000000e+04
5.345100000000000000e+04
5.345200000000000000e+04
5.345300000000000000e+04
5.345400000000000000e+04
5.345500000000000000e+04
5.345600000000000000e+04
5.345700000000000000e+04
5.345800000000000000e+04
5.345900000000000000e+04
5.346000000000000000e+04
5.346100000000000000e+04
5.346200000000000000e+04
5.346300000000000000e+04
5.346400000000000000e+04
5.346500000000000000e+04
5.346600000000000000e+04
5.346700000000000000e+04
5.346800000000000000e+04
5.346900000000000000e+04
5.347000000000000000e+04
5.347100000000000000e+04
5.347200000000000000e+04
5.347300000000000000e+04
5.347400000000000000e+04
5.347500000000000000e+04
5.347600000000000000e+04
5.347700000000000000e+04
5.347800000000000000e+04
5.347900000000000000e+04
5.348000000000000000e+04
5.348100000000000000e+04
5.348200000000000000e+04
5.348300000000000000e+04
5.348400000000000000e+04
5.348500000000000000e+04
5.348600000000000000e+04
5.348700000000000000e+04
5.348800000000000000e+04
5.348900000000000000e+04
5.349000000000000000e+04
5.349100000000000000e+04
5.349200000000000000e+04
5.349300000000000000e+04
5.349400000000000000e+04
5.349500000000000000e+04
5.349600000000000000e+04
5.349700000000000000e+04
5.349800000000000000e+04
5.349900000000000000e+04
5.350000000000000000e+04
5.350100000000000000e+04
5.350200000000000000e+04
5.350300000000000000e+04
5.350400000000000000e+04
5.350500000000000000e+04
5.350600000000000000e+04
5.350700000000000000e+04
5.350800000000000000e+04
5.350900000000000000e+04
5.351000000000000000e+04
5.351100000000000000e+04
5.351200000000000000e+04
5.351300000000000000e+04
5.351400000000000000e+04
5.351500000000000000e+04
5.351600000000000000e+04
5.351700000000000000e+04
5.351800000000000000e+04
5.351900000000000000e+04
5.352000000000000000e+04
5.352100000000000000e+04
5.352200000000000000e+04
5.352300000000000000e+04
5.352400000000000000e+04
5.352500000000000000e+04
5.352600000000000000e+04
5.352700000000000000e+04
5.352800000000000000e+04
5.352900000000000000e+04
5.353000000000000000e+04
5.353100000000000000e+04
5.353200000000000000e+04
5.353300000000000000e+04
5.353400000000000000e+04
5.353500000000000000e+04
5.353600000000000000e+04
5.353700000000000000e+04
5.353800000000000000e+04
5.353900000000000000e+04
5.354000000000000000e+04
5.354100000000000000e+04
5.354200000000000000e+04
5.354300000000000000e+04
5.354400000000000000e+04
5.354500000000000000e+04
5.354600000000000000e+04
5.354700000000000000e+04
5.354800000000000000e+04
5.354900000000000000e+04
5.355000000000000000e+04
5.355100000000000000e+04
5.355200000000000000e+04
5.355300000000000000e+04
5.355400000000000000e+04
5.355500000000000000e+04
5.355600000000000000e+04
5.355700000000000000e+04
5.355800000000000000e+04
5.355900000000000000e+04
5.356000000000000000e+04
5.356100000000000000e+04
5.356200000000000000e+04
5.356300000000000000e+04
5.356400000000000000e+04
5.356500000000000000e+04
5.356600000000000000e+04
5.356700000000000000e+04
5.356800000000000000e+04
5.356900000000000000e+04
5.357000000000000000e+04
5.357100000000000000e+04
5.357200000000000000e+04
5.357300000000000000e+04
5.357400000000000000e+04
5.357500000000000000e+04
5.357600000000000000e+04
5.357700000000000000e+04
5.357800000000000000e+04
5.357900000000000000e+04
5.358000000000000000e+04
5.358100000000000000e+04
5.358200000000000000e+04
5.358300000000000000e+04
5.358400000000000000e+04
5.358500000000000000e+04
5.358600000000000000e+04
5.358700000000000000e+04
5.358800000000000000e+04
5.358900000000000000e+04
5.359000000000000000e+04
5.359100000000000000e+04
5.359200000000000000e+04
5.359300000000000000e+04
5.359400000000000000e+04
5.359500000000000000e+04
5.359600000000000000e+04
5.359700000000000000e+04
5.359800000000000000e+04
5.359900000000000000e+04
5.360000000000000000e+04
5.360100000000000000e+04
5.360200000000000000e+04
5.360300000000000000e+04
5.360400000000000000e+04
5.360500000000000000e+04
5.360600000000000000e+04
5.360700000000000000e+04
5.360800000000000000e+04
5.360900000000000000e+04
5.361000000000000000e+04
5.361100000000000000e+04
5.361200000000000000e+04
5.361300000000000000e+04
5.361400000000000000e+04
5.361500000000000000e+04
5.361600000000000000e+04
5.361700000000000000e+04
5.361800000000000000e+04
5.361900000000000000e+04
5.362000000000000000e+04
5.362100000000000000e+04
5.362200000000000000e+04
5.362300000000000000e+04
5.362400000000000000e+04
5.362500000000000000e+04
5.362600000000000000e+04
5.362700000000000000e+04
5.362800000000000000e+04
5.362900000000000000e+04
5.363000000000000000e+04
5.363100000000000000e+04
5.363200000000000000e+04
5.363300000000000000e+04
5.363400000000000000e+04
5.363500000000000000e+04
5.363600000000000000e+04
5.363700000000000000e+04
5.363800000000000000e+04
5.363900000000000000e+04
5.364000000000000000e+04
5.364100000000000000e+04
5.364200000000000000e+04
5.364400000000000000e+04
5.767400000000000000e+04
5.767700000000000000e+04
5.767800000000000000e+04
5.768100000000000000e+04
5.768200000000000000e+04
5.768500000000000000e+04
5.768600000000000000e+04
5.768700000000000000e+04
5.768800000000000000e+04
5.768900000000000000e+04
5.769000000000000000e+04
5.769100000000000000e+04
5.769200000000000000e+04
5.769300000000000000e+04
5.769400000000000000e+04
5.769500000000000000e+04
5.769600000000000000e+04
5.769700000000000000e+04
5.769800000000000000e+04
5.769900000000000000e+04
5.770000000000000000e+04
5.770100000000000000e+04
5.770200000000000000e+04
5.770300000000000000e+04
5.770400000000000000e+04
5.770500000000000000e+04
5.770600000000000000e+04
5.770700000000000000e+04
5.770800000000000000e+04
5.770900000000000000e+04
5.771000000000000000e+04
5.771100000000000000e+04
5.771200000000000000e+04
5.771300000000000000e+04
5.771400000000000000e+04
5.771500000000000000e+04
5.771600000000000000e+04
5.771700000000000000e+04
5.771800000000000000e+04
5.771900000000000000e+04
5.772000000000000000e+04
5.772100000000000000e+04
5.772200000000000000e+04
5.772300000000000000e+04
5.772400000000000000e+04
5.772500000000000000e+04
5.772600000000000000e+04
5.772700000000000000e+04
5.772800000000000000e+04
5.772900000000000000e+04
5.773000000000000000e+04
5.773100000000000000e+04
5.773200000000000000e+04
5.773300000000000000e+04
5.773400000000000000e+04
5.773500000000000000e+04
5.773600000000000000e+04
5.773700000000000000e+04
5.773800000000000000e+04
5.773900000000000000e+04
5.774000000000000000e+04
5.774100000000000000e+04
5.774200000000000000e+04
5.774300000000000000e+04
5.774500000000000000e+04
