1.760000000000000000e+04
1.760400000000000000e+04
1.760800000000000000e+04
1.760900000000000000e+04
1.761200000000000000e+04
1.761300000000000000e+04
1.761600000000000000e+04
1.761700000000000000e+04
1.762000000000000000e+04
1.762100000000000000e+04
1.762400000000000000e+04
1.762500000000000000e+04
1.762600000000000000e+04
1.762800000000000000e+04
1.762900000000000000e+04
1.763000000000000000e+04
1.763200000000000000e+04
1.763300000000000000e+04
2.683000000000000000e+04
2.683400000000000000e+04
2.683500000000000000e+04
2.683700000000000000e+04
2.683800000000000000e+04
2.683900000000000000e+04
2.684000000000000000e+04
2.684100000000000000e+04
2.684200000000000000e+04
2.684300000000000000e+04
2.684400000000000000e+04
2.684500000000000000e+04
2.684600000000000000e+04
2.684700000000000000e+04
2.684800000000000000e+04
2.684900000000000000e+04
2.685000000000000000e+04
2.685100000000000000e+04
2.685200000000000000e+04
2.685300000000000000e+04
2.685400000000000000e+04
2.685500000000000000e+04
2.685600000000000000e+04
2.685700000000000000e+04
2.685800000000000000e+04
2.685900000000000000e+04
2.686000000000000000e+04
2.686100000000000000e+04
2.686200000000000000e+04
2.686300000000000000e+04
2.686400000000000000e+04
2.686500000000000000e+04
2.686600000000000000e+04
2.686700000000000000e+04
2.686800000000000000e+04
2.686900000000000000e+04
2.687000000000000000e+04
2.687100000000000000e+04
2.687200000000000000e+04
2.687300000000000000e+04
2.687400000000000000e+04
2.687500000000000000e+04
2.687600000000000000e+04
2.687700000000000000e+04
2.687800000000000000e+04
2.687900000000000000e+04
2.688000000000000000e+04
2.688200000000000000e+04
2.688300000000000000e+04
2.688400000000000000e+04
2.688500000000000000e+04
