1.012850000000000000e+05
1.012860000000000000e+05
1.012870000000000000e+05
1.012880000000000000e+05
1.012890000000000000e+05
1.012900000000000000e+05
1.012910000000000000e+05
1.012920000000000000e+05
1.012930000000000000e+05
1.012940000000000000e+05
1.012950000000000000e+05
1.012960000000000000e+05
1.012970000000000000e+05
1.012980000000000000e+05
1.012990000000000000e+05
1.013000000000000000e+05
1.013010000000000000e+05
1.013020000000000000e+05
1.013030000000000000e+05
1.013040000000000000e+05
1.013050000000000000e+05
1.013060000000000000e+05
1.013070000000000000e+05
1.013080000000000000e+05
1.013090000000000000e+05
1.013100000000000000e+05
1.013110000000000000e+05
1.013120000000000000e+05
1.013130000000000000e+05
1.013140000000000000e+05
1.013150000000000000e+05
1.013160000000000000e+05
1.013170000000000000e+05
1.013180000000000000e+05
1.013190000000000000e+05
1.013200000000000000e+05
1.013210000000000000e+05
1.013220000000000000e+05
1.013230000000000000e+05
1.013240000000000000e+05
1.013250000000000000e+05
1.013260000000000000e+05
1.013270000000000000e+05
1.013280000000000000e+05
1.013290000000000000e+05
1.013300000000000000e+05
1.013310000000000000e+05
1.013320000000000000e+05
1.013330000000000000e+05
1.013340000000000000e+05
1.013350000000000000e+05
1.013360000000000000e+05
1.013370000000000000e+05
1.013380000000000000e+05
1.013390000000000000e+05
1.013400000000000000e+05
1.013410000000000000e+05
1.013420000000000000e+05
1.013430000000000000e+05
1.013440000000000000e+05
1.013450000000000000e+05
1.013460000000000000e+05
1.013470000000000000e+05
1.013480000000000000e+05
1.013490000000000000e+05
1.013500000000000000e+05
1.013510000000000000e+05
1.013520000000000000e+05
1.013530000000000000e+05
1.013540000000000000e+05
1.013550000000000000e+05
1.013560000000000000e+05
1.013570000000000000e+05
1.013580000000000000e+05
1.013590000000000000e+05
1.013600000000000000e+05
1.013610000000000000e+05
1.013620000000000000e+05
1.013630000000000000e+05
1.013640000000000000e+05
1.013650000000000000e+05
1.013660000000000000e+05
1.013670000000000000e+05
1.013680000000000000e+05
1.013690000000000000e+05
1.013700000000000000e+05
1.013710000000000000e+05
1.013720000000000000e+05
1.013730000000000000e+05
1.013740000000000000e+05
1.013750000000000000e+05
1.013760000000000000e+05
1.013770000000000000e+05
1.013780000000000000e+05
1.013790000000000000e+05
1.013800000000000000e+05
1.013810000000000000e+05
1.013820000000000000e+05
1.013830000000000000e+05
1.013840000000000000e+05
1.013850000000000000e+05
1.013860000000000000e+05
1.013870000000000000e+05
1.013880000000000000e+05
1.013890000000000000e+05
1.013900000000000000e+05
1.013910000000000000e+05
1.013920000000000000e+05
1.013930000000000000e+05
1.013940000000000000e+05
1.013950000000000000e+05
1.013960000000000000e+05
1.013970000000000000e+05
1.013980000000000000e+05
1.013990000000000000e+05
1.378730000000000000e+05
1.378740000000000000e+05
1.378750000000000000e+05
1.378760000000000000e+05
1.378770000000000000e+05
1.378780000000000000e+05
1.378790000000000000e+05
1.378800000000000000e+05
1.378810000000000000e+05
1.378820000000000000e+05
1.378830000000000000e+05
1.378840000000000000e+05
1.380110000000000000e+05
1.380120000000000000e+05
1.380130000000000000e+05
1.380140000000000000e+05
1.380150000000000000e+05
1.380160000000000000e+05
1.380170000000000000e+05
1.380180000000000000e+05
1.380190000000000000e+05
1.380200000000000000e+05
1.380210000000000000e+05
1.380220000000000000e+05
1.380230000000000000e+05
1.380240000000000000e+05
1.380250000000000000e+05
1.380260000000000000e+05
1.380270000000000000e+05
1.380280000000000000e+05
1.380290000000000000e+05
1.380300000000000000e+05
1.380310000000000000e+05
1.380320000000000000e+05
1.380330000000000000e+05
1.380340000000000000e+05
1.380350000000000000e+05
1.380360000000000000e+05
1.380370000000000000e+05
1.380380000000000000e+05
1.380390000000000000e+05
1.380400000000000000e+05
1.380410000000000000e+05
1.380420000000000000e+05
1.380430000000000000e+05
1.380440000000000000e+05
1.380450000000000000e+05
1.380460000000000000e+05
1.380470000000000000e+05
1.380480000000000000e+05
1.380490000000000000e+05
1.380500000000000000e+05
1.380510000000000000e+05
1.380520000000000000e+05
1.380530000000000000e+05
1.380540000000000000e+05
1.380550000000000000e+05
1.380560000000000000e+05
1.380570000000000000e+05
1.381650000000000000e+05
1.381660000000000000e+05
1.381670000000000000e+05
1.381680000000000000e+05
1.381690000000000000e+05
1.381700000000000000e+05
1.381710000000000000e+05
1.381720000000000000e+05
1.381730000000000000e+05
1.381740000000000000e+05
1.381750000000000000e+05
1.381760000000000000e+05
1.381770000000000000e+05
1.381780000000000000e+05
1.381790000000000000e+05
1.381800000000000000e+05
1.381810000000000000e+05
1.381820000000000000e+05
1.381830000000000000e+05
1.381840000000000000e+05
1.381850000000000000e+05
1.381860000000000000e+05
1.381870000000000000e+05
1.381880000000000000e+05
1.381890000000000000e+05
1.381900000000000000e+05
1.381910000000000000e+05
1.381920000000000000e+05
1.381930000000000000e+05
1.381940000000000000e+05
1.381950000000000000e+05
1.383040000000000000e+05
1.383050000000000000e+05
1.383060000000000000e+05
1.383070000000000000e+05
1.383080000000000000e+05
1.383090000000000000e+05
1.383100000000000000e+05
1.383110000000000000e+05
1.383120000000000000e+05
1.383130000000000000e+05
1.383140000000000000e+05
1.383150000000000000e+05
1.383160000000000000e+05
1.383170000000000000e+05
1.383180000000000000e+05
1.383190000000000000e+05
1.383200000000000000e+05
1.383210000000000000e+05
1.383220000000000000e+05
1.383230000000000000e+05
1.383240000000000000e+05
1.383250000000000000e+05
1.383260000000000000e+05
1.383270000000000000e+05
1.383280000000000000e+05
1.383290000000000000e+05
1.383300000000000000e+05
1.383310000000000000e+05
1.383320000000000000e+05
1.383330000000000000e+05
1.383340000000000000e+05
1.383350000000000000e+05
1.383360000000000000e+05
1.383370000000000000e+05
1.383380000000000000e+05
1.383390000000000000e+05
1.383400000000000000e+05
1.383410000000000000e+05
1.383420000000000000e+05
1.383430000000000000e+05
1.383440000000000000e+05
1.383450000000000000e+05
1.383460000000000000e+05
1.383470000000000000e+05
1.383480000000000000e+05
1.383490000000000000e+05
1.383500000000000000e+05
1.383510000000000000e+05
1.383520000000000000e+05
1.383530000000000000e+05
1.383540000000000000e+05
1.383550000000000000e+05
1.383560000000000000e+05
1.383570000000000000e+05
1.383580000000000000e+05
1.383590000000000000e+05
1.383600000000000000e+05
1.383610000000000000e+05
1.383620000000000000e+05
1.383630000000000000e+05
1.383640000000000000e+05
1.383650000000000000e+05
1.383660000000000000e+05
1.383670000000000000e+05
1.383680000000000000e+05
1.383690000000000000e+05
1.383700000000000000e+05
1.383710000000000000e+05
1.383720000000000000e+05
1.383730000000000000e+05
1.383740000000000000e+05
1.383750000000000000e+05
1.383760000000000000e+05
1.383770000000000000e+05
1.383780000000000000e+05
1.383790000000000000e+05
1.383800000000000000e+05
1.383810000000000000e+05
1.383820000000000000e+05
1.383830000000000000e+05
1.383840000000000000e+05
1.383850000000000000e+05
1.383860000000000000e+05
1.383870000000000000e+05
1.383880000000000000e+05
1.383890000000000000e+05
1.383900000000000000e+05
1.383910000000000000e+05
1.383920000000000000e+05
1.383930000000000000e+05
1.383940000000000000e+05
1.383950000000000000e+05
1.383960000000000000e+05
1.383970000000000000e+05
1.383980000000000000e+05
1.383990000000000000e+05
1.384000000000000000e+05
1.384010000000000000e+05
1.384020000000000000e+05
1.384030000000000000e+05
1.384040000000000000e+05
1.384050000000000000e+05
1.384060000000000000e+05
1.384070000000000000e+05
1.384080000000000000e+05
1.384090000000000000e+05
1.384100000000000000e+05
1.384110000000000000e+05
1.384120000000000000e+05
1.384130000000000000e+05
1.384140000000000000e+05
1.384150000000000000e+05
1.384160000000000000e+05
1.384170000000000000e+05
1.384180000000000000e+05
1.384190000000000000e+05
1.384200000000000000e+05
1.384210000000000000e+05
1.384220000000000000e+05
1.384230000000000000e+05
1.384240000000000000e+05
1.384250000000000000e+05
1.384260000000000000e+05
1.384270000000000000e+05
1.384280000000000000e+05
1.384290000000000000e+05
1.384300000000000000e+05
1.384310000000000000e+05
1.384320000000000000e+05
1.384330000000000000e+05
1.384340000000000000e+05
1.384350000000000000e+05
1.384360000000000000e+05
1.384370000000000000e+05
1.384380000000000000e+05
1.384390000000000000e+05
1.384400000000000000e+05
1.384410000000000000e+05
1.384420000000000000e+05
1.384430000000000000e+05
1.384440000000000000e+05
1.384450000000000000e+05
1.384460000000000000e+05
1.384470000000000000e+05
1.384480000000000000e+05
1.384490000000000000e+05
1.384500000000000000e+05
1.384510000000000000e+05
1.384520000000000000e+05
1.384530000000000000e+05
1.384540000000000000e+05
1.384550000000000000e+05
1.384560000000000000e+05
1.384570000000000000e+05
1.384580000000000000e+05
1.384590000000000000e+05
1.384600000000000000e+05
1.384610000000000000e+05
1.384620000000000000e+05
1.384630000000000000e+05
1.384640000000000000e+05
1.384650000000000000e+05
1.384660000000000000e+05
1.384670000000000000e+05
1.384680000000000000e+05
1.384690000000000000e+05
1.384700000000000000e+05
1.384710000000000000e+05
1.384720000000000000e+05
1.384730000000000000e+05
1.384740000000000000e+05
1.384750000000000000e+05
1.384760000000000000e+05
1.384770000000000000e+05
1.384780000000000000e+05
1.384790000000000000e+05
1.384800000000000000e+05
1.384810000000000000e+05
1.384820000000000000e+05
1.384830000000000000e+05
1.384840000000000000e+05
1.384850000000000000e+05
1.384860000000000000e+05
1.384870000000000000e+05
1.384880000000000000e+05
1.384890000000000000e+05
1.384900000000000000e+05
1.384910000000000000e+05
1.384920000000000000e+05
1.384930000000000000e+05
1.384940000000000000e+05
1.384950000000000000e+05
1.384960000000000000e+05
1.384970000000000000e+05
1.384980000000000000e+05
1.384990000000000000e+05
1.385000000000000000e+05
1.385010000000000000e+05
1.385020000000000000e+05
1.385030000000000000e+05
1.385040000000000000e+05
1.385050000000000000e+05
1.385060000000000000e+05
1.385070000000000000e+05
1.385080000000000000e+05
1.385090000000000000e+05
1.385100000000000000e+05
1.385110000000000000e+05
1.385120000000000000e+05
1.385130000000000000e+05
1.385140000000000000e+05
1.385150000000000000e+05
1.385160000000000000e+05
1.385170000000000000e+05
1.385180000000000000e+05
1.385190000000000000e+05
1.385200000000000000e+05
1.385210000000000000e+05
1.385220000000000000e+05
1.385230000000000000e+05
1.385240000000000000e+05
1.385250000000000000e+05
1.385260000000000000e+05
1.385270000000000000e+05
1.385280000000000000e+05
1.385290000000000000e+05
1.385300000000000000e+05
1.385310000000000000e+05
1.385320000000000000e+05
1.385330000000000000e+05
1.385340000000000000e+05
1.385350000000000000e+05
1.385360000000000000e+05
1.385370000000000000e+05
1.385380000000000000e+05
1.385390000000000000e+05
1.385400000000000000e+05
1.385410000000000000e+05
1.385420000000000000e+05
1.385430000000000000e+05
1.385440000000000000e+05
1.385450000000000000e+05
1.385460000000000000e+05
1.385470000000000000e+05
1.385480000000000000e+05
1.385490000000000000e+05
1.385500000000000000e+05
1.385510000000000000e+05
1.385520000000000000e+05
1.385530000000000000e+05
1.385540000000000000e+05
1.385550000000000000e+05
1.385560000000000000e+05
1.385570000000000000e+05
1.385580000000000000e+05
1.385590000000000000e+05
1.385600000000000000e+05
1.385610000000000000e+05
1.385620000000000000e+05
1.385630000000000000e+05
1.385640000000000000e+05
1.385650000000000000e+05
1.385660000000000000e+05
1.385670000000000000e+05
1.385680000000000000e+05
1.385690000000000000e+05
1.385700000000000000e+05
1.385710000000000000e+05
1.385720000000000000e+05
1.385730000000000000e+05
1.385740000000000000e+05
1.385750000000000000e+05
1.385760000000000000e+05
1.385770000000000000e+05
1.385780000000000000e+05
1.385790000000000000e+05
1.385800000000000000e+05
1.385810000000000000e+05
1.385820000000000000e+05
1.385830000000000000e+05
1.385840000000000000e+05
1.385850000000000000e+05
1.385860000000000000e+05
1.385870000000000000e+05
1.385880000000000000e+05
1.385890000000000000e+05
1.385900000000000000e+05
1.385910000000000000e+05
1.385920000000000000e+05
1.385930000000000000e+05
1.385940000000000000e+05
1.385950000000000000e+05
1.385960000000000000e+05
1.385970000000000000e+05
1.385980000000000000e+05
1.385990000000000000e+05
1.386000000000000000e+05
1.386010000000000000e+05
1.386020000000000000e+05
1.386030000000000000e+05
1.386040000000000000e+05
1.386050000000000000e+05
1.386060000000000000e+05
1.386070000000000000e+05
1.386080000000000000e+05
1.386090000000000000e+05
1.386100000000000000e+05
1.386110000000000000e+05
1.386120000000000000e+05
1.386130000000000000e+05
1.386140000000000000e+05
1.386150000000000000e+05
1.386160000000000000e+05
1.386170000000000000e+05
1.386180000000000000e+05
1.386190000000000000e+05
1.386200000000000000e+05
1.386210000000000000e+05
1.386220000000000000e+05
1.386230000000000000e+05
1.386240000000000000e+05
1.386250000000000000e+05
1.386260000000000000e+05
1.386270000000000000e+05
1.386280000000000000e+05
1.386290000000000000e+05
1.386300000000000000e+05
1.386310000000000000e+05
1.386320000000000000e+05
1.386330000000000000e+05
1.386340000000000000e+05
1.386350000000000000e+05
1.386360000000000000e+05
1.386370000000000000e+05
1.386380000000000000e+05
1.386390000000000000e+05
1.386400000000000000e+05
1.386410000000000000e+05
1.386420000000000000e+05
1.386430000000000000e+05
1.386440000000000000e+05
1.386450000000000000e+05
1.386460000000000000e+05
1.386470000000000000e+05
1.386480000000000000e+05
1.386490000000000000e+05
1.386500000000000000e+05
1.386510000000000000e+05
1.386520000000000000e+05
1.386530000000000000e+05
1.386540000000000000e+05
1.386550000000000000e+05
1.386560000000000000e+05
1.386570000000000000e+05
1.386580000000000000e+05
1.386590000000000000e+05
1.386600000000000000e+05
1.386610000000000000e+05
1.386620000000000000e+05
1.386630000000000000e+05
1.386640000000000000e+05
1.386650000000000000e+05
1.386660000000000000e+05
1.386670000000000000e+05
1.387170000000000000e+05
1.387180000000000000e+05
1.387190000000000000e+05
1.387200000000000000e+05
1.387210000000000000e+05
1.387220000000000000e+05
1.387230000000000000e+05
1.387240000000000000e+05
1.387250000000000000e+05
1.387260000000000000e+05
1.387270000000000000e+05
1.387280000000000000e+05
1.387290000000000000e+05
1.387300000000000000e+05
1.387310000000000000e+05
1.387320000000000000e+05
1.387330000000000000e+05
1.387340000000000000e+05
1.387350000000000000e+05
1.387360000000000000e+05
1.387370000000000000e+05
1.387380000000000000e+05
1.387390000000000000e+05
1.387400000000000000e+05
1.387410000000000000e+05
1.387420000000000000e+05
1.387430000000000000e+05
1.387440000000000000e+05
1.387450000000000000e+05
1.387460000000000000e+05
1.387470000000000000e+05
1.387480000000000000e+05
1.387490000000000000e+05
1.387500000000000000e+05
1.387510000000000000e+05
1.387520000000000000e+05
1.387530000000000000e+05
1.387540000000000000e+05
1.387550000000000000e+05
1.387560000000000000e+05
1.387570000000000000e+05
1.387580000000000000e+05
1.387590000000000000e+05
1.387600000000000000e+05
1.387610000000000000e+05
1.387620000000000000e+05
1.388400000000000000e+05
1.388410000000000000e+05
1.388420000000000000e+05
1.388430000000000000e+05
1.388440000000000000e+05
1.388450000000000000e+05
1.388460000000000000e+05
1.388470000000000000e+05
1.388480000000000000e+05
1.388490000000000000e+05
1.388500000000000000e+05
1.388510000000000000e+05
1.388520000000000000e+05
1.388530000000000000e+05
1.388540000000000000e+05
1.388550000000000000e+05
1.388560000000000000e+05
1.388570000000000000e+05
1.388580000000000000e+05
1.388590000000000000e+05
1.388600000000000000e+05
1.388610000000000000e+05
1.388620000000000000e+05
1.388630000000000000e+05
1.388640000000000000e+05
1.388650000000000000e+05
1.388660000000000000e+05
1.388670000000000000e+05
1.388680000000000000e+05
1.388690000000000000e+05
1.388700000000000000e+05
1.388710000000000000e+05
1.388720000000000000e+05
1.388730000000000000e+05
1.388740000000000000e+05
1.388750000000000000e+05
1.388760000000000000e+05
1.388770000000000000e+05
1.388780000000000000e+05
1.388790000000000000e+05
1.388800000000000000e+05
1.388810000000000000e+05
1.388820000000000000e+05
1.388830000000000000e+05
1.388840000000000000e+05
1.388850000000000000e+05
1.388860000000000000e+05
1.388870000000000000e+05
1.388880000000000000e+05
1.388890000000000000e+05
1.388900000000000000e+05
1.388910000000000000e+05
1.388920000000000000e+05
1.388930000000000000e+05
1.388940000000000000e+05
1.388950000000000000e+05
1.388960000000000000e+05
1.388970000000000000e+05
1.388980000000000000e+05
1.388990000000000000e+05
1.389000000000000000e+05
1.389010000000000000e+05
1.389020000000000000e+05
1.389030000000000000e+05
1.389040000000000000e+05
1.389050000000000000e+05
1.389060000000000000e+05
1.389070000000000000e+05
1.389080000000000000e+05
1.389090000000000000e+05
1.389100000000000000e+05
1.389110000000000000e+05
1.389120000000000000e+05
1.389130000000000000e+05
1.389140000000000000e+05
1.389150000000000000e+05
1.389160000000000000e+05
1.389170000000000000e+05
1.389180000000000000e+05
1.389190000000000000e+05
1.389200000000000000e+05
1.389210000000000000e+05
1.389220000000000000e+05
1.389230000000000000e+05
1.389240000000000000e+05
1.389250000000000000e+05
1.389260000000000000e+05
1.389270000000000000e+05
1.389280000000000000e+05
1.389290000000000000e+05
1.389300000000000000e+05
1.389310000000000000e+05
1.389320000000000000e+05
1.389330000000000000e+05
1.389340000000000000e+05
1.389350000000000000e+05
1.389360000000000000e+05
1.389370000000000000e+05
1.389380000000000000e+05
1.389390000000000000e+05
1.389400000000000000e+05
1.389410000000000000e+05
1.389420000000000000e+05
1.389430000000000000e+05
1.389440000000000000e+05
1.389450000000000000e+05
1.389460000000000000e+05
1.389620000000000000e+05
1.389630000000000000e+05
1.389640000000000000e+05
1.389650000000000000e+05
1.389660000000000000e+05
1.389670000000000000e+05
1.389680000000000000e+05
1.389690000000000000e+05
1.389700000000000000e+05
1.389710000000000000e+05
1.389720000000000000e+05
1.389730000000000000e+05
1.389740000000000000e+05
1.389750000000000000e+05
1.389760000000000000e+05
1.389770000000000000e+05
1.389780000000000000e+05
1.389790000000000000e+05
1.389800000000000000e+05
1.389810000000000000e+05
1.389820000000000000e+05
1.389830000000000000e+05
1.389840000000000000e+05
1.389850000000000000e+05
1.389860000000000000e+05
1.389870000000000000e+05
1.389880000000000000e+05
1.389890000000000000e+05
1.389900000000000000e+05
1.389910000000000000e+05
1.389920000000000000e+05
1.389930000000000000e+05
1.389940000000000000e+05
1.389950000000000000e+05
1.389960000000000000e+05
1.389970000000000000e+05
1.389980000000000000e+05
1.389990000000000000e+05
1.390000000000000000e+05
1.390010000000000000e+05
1.390020000000000000e+05
1.390030000000000000e+05
1.390040000000000000e+05
1.390050000000000000e+05
1.390060000000000000e+05
1.390070000000000000e+05
1.390080000000000000e+05
1.390090000000000000e+05
1.390100000000000000e+05
1.390110000000000000e+05
1.390120000000000000e+05
1.390130000000000000e+05
1.390140000000000000e+05
1.390150000000000000e+05
1.390160000000000000e+05
1.390170000000000000e+05
1.390180000000000000e+05
1.390190000000000000e+05
1.390200000000000000e+05
1.390210000000000000e+05
1.390220000000000000e+05
1.390230000000000000e+05
1.390240000000000000e+05
1.390250000000000000e+05
1.390260000000000000e+05
1.390270000000000000e+05
1.390280000000000000e+05
1.390290000000000000e+05
1.390300000000000000e+05
1.390310000000000000e+05
1.390320000000000000e+05
1.390330000000000000e+05
1.390340000000000000e+05
1.390350000000000000e+05
1.390360000000000000e+05
1.390370000000000000e+05
1.390970000000000000e+05
1.390980000000000000e+05
1.390990000000000000e+05
1.391000000000000000e+05
1.391010000000000000e+05
1.391020000000000000e+05
1.391030000000000000e+05
1.391040000000000000e+05
1.391050000000000000e+05
1.391060000000000000e+05
1.391070000000000000e+05
1.391080000000000000e+05
1.391090000000000000e+05
1.391100000000000000e+05
1.391110000000000000e+05
1.391120000000000000e+05
1.391130000000000000e+05
1.391140000000000000e+05
1.391150000000000000e+05
1.391160000000000000e+05
1.391170000000000000e+05
1.391180000000000000e+05
1.391190000000000000e+05
1.391200000000000000e+05
1.391210000000000000e+05
1.391220000000000000e+05
1.391230000000000000e+05
1.391240000000000000e+05
1.391250000000000000e+05
1.391260000000000000e+05
1.391270000000000000e+05
1.391280000000000000e+05
1.391290000000000000e+05
1.391300000000000000e+05
1.391310000000000000e+05
1.391320000000000000e+05
1.391330000000000000e+05
1.391340000000000000e+05
1.391350000000000000e+05
1.391360000000000000e+05
1.391370000000000000e+05
1.391380000000000000e+05
1.391390000000000000e+05
1.391400000000000000e+05
1.391410000000000000e+05
1.391420000000000000e+05
1.391430000000000000e+05
1.391440000000000000e+05
1.391450000000000000e+05
1.391460000000000000e+05
1.391470000000000000e+05
1.391480000000000000e+05
1.391490000000000000e+05
1.391500000000000000e+05
1.391510000000000000e+05
1.391520000000000000e+05
1.391530000000000000e+05
1.391540000000000000e+05
1.391550000000000000e+05
1.391560000000000000e+05
1.391570000000000000e+05
1.391580000000000000e+05
1.391590000000000000e+05
1.391600000000000000e+05
1.391610000000000000e+05
1.391620000000000000e+05
1.391630000000000000e+05
1.391640000000000000e+05
1.391650000000000000e+05
1.391660000000000000e+05
1.391670000000000000e+05
1.391680000000000000e+05
1.391690000000000000e+05
1.391700000000000000e+05
1.391710000000000000e+05
1.391720000000000000e+05
1.391730000000000000e+05
1.391740000000000000e+05
1.391750000000000000e+05
1.391760000000000000e+05
1.391770000000000000e+05
1.391780000000000000e+05
1.391790000000000000e+05
1.391800000000000000e+05
1.391810000000000000e+05
1.391820000000000000e+05
1.391830000000000000e+05
1.391840000000000000e+05
1.391850000000000000e+05
1.391860000000000000e+05
1.391870000000000000e+05
1.391880000000000000e+05
1.391890000000000000e+05
1.391900000000000000e+05
1.391910000000000000e+05
1.391920000000000000e+05
1.391930000000000000e+05
1.391940000000000000e+05
1.391950000000000000e+05
1.391960000000000000e+05
1.391970000000000000e+05
1.391980000000000000e+05
1.391990000000000000e+05
1.392000000000000000e+05
1.392010000000000000e+05
1.392020000000000000e+05
1.392030000000000000e+05
1.392040000000000000e+05
1.392050000000000000e+05
1.392060000000000000e+05
1.392070000000000000e+05
1.392080000000000000e+05
1.392090000000000000e+05
1.392100000000000000e+05
1.392110000000000000e+05
1.392120000000000000e+05
1.392130000000000000e+05
1.392140000000000000e+05
1.392150000000000000e+05
1.392160000000000000e+05
1.392170000000000000e+05
1.392180000000000000e+05
1.392190000000000000e+05
1.392200000000000000e+05
1.392210000000000000e+05
1.392220000000000000e+05
1.392230000000000000e+05
1.392240000000000000e+05
1.392250000000000000e+05
1.392260000000000000e+05
1.392270000000000000e+05
1.392280000000000000e+05
1.392290000000000000e+05
1.392300000000000000e+05
1.392310000000000000e+05
1.392320000000000000e+05
1.392330000000000000e+05
1.392340000000000000e+05
1.392350000000000000e+05
1.392360000000000000e+05
1.392370000000000000e+05
1.392380000000000000e+05
1.392390000000000000e+05
1.392400000000000000e+05
1.392410000000000000e+05
1.392420000000000000e+05
1.392430000000000000e+05
1.392440000000000000e+05
1.392450000000000000e+05
1.392460000000000000e+05
1.392470000000000000e+05
1.392480000000000000e+05
1.392490000000000000e+05
1.392500000000000000e+05
1.392510000000000000e+05
1.392520000000000000e+05
1.392530000000000000e+05
1.392540000000000000e+05
1.392550000000000000e+05
1.392560000000000000e+05
1.392570000000000000e+05
1.392580000000000000e+05
1.392590000000000000e+05
1.392600000000000000e+05
1.392610000000000000e+05
1.392620000000000000e+05
1.392630000000000000e+05
1.392640000000000000e+05
1.392650000000000000e+05
1.392660000000000000e+05
1.392670000000000000e+05
1.392680000000000000e+05
1.392690000000000000e+05
1.392700000000000000e+05
1.392710000000000000e+05
1.392720000000000000e+05
1.392730000000000000e+05
1.392740000000000000e+05
1.392750000000000000e+05
1.392760000000000000e+05
1.392770000000000000e+05
1.392780000000000000e+05
1.392790000000000000e+05
1.392800000000000000e+05
1.392810000000000000e+05
1.392820000000000000e+05
1.392830000000000000e+05
1.392840000000000000e+05
1.392850000000000000e+05
1.392860000000000000e+05
1.392870000000000000e+05
1.392880000000000000e+05
1.392890000000000000e+05
1.392900000000000000e+05
1.392910000000000000e+05
1.392920000000000000e+05
1.392930000000000000e+05
1.392940000000000000e+05
1.392950000000000000e+05
1.392960000000000000e+05
1.392970000000000000e+05
1.392980000000000000e+05
1.392990000000000000e+05
1.393000000000000000e+05
1.393010000000000000e+05
1.393020000000000000e+05
1.393030000000000000e+05
1.393040000000000000e+05
1.393050000000000000e+05
1.393060000000000000e+05
1.393070000000000000e+05
1.393080000000000000e+05
1.393090000000000000e+05
1.393100000000000000e+05
1.393110000000000000e+05
1.393120000000000000e+05
1.393130000000000000e+05
1.393140000000000000e+05
1.393150000000000000e+05
1.393160000000000000e+05
1.393170000000000000e+05
1.393180000000000000e+05
1.393190000000000000e+05
1.393200000000000000e+05
1.393210000000000000e+05
1.393220000000000000e+05
1.393230000000000000e+05
1.393240000000000000e+05
1.393250000000000000e+05
1.393260000000000000e+05
1.393270000000000000e+05
1.393280000000000000e+05
1.393290000000000000e+05
1.393300000000000000e+05
1.393310000000000000e+05
1.393320000000000000e+05
1.393330000000000000e+05
1.393340000000000000e+05
1.393350000000000000e+05
1.393360000000000000e+05
1.393370000000000000e+05
1.393380000000000000e+05
1.393390000000000000e+05
1.393400000000000000e+05
1.393410000000000000e+05
1.393420000000000000e+05
1.393430000000000000e+05
1.393440000000000000e+05
1.393450000000000000e+05
1.393460000000000000e+05
1.393470000000000000e+05
1.393480000000000000e+05
1.393490000000000000e+05
1.393500000000000000e+05
1.393510000000000000e+05
1.393520000000000000e+05
1.393530000000000000e+05
1.393540000000000000e+05
1.393550000000000000e+05
1.393560000000000000e+05
1.393570000000000000e+05
1.393580000000000000e+05
1.393590000000000000e+05
1.393600000000000000e+05
1.393610000000000000e+05
1.393620000000000000e+05
1.393630000000000000e+05
1.393640000000000000e+05
1.393650000000000000e+05
1.393660000000000000e+05
1.393670000000000000e+05
1.393680000000000000e+05
1.393690000000000000e+05
1.393700000000000000e+05
1.393710000000000000e+05
1.393720000000000000e+05
1.393730000000000000e+05
1.393740000000000000e+05
1.393750000000000000e+05
1.393760000000000000e+05
1.393770000000000000e+05
1.393780000000000000e+05
1.393790000000000000e+05
1.393800000000000000e+05
1.393810000000000000e+05
1.393820000000000000e+05
1.393830000000000000e+05
1.393840000000000000e+05
1.393850000000000000e+05
1.393860000000000000e+05
1.393870000000000000e+05
1.393880000000000000e+05
1.393890000000000000e+05
1.393900000000000000e+05
1.393910000000000000e+05
1.393920000000000000e+05
1.393930000000000000e+05
1.393940000000000000e+05
1.393950000000000000e+05
1.393960000000000000e+05
1.394930000000000000e+05
1.394940000000000000e+05
1.394950000000000000e+05
1.394960000000000000e+05
1.394970000000000000e+05
1.394980000000000000e+05
1.394990000000000000e+05
1.395000000000000000e+05
1.395010000000000000e+05
1.395020000000000000e+05
1.395030000000000000e+05
1.395040000000000000e+05
1.395050000000000000e+05
1.395060000000000000e+05
1.395070000000000000e+05
1.395080000000000000e+05
1.395090000000000000e+05
1.395100000000000000e+05
1.395110000000000000e+05
1.395120000000000000e+05
1.396010000000000000e+05
1.396020000000000000e+05
1.396030000000000000e+05
1.396040000000000000e+05
1.396050000000000000e+05
1.396060000000000000e+05
1.396070000000000000e+05
1.396080000000000000e+05
1.396090000000000000e+05
1.396100000000000000e+05
1.396110000000000000e+05
1.396120000000000000e+05
1.396130000000000000e+05
1.396140000000000000e+05
1.396150000000000000e+05
1.396160000000000000e+05
1.396170000000000000e+05
1.396180000000000000e+05
1.396190000000000000e+05
1.396200000000000000e+05
1.396210000000000000e+05
1.396220000000000000e+05
1.396230000000000000e+05
1.396240000000000000e+05
1.396250000000000000e+05
1.396260000000000000e+05
1.396270000000000000e+05
1.396280000000000000e+05
1.396290000000000000e+05
1.396300000000000000e+05
1.396310000000000000e+05
1.396320000000000000e+05
1.396330000000000000e+05
1.396340000000000000e+05
1.396350000000000000e+05
1.396360000000000000e+05
1.396370000000000000e+05
1.396380000000000000e+05
1.396390000000000000e+05
1.396400000000000000e+05
1.396410000000000000e+05
1.662920000000000000e+05
1.662930000000000000e+05
1.662940000000000000e+05
1.662950000000000000e+05
1.662960000000000000e+05
1.662970000000000000e+05
1.662980000000000000e+05
