1.307440000000000000e+05
1.307450000000000000e+05
1.307460000000000000e+05
1.307470000000000000e+05
1.307480000000000000e+05
1.307490000000000000e+05
1.307500000000000000e+05
1.307510000000000000e+05
1.307520000000000000e+05
1.307530000000000000e+05
1.307540000000000000e+05
1.307550000000000000e+05
1.307560000000000000e+05
1.307570000000000000e+05
1.307580000000000000e+05
1.307590000000000000e+05
1.307600000000000000e+05
1.307610000000000000e+05
1.307620000000000000e+05
1.307630000000000000e+05
1.307640000000000000e+05
1.307650000000000000e+05
1.307660000000000000e+05
1.307670000000000000e+05
1.307680000000000000e+05
1.307690000000000000e+05
1.307700000000000000e+05
1.307710000000000000e+05
1.307720000000000000e+05
1.307730000000000000e+05
1.307740000000000000e+05
1.307750000000000000e+05
1.307760000000000000e+05
1.307770000000000000e+05
1.307780000000000000e+05
1.307790000000000000e+05
1.307800000000000000e+05
1.307810000000000000e+05
1.307820000000000000e+05
1.307830000000000000e+05
1.307840000000000000e+05
1.307850000000000000e+05
1.307860000000000000e+05
1.307870000000000000e+05
1.307880000000000000e+05
1.307890000000000000e+05
1.307900000000000000e+05
1.307910000000000000e+05
1.307920000000000000e+05
1.307930000000000000e+05
1.307940000000000000e+05
1.307950000000000000e+05
1.307960000000000000e+05
1.307970000000000000e+05
1.307980000000000000e+05
1.307990000000000000e+05
1.308000000000000000e+05
1.308010000000000000e+05
1.308020000000000000e+05
1.308030000000000000e+05
1.308040000000000000e+05
1.308050000000000000e+05
1.308060000000000000e+05
1.308070000000000000e+05
1.308080000000000000e+05
1.308090000000000000e+05
1.308100000000000000e+05
1.308110000000000000e+05
1.308120000000000000e+05
1.308130000000000000e+05
1.308140000000000000e+05
1.308150000000000000e+05
1.308160000000000000e+05
1.308170000000000000e+05
1.308180000000000000e+05
1.308190000000000000e+05
1.308200000000000000e+05
1.308210000000000000e+05
1.308220000000000000e+05
1.308230000000000000e+05
1.308240000000000000e+05
1.308250000000000000e+05
1.308260000000000000e+05
1.308270000000000000e+05
1.308280000000000000e+05
1.308290000000000000e+05
1.308300000000000000e+05
1.308310000000000000e+05
1.308320000000000000e+05
1.308330000000000000e+05
1.308340000000000000e+05
1.308350000000000000e+05
1.308360000000000000e+05
1.308370000000000000e+05
1.308380000000000000e+05
1.308390000000000000e+05
1.308400000000000000e+05
1.308410000000000000e+05
1.308420000000000000e+05
1.311780000000000000e+05
1.311800000000000000e+05
1.311810000000000000e+05
1.311820000000000000e+05
1.311830000000000000e+05
1.311840000000000000e+05
1.311850000000000000e+05
1.311860000000000000e+05
1.311870000000000000e+05
1.311880000000000000e+05
1.311890000000000000e+05
1.311900000000000000e+05
1.311910000000000000e+05
1.311920000000000000e+05
1.311930000000000000e+05
1.311940000000000000e+05
1.311950000000000000e+05
1.311960000000000000e+05
1.311970000000000000e+05
1.311980000000000000e+05
1.311990000000000000e+05
1.312000000000000000e+05
1.312010000000000000e+05
1.312020000000000000e+05
1.312030000000000000e+05
1.312040000000000000e+05
1.312050000000000000e+05
1.312060000000000000e+05
1.312070000000000000e+05
1.312080000000000000e+05
1.312090000000000000e+05
1.312100000000000000e+05
1.312110000000000000e+05
1.312120000000000000e+05
1.312130000000000000e+05
1.312140000000000000e+05
1.312150000000000000e+05
1.312160000000000000e+05
1.312170000000000000e+05
1.312180000000000000e+05
1.312190000000000000e+05
1.312200000000000000e+05
1.336880000000000000e+05
1.336890000000000000e+05
1.336900000000000000e+05
1.336910000000000000e+05
1.336920000000000000e+05
1.336930000000000000e+05
1.336940000000000000e+05
1.336950000000000000e+05
1.336960000000000000e+05
1.336970000000000000e+05
1.336980000000000000e+05
1.336990000000000000e+05
1.337000000000000000e+05
1.337010000000000000e+05
1.337020000000000000e+05
1.337030000000000000e+05
1.337040000000000000e+05
1.337050000000000000e+05
1.337060000000000000e+05
1.337070000000000000e+05
1.337080000000000000e+05
1.337090000000000000e+05
1.337100000000000000e+05
1.337110000000000000e+05
1.337120000000000000e+05
1.337130000000000000e+05
1.337140000000000000e+05
1.337150000000000000e+05
1.337160000000000000e+05
1.337170000000000000e+05
1.337180000000000000e+05
1.337190000000000000e+05
1.337200000000000000e+05
1.337210000000000000e+05
1.337220000000000000e+05
1.337230000000000000e+05
1.337240000000000000e+05
1.337250000000000000e+05
1.337260000000000000e+05
1.337270000000000000e+05
1.337280000000000000e+05
1.337290000000000000e+05
1.337300000000000000e+05
1.337310000000000000e+05
1.337320000000000000e+05
1.337330000000000000e+05
1.337340000000000000e+05
1.337350000000000000e+05
1.337360000000000000e+05
1.337370000000000000e+05
1.337380000000000000e+05
1.337390000000000000e+05
1.337400000000000000e+05
1.337410000000000000e+05
1.337420000000000000e+05
1.337430000000000000e+05
1.337440000000000000e+05
1.337450000000000000e+05
1.337460000000000000e+05
1.337470000000000000e+05
1.337480000000000000e+05
1.337490000000000000e+05
1.337500000000000000e+05
1.337510000000000000e+05
1.337520000000000000e+05
1.337530000000000000e+05
1.337540000000000000e+05
1.337550000000000000e+05
1.337560000000000000e+05
1.337570000000000000e+05
1.337580000000000000e+05
1.337590000000000000e+05
1.337600000000000000e+05
1.337610000000000000e+05
1.337620000000000000e+05
1.337630000000000000e+05
1.337640000000000000e+05
1.337650000000000000e+05
1.337660000000000000e+05
1.337670000000000000e+05
1.337680000000000000e+05
1.337690000000000000e+05
1.337700000000000000e+05
1.337710000000000000e+05
1.337720000000000000e+05
1.337730000000000000e+05
1.337740000000000000e+05
1.337750000000000000e+05
1.337760000000000000e+05
1.337770000000000000e+05
1.337780000000000000e+05
1.340390000000000000e+05
1.340400000000000000e+05
1.340410000000000000e+05
1.340420000000000000e+05
1.340430000000000000e+05
1.340440000000000000e+05
1.340450000000000000e+05
1.340460000000000000e+05
1.340470000000000000e+05
1.340480000000000000e+05
1.340490000000000000e+05
1.340500000000000000e+05
1.340510000000000000e+05
1.340520000000000000e+05
1.340530000000000000e+05
1.340540000000000000e+05
1.340550000000000000e+05
1.340560000000000000e+05
1.340570000000000000e+05
1.340580000000000000e+05
1.340590000000000000e+05
1.340600000000000000e+05
1.340610000000000000e+05
1.340620000000000000e+05
1.340630000000000000e+05
1.340640000000000000e+05
1.340650000000000000e+05
1.340660000000000000e+05
1.340670000000000000e+05
1.340680000000000000e+05
1.340690000000000000e+05
1.340700000000000000e+05
1.340710000000000000e+05
1.340720000000000000e+05
1.340730000000000000e+05
1.340740000000000000e+05
1.340750000000000000e+05
1.340760000000000000e+05
1.340770000000000000e+05
1.340780000000000000e+05
1.340790000000000000e+05
1.340800000000000000e+05
1.340810000000000000e+05
1.340820000000000000e+05
1.340830000000000000e+05
1.340840000000000000e+05
1.340850000000000000e+05
1.340860000000000000e+05
1.340870000000000000e+05
1.340880000000000000e+05
1.340890000000000000e+05
1.340900000000000000e+05
1.340910000000000000e+05
1.340920000000000000e+05
1.340930000000000000e+05
1.340940000000000000e+05
1.340950000000000000e+05
1.340960000000000000e+05
1.340970000000000000e+05
1.340980000000000000e+05
1.340990000000000000e+05
1.341000000000000000e+05
1.341010000000000000e+05
1.341020000000000000e+05
1.341030000000000000e+05
1.341040000000000000e+05
1.341050000000000000e+05
1.341060000000000000e+05
1.341070000000000000e+05
1.341080000000000000e+05
1.341090000000000000e+05
1.341100000000000000e+05
1.341110000000000000e+05
1.341120000000000000e+05
1.341130000000000000e+05
1.341140000000000000e+05
1.341150000000000000e+05
1.341160000000000000e+05
1.341170000000000000e+05
1.341180000000000000e+05
1.341190000000000000e+05
1.341200000000000000e+05
1.341210000000000000e+05
1.341220000000000000e+05
1.341230000000000000e+05
1.341240000000000000e+05
1.341250000000000000e+05
1.341260000000000000e+05
1.341270000000000000e+05
1.341280000000000000e+05
1.341290000000000000e+05
1.341300000000000000e+05
1.341310000000000000e+05
1.341320000000000000e+05
1.341330000000000000e+05
1.341340000000000000e+05
1.341350000000000000e+05
1.341360000000000000e+05
1.341370000000000000e+05
1.341380000000000000e+05
1.341390000000000000e+05
1.341400000000000000e+05
1.341410000000000000e+05
1.341420000000000000e+05
1.341430000000000000e+05
1.341440000000000000e+05
1.341450000000000000e+05
1.341460000000000000e+05
1.341470000000000000e+05
1.341480000000000000e+05
1.341490000000000000e+05
1.341500000000000000e+05
1.341510000000000000e+05
1.341520000000000000e+05
1.341530000000000000e+05
1.341540000000000000e+05
1.341550000000000000e+05
1.341560000000000000e+05
1.341570000000000000e+05
1.341580000000000000e+05
1.341590000000000000e+05
1.341600000000000000e+05
1.341610000000000000e+05
1.341620000000000000e+05
1.341630000000000000e+05
1.341640000000000000e+05
1.341650000000000000e+05
1.341660000000000000e+05
1.341670000000000000e+05
1.341680000000000000e+05
1.341690000000000000e+05
1.341700000000000000e+05
1.341710000000000000e+05
1.341720000000000000e+05
1.341730000000000000e+05
1.341740000000000000e+05
1.341750000000000000e+05
1.341760000000000000e+05
1.341770000000000000e+05
1.341780000000000000e+05
1.341790000000000000e+05
1.341800000000000000e+05
1.357420000000000000e+05
1.357430000000000000e+05
1.357440000000000000e+05
1.357450000000000000e+05
1.357460000000000000e+05
1.357470000000000000e+05
1.357480000000000000e+05
1.357490000000000000e+05
1.357500000000000000e+05
1.357510000000000000e+05
1.357520000000000000e+05
1.357530000000000000e+05
1.357540000000000000e+05
1.357550000000000000e+05
1.357560000000000000e+05
1.357570000000000000e+05
1.357580000000000000e+05
1.357590000000000000e+05
1.357600000000000000e+05
1.357610000000000000e+05
1.357620000000000000e+05
1.357630000000000000e+05
1.357640000000000000e+05
1.357650000000000000e+05
1.357660000000000000e+05
1.357670000000000000e+05
1.357680000000000000e+05
1.357690000000000000e+05
1.357700000000000000e+05
1.357710000000000000e+05
1.357720000000000000e+05
1.357730000000000000e+05
1.357740000000000000e+05
1.357750000000000000e+05
1.357760000000000000e+05
1.357770000000000000e+05
1.357780000000000000e+05
1.357790000000000000e+05
1.357800000000000000e+05
1.357810000000000000e+05
1.357820000000000000e+05
1.357830000000000000e+05
1.357840000000000000e+05
1.357850000000000000e+05
1.357860000000000000e+05
1.357870000000000000e+05
1.357880000000000000e+05
1.357890000000000000e+05
1.357900000000000000e+05
1.357910000000000000e+05
1.357920000000000000e+05
1.357930000000000000e+05
1.357940000000000000e+05
1.357950000000000000e+05
1.357960000000000000e+05
1.357970000000000000e+05
1.357980000000000000e+05
1.357990000000000000e+05
1.358000000000000000e+05
1.358010000000000000e+05
1.358020000000000000e+05
1.358030000000000000e+05
1.358040000000000000e+05
1.358050000000000000e+05
1.358060000000000000e+05
1.358070000000000000e+05
1.358080000000000000e+05
1.358090000000000000e+05
1.358100000000000000e+05
1.358110000000000000e+05
1.358120000000000000e+05
1.358130000000000000e+05
