3.994000000000000000e+03
3.997000000000000000e+03
3.998000000000000000e+03
4.002000000000000000e+03
4.005000000000000000e+03
4.006000000000000000e+03
5.052000000000000000e+03
5.054000000000000000e+03
5.055000000000000000e+03
5.058000000000000000e+03
5.059000000000000000e+03
5.060000000000000000e+03
5.062000000000000000e+03
5.064000000000000000e+03
5.066000000000000000e+03
5.067000000000000000e+03
5.068000000000000000e+03
5.070000000000000000e+03
5.071000000000000000e+03
5.072000000000000000e+03
5.073000000000000000e+03
5.074000000000000000e+03
5.075000000000000000e+03
5.076000000000000000e+03
5.077000000000000000e+03
5.078000000000000000e+03
5.079000000000000000e+03
5.080000000000000000e+03
5.081000000000000000e+03
5.082000000000000000e+03
5.083000000000000000e+03
5.084000000000000000e+03
5.085000000000000000e+03
5.086000000000000000e+03
5.087000000000000000e+03
5.088000000000000000e+03
5.089000000000000000e+03
5.090000000000000000e+03
5.091000000000000000e+03
5.092000000000000000e+03
6.149000000000000000e+03
6.152000000000000000e+03
6.153000000000000000e+03
6.154000000000000000e+03
6.155000000000000000e+03
6.156000000000000000e+03
6.157000000000000000e+03
6.158000000000000000e+03
6.159000000000000000e+03
6.160000000000000000e+03
6.161000000000000000e+03
6.162000000000000000e+03
6.163000000000000000e+03
6.164000000000000000e+03
6.165000000000000000e+03
6.166000000000000000e+03
6.167000000000000000e+03
6.168000000000000000e+03
