1.158140000000000000e+05
1.158150000000000000e+05
1.158160000000000000e+05
1.158170000000000000e+05
1.158180000000000000e+05
1.158190000000000000e+05
1.158200000000000000e+05
1.158210000000000000e+05
1.158220000000000000e+05
1.158230000000000000e+05
1.158240000000000000e+05
1.158250000000000000e+05
1.158260000000000000e+05
1.158270000000000000e+05
1.158280000000000000e+05
1.158290000000000000e+05
1.158300000000000000e+05
1.158310000000000000e+05
1.158320000000000000e+05
1.158330000000000000e+05
1.158340000000000000e+05
1.158350000000000000e+05
1.158360000000000000e+05
1.158370000000000000e+05
1.158380000000000000e+05
1.158390000000000000e+05
1.158400000000000000e+05
1.300650000000000000e+05
1.300660000000000000e+05
1.300670000000000000e+05
1.300680000000000000e+05
1.300690000000000000e+05
1.300700000000000000e+05
1.300710000000000000e+05
1.300720000000000000e+05
1.300730000000000000e+05
1.300740000000000000e+05
1.300750000000000000e+05
1.300760000000000000e+05
1.300770000000000000e+05
1.300780000000000000e+05
1.300790000000000000e+05
1.300800000000000000e+05
1.300810000000000000e+05
1.300820000000000000e+05
1.300830000000000000e+05
1.300840000000000000e+05
1.300850000000000000e+05
1.300860000000000000e+05
1.300870000000000000e+05
1.300880000000000000e+05
1.300890000000000000e+05
1.300900000000000000e+05
1.300910000000000000e+05
1.300920000000000000e+05
1.300930000000000000e+05
1.300940000000000000e+05
1.300950000000000000e+05
1.300960000000000000e+05
1.300970000000000000e+05
1.300980000000000000e+05
1.300990000000000000e+05
1.301000000000000000e+05
1.301010000000000000e+05
1.301020000000000000e+05
1.301030000000000000e+05
1.301040000000000000e+05
1.301050000000000000e+05
1.301060000000000000e+05
1.301070000000000000e+05
1.301080000000000000e+05
1.301090000000000000e+05
1.301100000000000000e+05
1.301110000000000000e+05
1.301120000000000000e+05
1.301130000000000000e+05
1.301140000000000000e+05
1.301150000000000000e+05
1.301160000000000000e+05
1.301170000000000000e+05
1.301180000000000000e+05
1.301190000000000000e+05
1.301200000000000000e+05
1.301210000000000000e+05
1.301220000000000000e+05
1.301230000000000000e+05
1.301240000000000000e+05
1.301250000000000000e+05
1.301260000000000000e+05
1.301270000000000000e+05
1.301280000000000000e+05
1.301290000000000000e+05
1.301300000000000000e+05
1.301310000000000000e+05
1.301320000000000000e+05
1.301330000000000000e+05
1.301340000000000000e+05
1.301350000000000000e+05
1.301360000000000000e+05
1.301370000000000000e+05
1.301380000000000000e+05
1.301390000000000000e+05
1.301400000000000000e+05
1.301410000000000000e+05
1.301420000000000000e+05
1.301430000000000000e+05
1.301440000000000000e+05
1.301450000000000000e+05
1.301460000000000000e+05
1.301470000000000000e+05
1.301480000000000000e+05
1.301490000000000000e+05
1.301500000000000000e+05
1.301510000000000000e+05
1.301520000000000000e+05
1.301530000000000000e+05
1.301540000000000000e+05
1.301550000000000000e+05
1.301560000000000000e+05
1.301570000000000000e+05
1.301580000000000000e+05
1.301590000000000000e+05
