3.203000000000000000e+03
3.338000000000000000e+03
4.511000000000000000e+03
5.133000000000000000e+03
5.134000000000000000e+03
5.135000000000000000e+03
5.136000000000000000e+03
5.137000000000000000e+03
5.138000000000000000e+03
5.139000000000000000e+03
5.140000000000000000e+03
5.141000000000000000e+03
5.142000000000000000e+03
5.143000000000000000e+03
5.144000000000000000e+03
5.145000000000000000e+03
5.146000000000000000e+03
5.147000000000000000e+03
5.148000000000000000e+03
5.149000000000000000e+03
5.150000000000000000e+03
5.151000000000000000e+03
5.152000000000000000e+03
5.155000000000000000e+03
5.156000000000000000e+03
5.157000000000000000e+03
5.158000000000000000e+03
5.159000000000000000e+03
5.160000000000000000e+03
6.282000000000000000e+03
6.286000000000000000e+03
6.288000000000000000e+03
6.290000000000000000e+03
6.303000000000000000e+03
6.473000000000000000e+03
6.474000000000000000e+03
6.475000000000000000e+03
6.476000000000000000e+03
6.477000000000000000e+03
6.478000000000000000e+03
6.479000000000000000e+03
6.480000000000000000e+03
6.481000000000000000e+03
6.482000000000000000e+03
6.483000000000000000e+03
6.484000000000000000e+03
6.485000000000000000e+03
6.486000000000000000e+03
6.487000000000000000e+03
6.488000000000000000e+03
6.490000000000000000e+03
6.491000000000000000e+03
6.492000000000000000e+03
6.494000000000000000e+03
6.495000000000000000e+03
6.496000000000000000e+03
6.497000000000000000e+03
6.498000000000000000e+03
6.499000000000000000e+03
6.500000000000000000e+03
6.509000000000000000e+03
7.521000000000000000e+03
7.524000000000000000e+03
7.765000000000000000e+03
7.767000000000000000e+03
8.785000000000000000e+03
8.787000000000000000e+03
8.789000000000000000e+03
8.791000000000000000e+03
8.793000000000000000e+03
8.794000000000000000e+03
8.795000000000000000e+03
