8.494500000000000000e+04
8.494600000000000000e+04
8.494900000000000000e+04
8.495000000000000000e+04
8.495300000000000000e+04
8.495400000000000000e+04
8.495500000000000000e+04
8.495600000000000000e+04
8.495700000000000000e+04
8.681700000000000000e+04
8.681800000000000000e+04
8.753100000000000000e+04
8.883400000000000000e+04
8.883500000000000000e+04
8.883600000000000000e+04
8.883700000000000000e+04
8.883800000000000000e+04
8.883900000000000000e+04
8.884000000000000000e+04
8.884100000000000000e+04
8.884200000000000000e+04
8.884300000000000000e+04
8.884400000000000000e+04
8.884500000000000000e+04
8.884600000000000000e+04
8.884700000000000000e+04
8.884800000000000000e+04
8.884900000000000000e+04
8.885000000000000000e+04
8.885100000000000000e+04
8.885200000000000000e+04
8.885300000000000000e+04
8.885400000000000000e+04
8.885500000000000000e+04
8.885600000000000000e+04
8.885700000000000000e+04
8.885800000000000000e+04
8.885900000000000000e+04
8.886000000000000000e+04
8.886100000000000000e+04
8.886200000000000000e+04
8.886500000000000000e+04
8.886600000000000000e+04
9.127300000000000000e+04
9.127400000000000000e+04
9.127500000000000000e+04
9.127600000000000000e+04
9.127700000000000000e+04
9.127800000000000000e+04
9.127900000000000000e+04
9.128000000000000000e+04
9.128100000000000000e+04
9.128200000000000000e+04
9.128300000000000000e+04
9.128400000000000000e+04
9.128500000000000000e+04
9.128600000000000000e+04
9.128700000000000000e+04
9.128900000000000000e+04
9.129000000000000000e+04
9.129300000000000000e+04
9.129400000000000000e+04
9.190700000000000000e+04
9.190900000000000000e+04
9.191000000000000000e+04
9.191100000000000000e+04
9.191200000000000000e+04
9.191300000000000000e+04
9.191400000000000000e+04
9.191500000000000000e+04
9.191600000000000000e+04
9.191700000000000000e+04
9.191800000000000000e+04
9.191900000000000000e+04
9.192000000000000000e+04
9.192100000000000000e+04
9.192200000000000000e+04
9.192300000000000000e+04
9.192400000000000000e+04
9.192500000000000000e+04
9.192600000000000000e+04
9.192700000000000000e+04
9.192800000000000000e+04
9.192900000000000000e+04
9.193000000000000000e+04
9.193100000000000000e+04
9.193400000000000000e+04
9.193500000000000000e+04
1.074410000000000000e+05
1.074440000000000000e+05
1.074450000000000000e+05
1.074460000000000000e+05
1.074470000000000000e+05
1.074480000000000000e+05
1.074490000000000000e+05
1.074500000000000000e+05
1.074510000000000000e+05
1.074520000000000000e+05
1.074530000000000000e+05
1.074540000000000000e+05
1.074550000000000000e+05
1.074560000000000000e+05
1.074570000000000000e+05
1.074580000000000000e+05
1.074590000000000000e+05
1.074600000000000000e+05
1.074610000000000000e+05
1.074620000000000000e+05
1.074630000000000000e+05
1.074640000000000000e+05
1.074650000000000000e+05
1.074660000000000000e+05
1.074670000000000000e+05
1.074680000000000000e+05
1.074690000000000000e+05
1.074700000000000000e+05
1.074710000000000000e+05
1.074720000000000000e+05
1.074730000000000000e+05
1.074740000000000000e+05
1.074760000000000000e+05
1.074770000000000000e+05
1.074800000000000000e+05
1.076710000000000000e+05
1.076720000000000000e+05
1.076730000000000000e+05
1.076740000000000000e+05
1.076750000000000000e+05
1.076760000000000000e+05
1.076770000000000000e+05
1.076780000000000000e+05
1.076790000000000000e+05
1.076800000000000000e+05
1.076810000000000000e+05
1.076820000000000000e+05
1.076830000000000000e+05
1.076840000000000000e+05
1.076850000000000000e+05
1.076860000000000000e+05
1.076870000000000000e+05
1.076880000000000000e+05
1.076890000000000000e+05
1.076900000000000000e+05
1.076910000000000000e+05
1.076920000000000000e+05
1.076930000000000000e+05
1.076940000000000000e+05
1.076950000000000000e+05
1.076960000000000000e+05
1.076970000000000000e+05
1.076980000000000000e+05
1.076990000000000000e+05
1.077000000000000000e+05
1.077010000000000000e+05
1.077020000000000000e+05
1.077030000000000000e+05
1.077040000000000000e+05
1.077050000000000000e+05
1.077060000000000000e+05
1.077070000000000000e+05
1.077080000000000000e+05
1.077090000000000000e+05
1.077100000000000000e+05
1.077110000000000000e+05
1.077120000000000000e+05
1.077130000000000000e+05
1.077140000000000000e+05
1.077150000000000000e+05
1.077160000000000000e+05
1.077170000000000000e+05
1.077180000000000000e+05
1.077190000000000000e+05
1.077200000000000000e+05
1.079160000000000000e+05
1.079170000000000000e+05
1.079200000000000000e+05
1.079210000000000000e+05
1.079240000000000000e+05
1.079250000000000000e+05
1.079260000000000000e+05
1.079270000000000000e+05
1.079280000000000000e+05
1.079290000000000000e+05
1.079300000000000000e+05
1.079310000000000000e+05
1.079320000000000000e+05
1.079330000000000000e+05
1.079340000000000000e+05
1.079350000000000000e+05
1.079360000000000000e+05
1.079370000000000000e+05
1.079380000000000000e+05
1.079390000000000000e+05
1.079400000000000000e+05
1.079410000000000000e+05
1.079420000000000000e+05
1.079430000000000000e+05
1.079440000000000000e+05
1.079450000000000000e+05
1.079460000000000000e+05
1.079470000000000000e+05
1.079480000000000000e+05
1.079490000000000000e+05
1.079500000000000000e+05
1.079510000000000000e+05
1.079520000000000000e+05
1.079530000000000000e+05
1.079540000000000000e+05
1.079550000000000000e+05
1.079560000000000000e+05
1.079570000000000000e+05
1.079580000000000000e+05
1.079590000000000000e+05
1.079600000000000000e+05
1.079610000000000000e+05
1.079620000000000000e+05
1.079630000000000000e+05
1.079640000000000000e+05
1.079650000000000000e+05
1.079660000000000000e+05
1.079670000000000000e+05
1.079680000000000000e+05
1.079690000000000000e+05
1.079710000000000000e+05
1.079720000000000000e+05
1.082850000000000000e+05
1.082890000000000000e+05
1.082930000000000000e+05
1.082960000000000000e+05
1.082970000000000000e+05
1.083000000000000000e+05
1.083010000000000000e+05
1.083020000000000000e+05
1.083040000000000000e+05
1.083050000000000000e+05
1.150740000000000000e+05
1.150770000000000000e+05
1.150780000000000000e+05
1.150790000000000000e+05
1.150800000000000000e+05
1.150810000000000000e+05
1.150820000000000000e+05
1.150830000000000000e+05
1.150840000000000000e+05
1.150850000000000000e+05
1.150860000000000000e+05
1.150880000000000000e+05
1.150890000000000000e+05
1.150900000000000000e+05
1.150930000000000000e+05
1.150940000000000000e+05
1.150970000000000000e+05
1.150980000000000000e+05
