1.759100000000000000e+04
1.759500000000000000e+04
1.759900000000000000e+04
1.760300000000000000e+04
1.760700000000000000e+04
1.761000000000000000e+04
1.761100000000000000e+04
1.761400000000000000e+04
1.761500000000000000e+04
1.761800000000000000e+04
1.761900000000000000e+04
1.762200000000000000e+04
1.762300000000000000e+04
1.762600000000000000e+04
1.762700000000000000e+04
1.762900000000000000e+04
2.085600000000000000e+04
2.085700000000000000e+04
2.085800000000000000e+04
2.085900000000000000e+04
2.086000000000000000e+04
2.086100000000000000e+04
2.086200000000000000e+04
2.086300000000000000e+04
2.086400000000000000e+04
2.086500000000000000e+04
2.086600000000000000e+04
2.086700000000000000e+04
2.086800000000000000e+04
2.086900000000000000e+04
2.087000000000000000e+04
2.087100000000000000e+04
2.087200000000000000e+04
2.087300000000000000e+04
2.087400000000000000e+04
2.087500000000000000e+04
2.087600000000000000e+04
2.087700000000000000e+04
2.087800000000000000e+04
2.087900000000000000e+04
2.088000000000000000e+04
2.088100000000000000e+04
2.088200000000000000e+04
2.088300000000000000e+04
2.088400000000000000e+04
2.088500000000000000e+04
2.088600000000000000e+04
2.088700000000000000e+04
2.088800000000000000e+04
2.088900000000000000e+04
2.089000000000000000e+04
2.089100000000000000e+04
2.089200000000000000e+04
2.089300000000000000e+04
2.089400000000000000e+04
2.089500000000000000e+04
2.089600000000000000e+04
2.089700000000000000e+04
2.089800000000000000e+04
2.089900000000000000e+04
2.090000000000000000e+04
2.090100000000000000e+04
2.090200000000000000e+04
2.090300000000000000e+04
2.090400000000000000e+04
2.090500000000000000e+04
2.090600000000000000e+04
2.090700000000000000e+04
2.090800000000000000e+04
2.090900000000000000e+04
2.091000000000000000e+04
2.091200000000000000e+04
2.091300000000000000e+04
2.091400000000000000e+04
2.091500000000000000e+04
2.091600000000000000e+04
2.091700000000000000e+04
2.091800000000000000e+04
2.091900000000000000e+04
2.092000000000000000e+04
2.092100000000000000e+04
2.092200000000000000e+04
2.682500000000000000e+04
2.682900000000000000e+04
2.683300000000000000e+04
2.683700000000000000e+04
2.684000000000000000e+04
2.684100000000000000e+04
2.684300000000000000e+04
2.684400000000000000e+04
2.684500000000000000e+04
2.684700000000000000e+04
2.684800000000000000e+04
2.684900000000000000e+04
2.685100000000000000e+04
2.685200000000000000e+04
2.685300000000000000e+04
2.685500000000000000e+04
2.685600000000000000e+04
2.685700000000000000e+04
2.685900000000000000e+04
2.686000000000000000e+04
2.686100000000000000e+04
2.686300000000000000e+04
2.686400000000000000e+04
2.686500000000000000e+04
2.686800000000000000e+04
2.686900000000000000e+04
2.687200000000000000e+04
2.687300000000000000e+04
2.687700000000000000e+04
3.409800000000000000e+04
3.410200000000000000e+04
3.410600000000000000e+04
3.411000000000000000e+04
3.608700000000000000e+04
3.609100000000000000e+04
3.802000000000000000e+04
3.802200000000000000e+04
