2.893900000000000000e+04
2.894100000000000000e+04
2.894200000000000000e+04
2.894300000000000000e+04
2.894400000000000000e+04
2.894500000000000000e+04
2.894600000000000000e+04
2.894700000000000000e+04
2.894800000000000000e+04
2.894900000000000000e+04
2.895000000000000000e+04
2.895100000000000000e+04
2.895200000000000000e+04
2.895300000000000000e+04
2.895400000000000000e+04
2.978300000000000000e+04
2.978400000000000000e+04
2.978500000000000000e+04
2.978600000000000000e+04
2.978700000000000000e+04
2.978800000000000000e+04
2.978900000000000000e+04
2.979000000000000000e+04
2.979100000000000000e+04
2.979200000000000000e+04
2.979300000000000000e+04
2.979400000000000000e+04
2.979500000000000000e+04
2.979600000000000000e+04
2.979700000000000000e+04
2.979800000000000000e+04
2.979900000000000000e+04
2.998800000000000000e+04
2.998900000000000000e+04
2.999000000000000000e+04
2.999100000000000000e+04
2.999200000000000000e+04
2.999300000000000000e+04
2.999400000000000000e+04
2.999500000000000000e+04
2.999600000000000000e+04
2.999700000000000000e+04
2.999800000000000000e+04
2.999900000000000000e+04
3.000000000000000000e+04
3.000100000000000000e+04
3.000200000000000000e+04
3.000300000000000000e+04
3.000400000000000000e+04
3.000500000000000000e+04
3.000600000000000000e+04
3.000700000000000000e+04
3.020700000000000000e+04
5.217100000000000000e+04
5.217200000000000000e+04
5.217300000000000000e+04
5.217400000000000000e+04
5.217500000000000000e+04
5.217600000000000000e+04
5.217700000000000000e+04
5.217800000000000000e+04
5.217900000000000000e+04
5.218000000000000000e+04
5.218100000000000000e+04
5.218200000000000000e+04
5.218300000000000000e+04
5.218400000000000000e+04
5.218500000000000000e+04
5.218600000000000000e+04
5.218700000000000000e+04
5.218800000000000000e+04
5.218900000000000000e+04
5.219000000000000000e+04
5.219100000000000000e+04
5.219200000000000000e+04
5.219300000000000000e+04
5.219400000000000000e+04
5.219500000000000000e+04
5.219600000000000000e+04
5.219700000000000000e+04
5.219800000000000000e+04
5.219900000000000000e+04
5.220000000000000000e+04
5.220100000000000000e+04
5.220200000000000000e+04
5.220300000000000000e+04
5.220400000000000000e+04
5.220500000000000000e+04
5.220600000000000000e+04
5.220700000000000000e+04
5.220800000000000000e+04
5.220900000000000000e+04
5.221000000000000000e+04
5.221100000000000000e+04
5.221200000000000000e+04
5.221300000000000000e+04
5.221400000000000000e+04
5.221500000000000000e+04
5.221600000000000000e+04
5.221700000000000000e+04
5.221800000000000000e+04
5.221900000000000000e+04
5.222000000000000000e+04
5.222100000000000000e+04
5.222200000000000000e+04
5.222300000000000000e+04
5.222400000000000000e+04
5.222500000000000000e+04
5.222600000000000000e+04
5.222700000000000000e+04
5.222800000000000000e+04
5.222900000000000000e+04
5.223000000000000000e+04
5.223100000000000000e+04
5.223200000000000000e+04
5.223300000000000000e+04
5.223400000000000000e+04
5.223500000000000000e+04
5.223600000000000000e+04
5.223700000000000000e+04
5.223800000000000000e+04
5.223900000000000000e+04
5.224000000000000000e+04
5.224100000000000000e+04
5.224200000000000000e+04
5.224300000000000000e+04
5.224400000000000000e+04
5.224500000000000000e+04
5.224600000000000000e+04
5.224700000000000000e+04
5.224800000000000000e+04
5.224900000000000000e+04
5.225000000000000000e+04
5.225100000000000000e+04
5.225200000000000000e+04
5.225300000000000000e+04
5.225400000000000000e+04
5.225500000000000000e+04
5.225600000000000000e+04
5.225700000000000000e+04
5.225800000000000000e+04
5.225900000000000000e+04
5.226000000000000000e+04
5.226100000000000000e+04
5.226200000000000000e+04
5.226300000000000000e+04
5.226400000000000000e+04
5.226500000000000000e+04
5.226600000000000000e+04
5.226700000000000000e+04
5.226800000000000000e+04
5.226900000000000000e+04
5.227000000000000000e+04
5.227100000000000000e+04
5.227200000000000000e+04
5.227300000000000000e+04
5.227400000000000000e+04
5.227500000000000000e+04
5.227600000000000000e+04
5.227700000000000000e+04
5.227800000000000000e+04
5.227900000000000000e+04
5.228000000000000000e+04
5.228100000000000000e+04
5.228200000000000000e+04
5.228300000000000000e+04
5.228400000000000000e+04
5.228500000000000000e+04
5.228600000000000000e+04
5.228700000000000000e+04
5.228800000000000000e+04
5.228900000000000000e+04
5.229000000000000000e+04
5.229100000000000000e+04
5.229200000000000000e+04
5.229300000000000000e+04
5.229400000000000000e+04
5.229500000000000000e+04
5.229600000000000000e+04
5.229700000000000000e+04
5.229800000000000000e+04
5.229900000000000000e+04
5.230000000000000000e+04
5.230100000000000000e+04
5.230200000000000000e+04
5.230300000000000000e+04
5.230400000000000000e+04
5.230500000000000000e+04
5.230600000000000000e+04
5.230700000000000000e+04
5.230800000000000000e+04
5.230900000000000000e+04
5.231000000000000000e+04
5.231100000000000000e+04
5.231200000000000000e+04
5.231300000000000000e+04
5.231400000000000000e+04
5.231500000000000000e+04
5.231600000000000000e+04
5.231700000000000000e+04
5.231800000000000000e+04
5.231900000000000000e+04
5.232000000000000000e+04
5.232100000000000000e+04
5.232200000000000000e+04
5.232300000000000000e+04
5.232400000000000000e+04
5.232500000000000000e+04
5.232600000000000000e+04
5.232700000000000000e+04
5.232800000000000000e+04
5.232900000000000000e+04
5.233000000000000000e+04
5.233100000000000000e+04
5.233200000000000000e+04
5.233300000000000000e+04
5.233400000000000000e+04
5.233500000000000000e+04
5.233600000000000000e+04
5.233700000000000000e+04
5.233800000000000000e+04
5.233900000000000000e+04
5.234000000000000000e+04
5.234100000000000000e+04
5.234200000000000000e+04
5.234300000000000000e+04
5.234400000000000000e+04
5.234500000000000000e+04
5.234600000000000000e+04
5.234700000000000000e+04
5.234800000000000000e+04
5.234900000000000000e+04
5.235000000000000000e+04
5.235100000000000000e+04
5.235200000000000000e+04
5.235300000000000000e+04
5.235400000000000000e+04
5.235500000000000000e+04
5.235600000000000000e+04
5.235700000000000000e+04
5.235800000000000000e+04
5.235900000000000000e+04
5.236000000000000000e+04
5.236100000000000000e+04
5.236200000000000000e+04
5.236300000000000000e+04
5.236400000000000000e+04
5.236500000000000000e+04
5.236600000000000000e+04
5.236700000000000000e+04
5.236800000000000000e+04
5.236900000000000000e+04
5.237000000000000000e+04
5.237100000000000000e+04
5.237200000000000000e+04
5.237300000000000000e+04
5.237400000000000000e+04
5.237500000000000000e+04
5.237600000000000000e+04
5.237700000000000000e+04
5.237800000000000000e+04
5.237900000000000000e+04
5.238000000000000000e+04
5.238100000000000000e+04
5.238200000000000000e+04
5.238300000000000000e+04
5.238400000000000000e+04
5.238500000000000000e+04
5.238600000000000000e+04
5.238700000000000000e+04
5.238800000000000000e+04
5.238900000000000000e+04
5.239000000000000000e+04
5.239100000000000000e+04
5.239200000000000000e+04
5.239300000000000000e+04
5.239400000000000000e+04
5.239500000000000000e+04
5.239600000000000000e+04
5.239700000000000000e+04
5.239800000000000000e+04
5.239900000000000000e+04
5.240000000000000000e+04
5.240100000000000000e+04
5.240200000000000000e+04
5.240300000000000000e+04
5.240400000000000000e+04
5.240500000000000000e+04
5.240600000000000000e+04
5.240700000000000000e+04
5.240800000000000000e+04
5.240900000000000000e+04
5.241000000000000000e+04
5.241100000000000000e+04
5.241200000000000000e+04
5.241300000000000000e+04
5.241400000000000000e+04
5.241500000000000000e+04
5.241600000000000000e+04
5.241700000000000000e+04
5.241800000000000000e+04
5.241900000000000000e+04
5.242000000000000000e+04
5.242100000000000000e+04
5.242200000000000000e+04
5.242300000000000000e+04
5.242400000000000000e+04
5.242500000000000000e+04
5.242600000000000000e+04
5.242700000000000000e+04
5.242800000000000000e+04
5.242900000000000000e+04
5.243000000000000000e+04
5.243100000000000000e+04
5.243200000000000000e+04
5.243300000000000000e+04
5.243400000000000000e+04
5.243500000000000000e+04
5.243600000000000000e+04
5.243700000000000000e+04
5.243800000000000000e+04
5.243900000000000000e+04
5.244000000000000000e+04
5.244100000000000000e+04
5.244200000000000000e+04
5.244300000000000000e+04
5.244400000000000000e+04
5.244500000000000000e+04
5.244600000000000000e+04
5.244700000000000000e+04
5.244800000000000000e+04
5.244900000000000000e+04
5.245000000000000000e+04
5.245100000000000000e+04
5.245200000000000000e+04
5.245300000000000000e+04
5.245400000000000000e+04
5.245500000000000000e+04
5.245600000000000000e+04
5.245700000000000000e+04
5.245800000000000000e+04
5.245900000000000000e+04
5.246000000000000000e+04
5.246100000000000000e+04
5.246200000000000000e+04
5.246300000000000000e+04
5.246400000000000000e+04
5.246500000000000000e+04
5.246600000000000000e+04
5.246700000000000000e+04
5.269800000000000000e+04
5.269900000000000000e+04
5.270000000000000000e+04
5.270100000000000000e+04
5.270200000000000000e+04
5.270300000000000000e+04
5.270400000000000000e+04
5.270500000000000000e+04
5.270600000000000000e+04
5.270700000000000000e+04
5.270800000000000000e+04
5.288800000000000000e+04
5.289000000000000000e+04
5.289100000000000000e+04
5.289200000000000000e+04
5.289400000000000000e+04
5.289500000000000000e+04
5.289600000000000000e+04
5.289700000000000000e+04
5.289800000000000000e+04
5.289900000000000000e+04
5.290000000000000000e+04
5.290100000000000000e+04
5.290200000000000000e+04
5.290300000000000000e+04
5.290400000000000000e+04
5.290500000000000000e+04
5.290600000000000000e+04
5.290700000000000000e+04
5.290800000000000000e+04
5.290900000000000000e+04
5.291000000000000000e+04
5.291100000000000000e+04
5.291200000000000000e+04
5.291300000000000000e+04
5.291400000000000000e+04
5.291500000000000000e+04
5.291600000000000000e+04
5.291700000000000000e+04
5.291800000000000000e+04
5.291900000000000000e+04
5.292000000000000000e+04
5.292100000000000000e+04
5.292200000000000000e+04
5.292300000000000000e+04
5.292400000000000000e+04
5.292500000000000000e+04
5.292600000000000000e+04
5.292700000000000000e+04
5.292800000000000000e+04
5.292900000000000000e+04
5.293000000000000000e+04
5.293100000000000000e+04
5.293500000000000000e+04
5.293600000000000000e+04
5.293900000000000000e+04
5.294000000000000000e+04
5.294100000000000000e+04
5.294200000000000000e+04
5.294300000000000000e+04
5.294400000000000000e+04
5.294500000000000000e+04
5.294600000000000000e+04
5.294700000000000000e+04
5.294800000000000000e+04
5.294900000000000000e+04
5.295000000000000000e+04
5.295100000000000000e+04
5.295200000000000000e+04
5.295300000000000000e+04
5.295400000000000000e+04
5.295500000000000000e+04
5.295600000000000000e+04
5.295700000000000000e+04
5.295800000000000000e+04
5.295900000000000000e+04
5.296000000000000000e+04
5.296100000000000000e+04
5.296200000000000000e+04
5.296300000000000000e+04
5.296400000000000000e+04
5.296500000000000000e+04
5.296600000000000000e+04
5.296700000000000000e+04
5.296800000000000000e+04
5.296900000000000000e+04
5.297000000000000000e+04
5.297100000000000000e+04
5.297200000000000000e+04
5.297300000000000000e+04
5.297400000000000000e+04
5.297500000000000000e+04
5.297600000000000000e+04
5.297700000000000000e+04
5.297800000000000000e+04
5.297900000000000000e+04
5.298000000000000000e+04
5.298100000000000000e+04
5.298200000000000000e+04
5.298300000000000000e+04
5.298400000000000000e+04
5.298500000000000000e+04
5.298600000000000000e+04
5.298700000000000000e+04
5.298800000000000000e+04
5.298900000000000000e+04
5.299000000000000000e+04
5.299100000000000000e+04
5.299200000000000000e+04
5.299300000000000000e+04
5.299400000000000000e+04
5.299500000000000000e+04
5.299600000000000000e+04
5.299700000000000000e+04
5.299800000000000000e+04
5.299900000000000000e+04
5.300000000000000000e+04
5.300100000000000000e+04
5.300200000000000000e+04
5.300300000000000000e+04
5.300400000000000000e+04
5.300500000000000000e+04
5.300600000000000000e+04
5.300700000000000000e+04
5.300800000000000000e+04
5.300900000000000000e+04
5.301000000000000000e+04
5.301100000000000000e+04
5.301200000000000000e+04
5.301300000000000000e+04
5.301400000000000000e+04
5.301500000000000000e+04
5.301600000000000000e+04
5.301700000000000000e+04
5.301800000000000000e+04
5.301900000000000000e+04
5.302000000000000000e+04
5.302100000000000000e+04
5.302200000000000000e+04
5.302300000000000000e+04
5.302400000000000000e+04
5.302500000000000000e+04
5.302600000000000000e+04
5.302700000000000000e+04
5.302800000000000000e+04
5.302900000000000000e+04
5.303000000000000000e+04
5.303100000000000000e+04
5.303200000000000000e+04
5.303300000000000000e+04
5.303400000000000000e+04
5.303500000000000000e+04
5.303600000000000000e+04
5.303700000000000000e+04
5.303800000000000000e+04
5.303900000000000000e+04
5.304000000000000000e+04
5.304100000000000000e+04
5.304200000000000000e+04
5.304300000000000000e+04
5.304400000000000000e+04
5.304500000000000000e+04
5.304600000000000000e+04
5.304700000000000000e+04
5.304800000000000000e+04
5.304900000000000000e+04
5.305000000000000000e+04
5.305100000000000000e+04
5.305200000000000000e+04
5.305300000000000000e+04
5.305400000000000000e+04
5.305500000000000000e+04
5.305600000000000000e+04
5.305700000000000000e+04
5.305800000000000000e+04
5.305900000000000000e+04
5.306000000000000000e+04
5.306100000000000000e+04
5.306200000000000000e+04
5.306300000000000000e+04
5.306400000000000000e+04
5.306500000000000000e+04
5.306600000000000000e+04
5.306700000000000000e+04
5.306800000000000000e+04
5.306900000000000000e+04
5.307000000000000000e+04
5.307100000000000000e+04
5.307200000000000000e+04
5.307300000000000000e+04
5.307400000000000000e+04
5.307500000000000000e+04
5.307600000000000000e+04
5.307700000000000000e+04
5.307800000000000000e+04
5.307900000000000000e+04
5.308000000000000000e+04
5.308100000000000000e+04
5.308200000000000000e+04
5.308300000000000000e+04
5.308400000000000000e+04
5.308500000000000000e+04
5.308600000000000000e+04
5.308700000000000000e+04
5.308800000000000000e+04
5.308900000000000000e+04
5.309000000000000000e+04
5.309100000000000000e+04
5.309200000000000000e+04
5.309300000000000000e+04
5.309400000000000000e+04
5.309500000000000000e+04
5.309600000000000000e+04
5.309700000000000000e+04
5.309800000000000000e+04
5.309900000000000000e+04
5.310000000000000000e+04
5.310100000000000000e+04
5.310200000000000000e+04
5.310300000000000000e+04
5.310400000000000000e+04
5.310500000000000000e+04
5.310600000000000000e+04
5.310700000000000000e+04
5.310800000000000000e+04
5.310900000000000000e+04
5.311000000000000000e+04
5.311100000000000000e+04
5.311200000000000000e+04
5.311300000000000000e+04
5.311400000000000000e+04
5.311500000000000000e+04
5.311600000000000000e+04
5.311700000000000000e+04
5.311800000000000000e+04
5.311900000000000000e+04
5.312000000000000000e+04
5.312100000000000000e+04
5.312200000000000000e+04
5.312300000000000000e+04
5.312400000000000000e+04
5.312500000000000000e+04
5.312600000000000000e+04
5.312700000000000000e+04
5.312800000000000000e+04
5.312900000000000000e+04
5.313000000000000000e+04
5.313100000000000000e+04
5.313200000000000000e+04
5.313300000000000000e+04
5.313400000000000000e+04
5.313500000000000000e+04
5.313600000000000000e+04
5.313700000000000000e+04
5.313800000000000000e+04
5.313900000000000000e+04
5.314000000000000000e+04
5.314100000000000000e+04
5.314200000000000000e+04
5.314300000000000000e+04
5.314400000000000000e+04
5.314500000000000000e+04
5.314600000000000000e+04
5.314700000000000000e+04
5.314800000000000000e+04
5.314900000000000000e+04
5.315000000000000000e+04
5.315100000000000000e+04
5.315200000000000000e+04
5.315300000000000000e+04
5.315400000000000000e+04
5.315500000000000000e+04
5.315600000000000000e+04
5.315700000000000000e+04
5.315800000000000000e+04
5.315900000000000000e+04
5.316000000000000000e+04
5.316100000000000000e+04
5.316200000000000000e+04
5.316300000000000000e+04
5.316400000000000000e+04
5.316500000000000000e+04
5.316600000000000000e+04
5.316700000000000000e+04
5.316800000000000000e+04
5.316900000000000000e+04
5.317000000000000000e+04
5.317100000000000000e+04
5.317200000000000000e+04
5.317300000000000000e+04
5.317400000000000000e+04
5.317500000000000000e+04
5.317600000000000000e+04
5.317700000000000000e+04
5.317800000000000000e+04
5.317900000000000000e+04
5.318000000000000000e+04
5.318100000000000000e+04
5.318200000000000000e+04
5.318300000000000000e+04
5.318400000000000000e+04
5.318500000000000000e+04
5.318600000000000000e+04
5.318700000000000000e+04
5.318800000000000000e+04
5.318900000000000000e+04
5.319000000000000000e+04
5.319100000000000000e+04
5.319200000000000000e+04
5.319400000000000000e+04
5.319800000000000000e+04
5.320200000000000000e+04
5.320600000000000000e+04
5.321000000000000000e+04
5.332700000000000000e+04
5.332800000000000000e+04
5.332900000000000000e+04
5.333000000000000000e+04
5.333100000000000000e+04
5.333200000000000000e+04
5.333300000000000000e+04
5.333400000000000000e+04
5.333500000000000000e+04
5.333600000000000000e+04
5.333700000000000000e+04
5.333800000000000000e+04
5.333900000000000000e+04
5.334000000000000000e+04
5.334100000000000000e+04
5.334200000000000000e+04
5.334300000000000000e+04
5.334400000000000000e+04
5.334500000000000000e+04
5.334600000000000000e+04
5.334700000000000000e+04
5.334800000000000000e+04
5.334900000000000000e+04
