1.715500000000000000e+04
1.715600000000000000e+04
1.715700000000000000e+04
1.715800000000000000e+04
1.715900000000000000e+04
1.716000000000000000e+04
1.716100000000000000e+04
1.716200000000000000e+04
1.716300000000000000e+04
1.716400000000000000e+04
1.716500000000000000e+04
1.716600000000000000e+04
1.716700000000000000e+04
1.716800000000000000e+04
1.716900000000000000e+04
1.717000000000000000e+04
1.717100000000000000e+04
1.717200000000000000e+04
1.717300000000000000e+04
1.717400000000000000e+04
1.717500000000000000e+04
1.717600000000000000e+04
1.717700000000000000e+04
1.717800000000000000e+04
1.717900000000000000e+04
1.718000000000000000e+04
1.718100000000000000e+04
1.718200000000000000e+04
1.718300000000000000e+04
1.718400000000000000e+04
1.718500000000000000e+04
1.718600000000000000e+04
1.718700000000000000e+04
1.718800000000000000e+04
1.718900000000000000e+04
1.719000000000000000e+04
1.719100000000000000e+04
1.719200000000000000e+04
1.719300000000000000e+04
1.719400000000000000e+04
1.719500000000000000e+04
1.719600000000000000e+04
1.719700000000000000e+04
1.719800000000000000e+04
1.719900000000000000e+04
1.720000000000000000e+04
1.720100000000000000e+04
1.720200000000000000e+04
1.720300000000000000e+04
1.720400000000000000e+04
1.720500000000000000e+04
1.720600000000000000e+04
1.720700000000000000e+04
1.720800000000000000e+04
1.720900000000000000e+04
