5.048900000000000000e+04
5.049300000000000000e+04
5.049400000000000000e+04
5.049600000000000000e+04
5.049700000000000000e+04
5.049800000000000000e+04
5.049900000000000000e+04
5.050000000000000000e+04
5.050100000000000000e+04
5.050200000000000000e+04
5.050300000000000000e+04
5.050400000000000000e+04
5.050500000000000000e+04
5.050600000000000000e+04
5.050700000000000000e+04
5.050800000000000000e+04
5.050900000000000000e+04
5.051000000000000000e+04
5.051100000000000000e+04
5.051200000000000000e+04
5.051300000000000000e+04
5.051400000000000000e+04
5.051500000000000000e+04
5.051600000000000000e+04
5.051700000000000000e+04
5.051800000000000000e+04
5.052000000000000000e+04
5.052100000000000000e+04
5.052400000000000000e+04
5.052500000000000000e+04
5.052900000000000000e+04
5.053300000000000000e+04
5.057500000000000000e+04
5.340000000000000000e+04
5.340200000000000000e+04
5.340300000000000000e+04
5.340400000000000000e+04
5.341200000000000000e+04
5.341600000000000000e+04
5.341900000000000000e+04
5.342000000000000000e+04
5.342100000000000000e+04
5.342200000000000000e+04
5.342300000000000000e+04
5.342400000000000000e+04
5.342500000000000000e+04
5.342600000000000000e+04
5.342700000000000000e+04
5.342800000000000000e+04
5.342900000000000000e+04
5.343000000000000000e+04
5.343100000000000000e+04
5.343200000000000000e+04
5.343300000000000000e+04
5.343400000000000000e+04
5.343500000000000000e+04
5.343600000000000000e+04
5.343700000000000000e+04
5.343800000000000000e+04
5.343900000000000000e+04
5.344000000000000000e+04
5.344100000000000000e+04
5.344200000000000000e+04
5.344300000000000000e+04
5.344400000000000000e+04
5.344500000000000000e+04
5.344600000000000000e+04
5.344700000000000000e+04
5.344800000000000000e+04
5.344900000000000000e+04
5.345000000000000000e+04
5.345100000000000000e+04
5.345200000000000000e+04
5.345300000000000000e+04
5.345400000000000000e+04
5.345500000000000000e+04
5.345600000000000000e+04
5.346000000000000000e+04
5.460600000000000000e+04
5.475000000000000000e+04
5.475400000000000000e+04
5.475800000000000000e+04
5.475900000000000000e+04
5.476200000000000000e+04
5.476300000000000000e+04
5.476400000000000000e+04
5.476600000000000000e+04
5.476700000000000000e+04
5.476800000000000000e+04
5.476900000000000000e+04
5.477000000000000000e+04
5.477100000000000000e+04
5.477200000000000000e+04
5.477300000000000000e+04
5.477400000000000000e+04
5.477500000000000000e+04
5.477600000000000000e+04
5.477700000000000000e+04
5.477800000000000000e+04
5.477900000000000000e+04
5.478000000000000000e+04
5.478100000000000000e+04
5.478200000000000000e+04
5.478300000000000000e+04
5.478400000000000000e+04
5.478500000000000000e+04
5.478600000000000000e+04
5.478700000000000000e+04
5.478800000000000000e+04
5.478900000000000000e+04
5.479000000000000000e+04
5.479100000000000000e+04
5.479200000000000000e+04
5.479300000000000000e+04
5.479400000000000000e+04
5.479500000000000000e+04
5.479600000000000000e+04
5.479700000000000000e+04
5.479800000000000000e+04
5.479900000000000000e+04
5.480000000000000000e+04
5.480100000000000000e+04
5.480200000000000000e+04
5.480300000000000000e+04
5.480400000000000000e+04
5.480600000000000000e+04
5.480700000000000000e+04
5.480800000000000000e+04
5.481000000000000000e+04
5.481100000000000000e+04
5.989400000000000000e+04
5.989500000000000000e+04
5.989700000000000000e+04
5.989800000000000000e+04
5.989900000000000000e+04
5.990000000000000000e+04
5.990100000000000000e+04
5.990200000000000000e+04
5.990300000000000000e+04
5.990400000000000000e+04
5.990500000000000000e+04
5.990600000000000000e+04
5.990700000000000000e+04
5.990800000000000000e+04
5.990900000000000000e+04
5.991000000000000000e+04
5.991100000000000000e+04
5.991200000000000000e+04
5.991300000000000000e+04
5.991400000000000000e+04
5.991500000000000000e+04
5.991600000000000000e+04
5.991700000000000000e+04
5.991800000000000000e+04
5.991900000000000000e+04
5.992000000000000000e+04
5.992100000000000000e+04
5.992200000000000000e+04
5.992300000000000000e+04
5.992400000000000000e+04
5.992500000000000000e+04
5.992600000000000000e+04
5.992700000000000000e+04
5.992800000000000000e+04
5.992900000000000000e+04
5.993000000000000000e+04
5.993100000000000000e+04
5.993200000000000000e+04
5.993300000000000000e+04
5.993400000000000000e+04
5.993500000000000000e+04
5.993600000000000000e+04
5.993700000000000000e+04
5.993800000000000000e+04
5.993900000000000000e+04
5.994000000000000000e+04
5.994100000000000000e+04
5.994200000000000000e+04
5.994300000000000000e+04
5.994400000000000000e+04
5.994500000000000000e+04
5.994600000000000000e+04
5.994700000000000000e+04
5.994800000000000000e+04
5.994900000000000000e+04
5.995000000000000000e+04
5.995100000000000000e+04
5.995200000000000000e+04
5.995300000000000000e+04
5.995400000000000000e+04
5.995500000000000000e+04
5.995600000000000000e+04
5.995700000000000000e+04
5.995800000000000000e+04
5.995900000000000000e+04
5.996000000000000000e+04
5.996100000000000000e+04
5.996200000000000000e+04
5.996300000000000000e+04
5.996400000000000000e+04
5.996500000000000000e+04
5.996600000000000000e+04
5.996700000000000000e+04
5.996800000000000000e+04
5.996900000000000000e+04
5.997000000000000000e+04
5.997100000000000000e+04
5.997200000000000000e+04
5.997300000000000000e+04
5.997400000000000000e+04
5.997500000000000000e+04
5.997600000000000000e+04
5.997700000000000000e+04
5.997800000000000000e+04
5.997900000000000000e+04
5.998000000000000000e+04
5.998100000000000000e+04
5.998200000000000000e+04
5.998300000000000000e+04
5.998400000000000000e+04
5.998500000000000000e+04
5.998600000000000000e+04
5.998700000000000000e+04
5.998800000000000000e+04
5.998900000000000000e+04
5.999000000000000000e+04
5.999100000000000000e+04
5.999200000000000000e+04
5.999300000000000000e+04
5.999400000000000000e+04
5.999500000000000000e+04
5.999600000000000000e+04
5.999700000000000000e+04
5.999800000000000000e+04
5.999900000000000000e+04
6.000000000000000000e+04
6.000100000000000000e+04
6.000200000000000000e+04
6.000300000000000000e+04
6.000400000000000000e+04
6.000500000000000000e+04
6.000600000000000000e+04
6.000700000000000000e+04
6.000800000000000000e+04
6.000900000000000000e+04
6.001000000000000000e+04
6.001100000000000000e+04
6.001200000000000000e+04
6.001300000000000000e+04
6.001400000000000000e+04
6.001500000000000000e+04
6.001600000000000000e+04
6.001700000000000000e+04
6.001800000000000000e+04
6.001900000000000000e+04
6.002000000000000000e+04
6.002100000000000000e+04
6.002200000000000000e+04
6.002300000000000000e+04
6.002400000000000000e+04
6.002500000000000000e+04
6.002600000000000000e+04
6.002700000000000000e+04
6.002800000000000000e+04
6.002900000000000000e+04
6.003000000000000000e+04
6.003100000000000000e+04
6.003200000000000000e+04
6.003300000000000000e+04
6.003400000000000000e+04
6.003500000000000000e+04
6.003600000000000000e+04
6.003700000000000000e+04
6.003800000000000000e+04
6.003900000000000000e+04
6.004000000000000000e+04
6.004100000000000000e+04
6.004200000000000000e+04
6.004300000000000000e+04
6.004400000000000000e+04
6.004500000000000000e+04
6.004600000000000000e+04
6.004700000000000000e+04
6.004800000000000000e+04
6.004900000000000000e+04
6.005000000000000000e+04
6.005100000000000000e+04
6.005200000000000000e+04
6.005300000000000000e+04
6.005400000000000000e+04
6.005500000000000000e+04
6.005600000000000000e+04
6.005700000000000000e+04
6.005800000000000000e+04
6.005900000000000000e+04
6.006000000000000000e+04
6.006100000000000000e+04
6.006200000000000000e+04
6.006300000000000000e+04
6.006400000000000000e+04
6.006500000000000000e+04
6.006600000000000000e+04
6.006700000000000000e+04
6.006800000000000000e+04
6.006900000000000000e+04
6.007000000000000000e+04
6.007100000000000000e+04
6.007200000000000000e+04
6.007300000000000000e+04
6.007400000000000000e+04
6.007500000000000000e+04
6.007600000000000000e+04
6.007700000000000000e+04
6.007800000000000000e+04
6.007900000000000000e+04
6.008000000000000000e+04
6.008100000000000000e+04
6.008200000000000000e+04
6.008300000000000000e+04
6.008400000000000000e+04
6.008500000000000000e+04
6.008600000000000000e+04
6.008700000000000000e+04
6.008800000000000000e+04
6.008900000000000000e+04
6.009000000000000000e+04
6.009100000000000000e+04
6.009200000000000000e+04
6.009300000000000000e+04
6.009400000000000000e+04
6.009500000000000000e+04
6.009600000000000000e+04
6.009700000000000000e+04
6.009800000000000000e+04
6.009900000000000000e+04
6.010000000000000000e+04
6.010100000000000000e+04
6.010200000000000000e+04
6.010300000000000000e+04
6.010400000000000000e+04
6.010500000000000000e+04
6.010600000000000000e+04
6.010700000000000000e+04
6.010800000000000000e+04
6.010900000000000000e+04
6.011000000000000000e+04
6.011100000000000000e+04
6.011200000000000000e+04
6.011300000000000000e+04
6.011400000000000000e+04
6.011500000000000000e+04
6.011600000000000000e+04
6.011700000000000000e+04
6.011800000000000000e+04
6.011900000000000000e+04
6.012000000000000000e+04
6.012100000000000000e+04
6.012200000000000000e+04
6.012300000000000000e+04
6.012400000000000000e+04
6.012500000000000000e+04
6.012600000000000000e+04
6.012700000000000000e+04
6.012800000000000000e+04
6.012900000000000000e+04
6.013000000000000000e+04
6.013100000000000000e+04
6.013200000000000000e+04
6.013300000000000000e+04
6.013400000000000000e+04
6.013500000000000000e+04
6.013600000000000000e+04
6.013700000000000000e+04
6.013800000000000000e+04
6.013900000000000000e+04
6.014000000000000000e+04
6.014100000000000000e+04
6.014200000000000000e+04
6.014300000000000000e+04
6.014400000000000000e+04
6.014500000000000000e+04
6.014600000000000000e+04
6.014700000000000000e+04
6.014800000000000000e+04
6.014900000000000000e+04
6.015000000000000000e+04
6.015100000000000000e+04
6.015200000000000000e+04
6.015300000000000000e+04
6.015400000000000000e+04
6.015500000000000000e+04
6.015600000000000000e+04
6.015700000000000000e+04
6.015800000000000000e+04
6.015900000000000000e+04
6.016000000000000000e+04
6.016100000000000000e+04
6.016200000000000000e+04
6.016300000000000000e+04
6.016400000000000000e+04
6.016500000000000000e+04
6.016600000000000000e+04
6.016700000000000000e+04
6.016800000000000000e+04
6.016900000000000000e+04
6.017000000000000000e+04
6.017100000000000000e+04
6.017200000000000000e+04
6.017300000000000000e+04
6.017400000000000000e+04
6.017500000000000000e+04
6.017600000000000000e+04
6.017700000000000000e+04
6.017800000000000000e+04
6.017900000000000000e+04
6.018000000000000000e+04
6.018100000000000000e+04
6.018200000000000000e+04
6.018300000000000000e+04
6.018400000000000000e+04
6.018500000000000000e+04
6.018600000000000000e+04
6.018700000000000000e+04
6.018800000000000000e+04
6.018900000000000000e+04
6.019000000000000000e+04
6.019100000000000000e+04
6.019200000000000000e+04
6.019300000000000000e+04
6.019400000000000000e+04
6.019500000000000000e+04
6.019600000000000000e+04
6.019700000000000000e+04
6.019800000000000000e+04
6.019900000000000000e+04
6.020000000000000000e+04
6.020100000000000000e+04
6.020200000000000000e+04
6.020300000000000000e+04
6.020400000000000000e+04
6.020500000000000000e+04
6.020600000000000000e+04
6.020700000000000000e+04
6.020800000000000000e+04
6.020900000000000000e+04
6.021000000000000000e+04
6.021100000000000000e+04
6.021200000000000000e+04
6.021400000000000000e+04
