5.516000000000000000e+03
5.518000000000000000e+03
5.519000000000000000e+03
5.520000000000000000e+03
5.521000000000000000e+03
5.522000000000000000e+03
5.523000000000000000e+03
5.524000000000000000e+03
5.525000000000000000e+03
5.526000000000000000e+03
5.527000000000000000e+03
5.528000000000000000e+03
5.529000000000000000e+03
5.530000000000000000e+03
5.531000000000000000e+03
5.532000000000000000e+03
5.533000000000000000e+03
5.534000000000000000e+03
5.535000000000000000e+03
5.536000000000000000e+03
5.537000000000000000e+03
5.538000000000000000e+03
5.539000000000000000e+03
5.540000000000000000e+03
5.541000000000000000e+03
5.542000000000000000e+03
5.543000000000000000e+03
5.544000000000000000e+03
5.545000000000000000e+03
5.546000000000000000e+03
5.547000000000000000e+03
