2.658600000000000000e+04
2.659100000000000000e+04
2.659500000000000000e+04
2.659800000000000000e+04
2.659900000000000000e+04
2.660200000000000000e+04
2.660300000000000000e+04
2.660600000000000000e+04
2.660700000000000000e+04
2.661000000000000000e+04
2.661100000000000000e+04
2.661400000000000000e+04
2.661500000000000000e+04
2.661800000000000000e+04
2.661900000000000000e+04
2.662200000000000000e+04
2.662300000000000000e+04
2.662600000000000000e+04
2.662700000000000000e+04
2.663000000000000000e+04
2.663100000000000000e+04
2.663400000000000000e+04
2.663500000000000000e+04
2.663800000000000000e+04
2.663900000000000000e+04
2.664200000000000000e+04
2.664300000000000000e+04
2.664600000000000000e+04
2.664700000000000000e+04
3.174600000000000000e+04
