1.001660000000000000e+05
1.001670000000000000e+05
1.001680000000000000e+05
1.001690000000000000e+05
1.001700000000000000e+05
1.001710000000000000e+05
1.001720000000000000e+05
1.001730000000000000e+05
1.001740000000000000e+05
1.001750000000000000e+05
1.001760000000000000e+05
1.001770000000000000e+05
1.001780000000000000e+05
1.001790000000000000e+05
1.001800000000000000e+05
1.001810000000000000e+05
1.001820000000000000e+05
1.001830000000000000e+05
1.001840000000000000e+05
1.001850000000000000e+05
1.001860000000000000e+05
1.001870000000000000e+05
1.001880000000000000e+05
1.001890000000000000e+05
1.001900000000000000e+05
1.001910000000000000e+05
1.001920000000000000e+05
1.001930000000000000e+05
1.001940000000000000e+05
1.001950000000000000e+05
1.001960000000000000e+05
1.001970000000000000e+05
1.001980000000000000e+05
1.001990000000000000e+05
1.002000000000000000e+05
1.002010000000000000e+05
1.002020000000000000e+05
1.002030000000000000e+05
1.002040000000000000e+05
1.002050000000000000e+05
1.002060000000000000e+05
1.002070000000000000e+05
1.002080000000000000e+05
1.002090000000000000e+05
1.002100000000000000e+05
1.002110000000000000e+05
1.002120000000000000e+05
1.002130000000000000e+05
1.002140000000000000e+05
1.002150000000000000e+05
1.002160000000000000e+05
1.002170000000000000e+05
1.002180000000000000e+05
1.002190000000000000e+05
1.002200000000000000e+05
1.002210000000000000e+05
1.002220000000000000e+05
1.002230000000000000e+05
1.002240000000000000e+05
1.002250000000000000e+05
1.002260000000000000e+05
1.002270000000000000e+05
1.002280000000000000e+05
1.002290000000000000e+05
1.002300000000000000e+05
1.002310000000000000e+05
1.002320000000000000e+05
1.002330000000000000e+05
1.002340000000000000e+05
1.002350000000000000e+05
1.002360000000000000e+05
1.002370000000000000e+05
1.002380000000000000e+05
1.002390000000000000e+05
1.002400000000000000e+05
1.002410000000000000e+05
1.002420000000000000e+05
1.002430000000000000e+05
1.002440000000000000e+05
1.002450000000000000e+05
1.002460000000000000e+05
1.002470000000000000e+05
1.002480000000000000e+05
1.002490000000000000e+05
1.002500000000000000e+05
1.002510000000000000e+05
1.002520000000000000e+05
1.002530000000000000e+05
1.002540000000000000e+05
1.002550000000000000e+05
1.002560000000000000e+05
1.002570000000000000e+05
1.002580000000000000e+05
1.002590000000000000e+05
1.002600000000000000e+05
1.002610000000000000e+05
1.002620000000000000e+05
1.002630000000000000e+05
1.002640000000000000e+05
1.002650000000000000e+05
1.002660000000000000e+05
1.002670000000000000e+05
1.002680000000000000e+05
1.002690000000000000e+05
1.002700000000000000e+05
1.002710000000000000e+05
1.002720000000000000e+05
1.002730000000000000e+05
1.002740000000000000e+05
1.002750000000000000e+05
1.002760000000000000e+05
1.364920000000000000e+05
1.364930000000000000e+05
1.364940000000000000e+05
1.364950000000000000e+05
1.364960000000000000e+05
1.364970000000000000e+05
1.364980000000000000e+05
1.364990000000000000e+05
1.366300000000000000e+05
1.366310000000000000e+05
1.366320000000000000e+05
1.366330000000000000e+05
1.366340000000000000e+05
1.366350000000000000e+05
1.366360000000000000e+05
1.366370000000000000e+05
1.366380000000000000e+05
1.366390000000000000e+05
1.366400000000000000e+05
1.366410000000000000e+05
1.366420000000000000e+05
1.366430000000000000e+05
1.366440000000000000e+05
1.366450000000000000e+05
1.366460000000000000e+05
1.366470000000000000e+05
1.366480000000000000e+05
1.366490000000000000e+05
1.366500000000000000e+05
1.366510000000000000e+05
1.366520000000000000e+05
1.366530000000000000e+05
1.366540000000000000e+05
1.366550000000000000e+05
1.366560000000000000e+05
1.366570000000000000e+05
1.366580000000000000e+05
1.366590000000000000e+05
1.366600000000000000e+05
1.366610000000000000e+05
1.366620000000000000e+05
1.366630000000000000e+05
1.366640000000000000e+05
1.366650000000000000e+05
1.366660000000000000e+05
1.366670000000000000e+05
1.366680000000000000e+05
1.366690000000000000e+05
1.367840000000000000e+05
1.367850000000000000e+05
1.367860000000000000e+05
1.367870000000000000e+05
1.367880000000000000e+05
1.367890000000000000e+05
1.367900000000000000e+05
1.367910000000000000e+05
1.367920000000000000e+05
1.367930000000000000e+05
1.367940000000000000e+05
1.367950000000000000e+05
1.367960000000000000e+05
1.367970000000000000e+05
1.367980000000000000e+05
1.367990000000000000e+05
1.368000000000000000e+05
1.368010000000000000e+05
1.368020000000000000e+05
1.368030000000000000e+05
1.368040000000000000e+05
1.368050000000000000e+05
1.368060000000000000e+05
1.369240000000000000e+05
1.369250000000000000e+05
1.369260000000000000e+05
1.369270000000000000e+05
1.369280000000000000e+05
1.369290000000000000e+05
1.369300000000000000e+05
1.369310000000000000e+05
1.369320000000000000e+05
1.369330000000000000e+05
1.369340000000000000e+05
1.369350000000000000e+05
1.369360000000000000e+05
1.369370000000000000e+05
1.369380000000000000e+05
1.369390000000000000e+05
1.369400000000000000e+05
1.369410000000000000e+05
1.369420000000000000e+05
1.369430000000000000e+05
1.369440000000000000e+05
1.369450000000000000e+05
1.369460000000000000e+05
1.369470000000000000e+05
1.369480000000000000e+05
1.369490000000000000e+05
1.369500000000000000e+05
1.369510000000000000e+05
1.369520000000000000e+05
1.369530000000000000e+05
1.369540000000000000e+05
1.369550000000000000e+05
1.369560000000000000e+05
1.369570000000000000e+05
1.369580000000000000e+05
1.369590000000000000e+05
1.369600000000000000e+05
1.369610000000000000e+05
1.369620000000000000e+05
1.369630000000000000e+05
1.369640000000000000e+05
1.369650000000000000e+05
1.369660000000000000e+05
1.369670000000000000e+05
1.369680000000000000e+05
1.369690000000000000e+05
1.369700000000000000e+05
1.369710000000000000e+05
1.369720000000000000e+05
1.369730000000000000e+05
1.369740000000000000e+05
1.369750000000000000e+05
1.369760000000000000e+05
1.369770000000000000e+05
1.369780000000000000e+05
1.369790000000000000e+05
1.369800000000000000e+05
1.369810000000000000e+05
1.369820000000000000e+05
1.369830000000000000e+05
1.369840000000000000e+05
1.369850000000000000e+05
1.369860000000000000e+05
1.369870000000000000e+05
1.369880000000000000e+05
1.369890000000000000e+05
1.369900000000000000e+05
1.369910000000000000e+05
1.369920000000000000e+05
1.369930000000000000e+05
1.369940000000000000e+05
1.369950000000000000e+05
1.369960000000000000e+05
1.369970000000000000e+05
1.369980000000000000e+05
1.369990000000000000e+05
1.370000000000000000e+05
1.370010000000000000e+05
1.370020000000000000e+05
1.370030000000000000e+05
1.370040000000000000e+05
1.370050000000000000e+05
1.370060000000000000e+05
1.370070000000000000e+05
1.370080000000000000e+05
1.370090000000000000e+05
1.370100000000000000e+05
1.370110000000000000e+05
1.370120000000000000e+05
1.370130000000000000e+05
1.370140000000000000e+05
1.370150000000000000e+05
1.370160000000000000e+05
1.370170000000000000e+05
1.370180000000000000e+05
1.370190000000000000e+05
1.370200000000000000e+05
1.370210000000000000e+05
1.370220000000000000e+05
1.370230000000000000e+05
1.370240000000000000e+05
1.370250000000000000e+05
1.370260000000000000e+05
1.370270000000000000e+05
1.370280000000000000e+05
1.370290000000000000e+05
1.370300000000000000e+05
1.370310000000000000e+05
1.370320000000000000e+05
1.370330000000000000e+05
1.370340000000000000e+05
1.370350000000000000e+05
1.370360000000000000e+05
1.370370000000000000e+05
1.370380000000000000e+05
1.370390000000000000e+05
1.370400000000000000e+05
1.370410000000000000e+05
1.370420000000000000e+05
1.370430000000000000e+05
1.370440000000000000e+05
1.370450000000000000e+05
1.370460000000000000e+05
1.370470000000000000e+05
1.370480000000000000e+05
1.370490000000000000e+05
1.370500000000000000e+05
1.370510000000000000e+05
1.370520000000000000e+05
1.370530000000000000e+05
1.370540000000000000e+05
1.370550000000000000e+05
1.370560000000000000e+05
1.370570000000000000e+05
1.370580000000000000e+05
1.370590000000000000e+05
1.370600000000000000e+05
1.370610000000000000e+05
1.370620000000000000e+05
1.370630000000000000e+05
1.370640000000000000e+05
1.370650000000000000e+05
1.370660000000000000e+05
1.370670000000000000e+05
1.370680000000000000e+05
1.370690000000000000e+05
1.370700000000000000e+05
1.370710000000000000e+05
1.370720000000000000e+05
1.370730000000000000e+05
1.370740000000000000e+05
1.370750000000000000e+05
1.370760000000000000e+05
1.370770000000000000e+05
1.370780000000000000e+05
1.370790000000000000e+05
1.370800000000000000e+05
1.370810000000000000e+05
1.370820000000000000e+05
1.370830000000000000e+05
1.370840000000000000e+05
1.370850000000000000e+05
1.370860000000000000e+05
1.370870000000000000e+05
1.370880000000000000e+05
1.370890000000000000e+05
1.370900000000000000e+05
1.370910000000000000e+05
1.370920000000000000e+05
1.370930000000000000e+05
1.370940000000000000e+05
1.370950000000000000e+05
1.370960000000000000e+05
1.370970000000000000e+05
1.370980000000000000e+05
1.370990000000000000e+05
1.371000000000000000e+05
1.371010000000000000e+05
1.371020000000000000e+05
1.371030000000000000e+05
1.371040000000000000e+05
1.371050000000000000e+05
1.371060000000000000e+05
1.371070000000000000e+05
1.371080000000000000e+05
1.371090000000000000e+05
1.371100000000000000e+05
1.371110000000000000e+05
1.371120000000000000e+05
1.371130000000000000e+05
1.371140000000000000e+05
1.371150000000000000e+05
1.371160000000000000e+05
1.371170000000000000e+05
1.371180000000000000e+05
1.371190000000000000e+05
1.371200000000000000e+05
1.371210000000000000e+05
1.371220000000000000e+05
1.371230000000000000e+05
1.371240000000000000e+05
1.371250000000000000e+05
1.371260000000000000e+05
1.371270000000000000e+05
1.371280000000000000e+05
1.371290000000000000e+05
1.371300000000000000e+05
1.371310000000000000e+05
1.371320000000000000e+05
1.371330000000000000e+05
1.371340000000000000e+05
1.371350000000000000e+05
1.371360000000000000e+05
1.371370000000000000e+05
1.371380000000000000e+05
1.371390000000000000e+05
1.371400000000000000e+05
1.371410000000000000e+05
1.371420000000000000e+05
1.371430000000000000e+05
1.371440000000000000e+05
1.371450000000000000e+05
1.371460000000000000e+05
1.371470000000000000e+05
1.371480000000000000e+05
1.371490000000000000e+05
1.371500000000000000e+05
1.371510000000000000e+05
1.371520000000000000e+05
1.371530000000000000e+05
1.371540000000000000e+05
1.371550000000000000e+05
1.371560000000000000e+05
1.371570000000000000e+05
1.371580000000000000e+05
1.371590000000000000e+05
1.371600000000000000e+05
1.371610000000000000e+05
1.371620000000000000e+05
1.371630000000000000e+05
1.371640000000000000e+05
1.371650000000000000e+05
1.371660000000000000e+05
1.371670000000000000e+05
1.371680000000000000e+05
1.371690000000000000e+05
1.371700000000000000e+05
1.371710000000000000e+05
1.371720000000000000e+05
1.371730000000000000e+05
1.371740000000000000e+05
1.371750000000000000e+05
1.371760000000000000e+05
1.371770000000000000e+05
1.371780000000000000e+05
1.371790000000000000e+05
1.371800000000000000e+05
1.371810000000000000e+05
1.371820000000000000e+05
1.371830000000000000e+05
1.371840000000000000e+05
1.371850000000000000e+05
1.371860000000000000e+05
1.371870000000000000e+05
1.371880000000000000e+05
1.371890000000000000e+05
1.371900000000000000e+05
1.371910000000000000e+05
1.371920000000000000e+05
1.371930000000000000e+05
1.371940000000000000e+05
1.371950000000000000e+05
1.371960000000000000e+05
1.371970000000000000e+05
1.371980000000000000e+05
1.371990000000000000e+05
1.372000000000000000e+05
1.372010000000000000e+05
1.372020000000000000e+05
1.372030000000000000e+05
1.372040000000000000e+05
1.372050000000000000e+05
1.372060000000000000e+05
1.372070000000000000e+05
1.372080000000000000e+05
1.372090000000000000e+05
1.372100000000000000e+05
1.372110000000000000e+05
1.372120000000000000e+05
1.372130000000000000e+05
1.372140000000000000e+05
1.372150000000000000e+05
1.372160000000000000e+05
1.372170000000000000e+05
1.372180000000000000e+05
1.372190000000000000e+05
1.372200000000000000e+05
1.372210000000000000e+05
1.372220000000000000e+05
1.372230000000000000e+05
1.372240000000000000e+05
1.372250000000000000e+05
1.372260000000000000e+05
1.372270000000000000e+05
1.372280000000000000e+05
1.372290000000000000e+05
1.372300000000000000e+05
1.372310000000000000e+05
1.372320000000000000e+05
1.372330000000000000e+05
1.372340000000000000e+05
1.372350000000000000e+05
1.372360000000000000e+05
1.372370000000000000e+05
1.372380000000000000e+05
1.372390000000000000e+05
1.372400000000000000e+05
1.372410000000000000e+05
1.372420000000000000e+05
1.372430000000000000e+05
1.372440000000000000e+05
1.372450000000000000e+05
1.372460000000000000e+05
1.372470000000000000e+05
1.372480000000000000e+05
1.372490000000000000e+05
1.372500000000000000e+05
1.372510000000000000e+05
1.372520000000000000e+05
1.372530000000000000e+05
1.372540000000000000e+05
1.372550000000000000e+05
1.372560000000000000e+05
1.372570000000000000e+05
1.372580000000000000e+05
1.372590000000000000e+05
1.372600000000000000e+05
1.372610000000000000e+05
1.372620000000000000e+05
1.372630000000000000e+05
1.372640000000000000e+05
1.372650000000000000e+05
1.372660000000000000e+05
1.372670000000000000e+05
1.372680000000000000e+05
1.372690000000000000e+05
1.372700000000000000e+05
1.372710000000000000e+05
1.372720000000000000e+05
1.372730000000000000e+05
1.372740000000000000e+05
1.372750000000000000e+05
1.372760000000000000e+05
1.372770000000000000e+05
1.372780000000000000e+05
1.372790000000000000e+05
1.373360000000000000e+05
1.373370000000000000e+05
1.373380000000000000e+05
1.373390000000000000e+05
1.373400000000000000e+05
1.373410000000000000e+05
1.373420000000000000e+05
1.373430000000000000e+05
1.373440000000000000e+05
1.373450000000000000e+05
1.373460000000000000e+05
1.373470000000000000e+05
1.373480000000000000e+05
1.373490000000000000e+05
1.373500000000000000e+05
1.373510000000000000e+05
1.373520000000000000e+05
1.373530000000000000e+05
1.373540000000000000e+05
1.373550000000000000e+05
1.373560000000000000e+05
1.373570000000000000e+05
1.373580000000000000e+05
1.373590000000000000e+05
1.373600000000000000e+05
1.373610000000000000e+05
1.373620000000000000e+05
1.373630000000000000e+05
1.373640000000000000e+05
1.373650000000000000e+05
1.373660000000000000e+05
1.373670000000000000e+05
1.373680000000000000e+05
1.373690000000000000e+05
1.373700000000000000e+05
1.373710000000000000e+05
1.373720000000000000e+05
1.373730000000000000e+05
1.373740000000000000e+05
1.373750000000000000e+05
1.373760000000000000e+05
1.373770000000000000e+05
1.373780000000000000e+05
1.374590000000000000e+05
1.374600000000000000e+05
1.374610000000000000e+05
1.374620000000000000e+05
1.374630000000000000e+05
1.374640000000000000e+05
1.374650000000000000e+05
1.374660000000000000e+05
1.374670000000000000e+05
1.374680000000000000e+05
1.374690000000000000e+05
1.374700000000000000e+05
1.374710000000000000e+05
1.374720000000000000e+05
1.374730000000000000e+05
1.374740000000000000e+05
1.374750000000000000e+05
1.374760000000000000e+05
1.374770000000000000e+05
1.374780000000000000e+05
1.374790000000000000e+05
1.374800000000000000e+05
1.374810000000000000e+05
1.374820000000000000e+05
1.374830000000000000e+05
1.374840000000000000e+05
1.374850000000000000e+05
1.374860000000000000e+05
1.374870000000000000e+05
1.374880000000000000e+05
1.374890000000000000e+05
1.374900000000000000e+05
1.374910000000000000e+05
1.374920000000000000e+05
1.374930000000000000e+05
1.374940000000000000e+05
1.374950000000000000e+05
1.374960000000000000e+05
1.374970000000000000e+05
1.374980000000000000e+05
1.374990000000000000e+05
1.375000000000000000e+05
1.375010000000000000e+05
1.375020000000000000e+05
1.375030000000000000e+05
1.375040000000000000e+05
1.375050000000000000e+05
1.375060000000000000e+05
1.375070000000000000e+05
1.375080000000000000e+05
1.375090000000000000e+05
1.375100000000000000e+05
1.375110000000000000e+05
1.375120000000000000e+05
1.375130000000000000e+05
1.375140000000000000e+05
1.375150000000000000e+05
1.375160000000000000e+05
1.375170000000000000e+05
1.375180000000000000e+05
1.375190000000000000e+05
1.375200000000000000e+05
1.375210000000000000e+05
1.375220000000000000e+05
1.375230000000000000e+05
1.375240000000000000e+05
1.375250000000000000e+05
1.375260000000000000e+05
1.375270000000000000e+05
1.375280000000000000e+05
1.375290000000000000e+05
1.375300000000000000e+05
1.375310000000000000e+05
1.375320000000000000e+05
1.375330000000000000e+05
1.375340000000000000e+05
1.375350000000000000e+05
1.375360000000000000e+05
1.375370000000000000e+05
1.375380000000000000e+05
1.375390000000000000e+05
1.375400000000000000e+05
1.375410000000000000e+05
1.375420000000000000e+05
1.375430000000000000e+05
1.375440000000000000e+05
1.375450000000000000e+05
1.375460000000000000e+05
1.375470000000000000e+05
1.375480000000000000e+05
1.375490000000000000e+05
1.375500000000000000e+05
1.375510000000000000e+05
1.375520000000000000e+05
1.375530000000000000e+05
1.375540000000000000e+05
1.375550000000000000e+05
1.375560000000000000e+05
1.375570000000000000e+05
1.375580000000000000e+05
1.375590000000000000e+05
1.375600000000000000e+05
1.375610000000000000e+05
1.375620000000000000e+05
1.375630000000000000e+05
1.375800000000000000e+05
1.375810000000000000e+05
1.375820000000000000e+05
1.375830000000000000e+05
1.375840000000000000e+05
1.375850000000000000e+05
1.375860000000000000e+05
1.375870000000000000e+05
1.375880000000000000e+05
1.375890000000000000e+05
1.375900000000000000e+05
1.375910000000000000e+05
1.375920000000000000e+05
1.375930000000000000e+05
1.375940000000000000e+05
1.375950000000000000e+05
1.375960000000000000e+05
1.375970000000000000e+05
1.375980000000000000e+05
1.375990000000000000e+05
1.376000000000000000e+05
1.376010000000000000e+05
1.376020000000000000e+05
1.376030000000000000e+05
1.376040000000000000e+05
1.376050000000000000e+05
1.376060000000000000e+05
1.376070000000000000e+05
1.376080000000000000e+05
1.376090000000000000e+05
1.376100000000000000e+05
1.376110000000000000e+05
1.376120000000000000e+05
1.376130000000000000e+05
1.376140000000000000e+05
1.376150000000000000e+05
1.376160000000000000e+05
1.376170000000000000e+05
1.376180000000000000e+05
1.376190000000000000e+05
1.376200000000000000e+05
1.376210000000000000e+05
1.376220000000000000e+05
1.376230000000000000e+05
1.376240000000000000e+05
1.376250000000000000e+05
1.376260000000000000e+05
1.376270000000000000e+05
1.376280000000000000e+05
1.376290000000000000e+05
1.376300000000000000e+05
1.376310000000000000e+05
1.376320000000000000e+05
1.376330000000000000e+05
1.376340000000000000e+05
1.376350000000000000e+05
1.376360000000000000e+05
1.376370000000000000e+05
1.376380000000000000e+05
1.376390000000000000e+05
1.376400000000000000e+05
1.376410000000000000e+05
1.376420000000000000e+05
1.376430000000000000e+05
1.376440000000000000e+05
1.376450000000000000e+05
1.376460000000000000e+05
1.376470000000000000e+05
1.376480000000000000e+05
1.376490000000000000e+05
1.376500000000000000e+05
1.376510000000000000e+05
1.377170000000000000e+05
1.377180000000000000e+05
1.377190000000000000e+05
1.377200000000000000e+05
1.377210000000000000e+05
1.377220000000000000e+05
1.377230000000000000e+05
1.377240000000000000e+05
1.377250000000000000e+05
1.377260000000000000e+05
1.377270000000000000e+05
1.377280000000000000e+05
1.377290000000000000e+05
1.377300000000000000e+05
1.377310000000000000e+05
1.377320000000000000e+05
1.377330000000000000e+05
1.377340000000000000e+05
1.377350000000000000e+05
1.377360000000000000e+05
1.377370000000000000e+05
1.377380000000000000e+05
1.377390000000000000e+05
1.377400000000000000e+05
1.377410000000000000e+05
1.377420000000000000e+05
1.377430000000000000e+05
1.377440000000000000e+05
1.377450000000000000e+05
1.377460000000000000e+05
1.377470000000000000e+05
1.377480000000000000e+05
1.377490000000000000e+05
1.377500000000000000e+05
1.377510000000000000e+05
1.377520000000000000e+05
1.377530000000000000e+05
1.377540000000000000e+05
1.377550000000000000e+05
1.377560000000000000e+05
1.377570000000000000e+05
1.377580000000000000e+05
1.377590000000000000e+05
1.377600000000000000e+05
1.377610000000000000e+05
1.377620000000000000e+05
1.377630000000000000e+05
1.377640000000000000e+05
1.377650000000000000e+05
1.377660000000000000e+05
1.377670000000000000e+05
1.377680000000000000e+05
1.377690000000000000e+05
1.377700000000000000e+05
1.377710000000000000e+05
1.377720000000000000e+05
1.377730000000000000e+05
1.377740000000000000e+05
1.377750000000000000e+05
1.377760000000000000e+05
1.377770000000000000e+05
1.377780000000000000e+05
1.377790000000000000e+05
1.377800000000000000e+05
1.377810000000000000e+05
1.377820000000000000e+05
1.377830000000000000e+05
1.377840000000000000e+05
1.377850000000000000e+05
1.377860000000000000e+05
1.377870000000000000e+05
1.377880000000000000e+05
1.377890000000000000e+05
1.377900000000000000e+05
1.377910000000000000e+05
1.377920000000000000e+05
1.377930000000000000e+05
1.377940000000000000e+05
1.377950000000000000e+05
1.377960000000000000e+05
1.377970000000000000e+05
1.377980000000000000e+05
1.377990000000000000e+05
1.378000000000000000e+05
1.378010000000000000e+05
1.378020000000000000e+05
1.378030000000000000e+05
1.378040000000000000e+05
1.378050000000000000e+05
1.378060000000000000e+05
1.378070000000000000e+05
1.378080000000000000e+05
1.378090000000000000e+05
1.378100000000000000e+05
1.378110000000000000e+05
1.378120000000000000e+05
1.378130000000000000e+05
1.378140000000000000e+05
1.378150000000000000e+05
1.378160000000000000e+05
1.378170000000000000e+05
1.378180000000000000e+05
1.378190000000000000e+05
1.378200000000000000e+05
1.378210000000000000e+05
1.378220000000000000e+05
1.378230000000000000e+05
1.378240000000000000e+05
1.378250000000000000e+05
1.378260000000000000e+05
1.378270000000000000e+05
1.378280000000000000e+05
1.378290000000000000e+05
1.378300000000000000e+05
1.378310000000000000e+05
1.378320000000000000e+05
1.378330000000000000e+05
1.378340000000000000e+05
1.378350000000000000e+05
1.378360000000000000e+05
1.378370000000000000e+05
1.378380000000000000e+05
1.378390000000000000e+05
1.378400000000000000e+05
1.378410000000000000e+05
1.378420000000000000e+05
1.378430000000000000e+05
1.378440000000000000e+05
1.378450000000000000e+05
1.378460000000000000e+05
1.378470000000000000e+05
1.378480000000000000e+05
1.378490000000000000e+05
1.378500000000000000e+05
1.378510000000000000e+05
1.378520000000000000e+05
1.378530000000000000e+05
1.378540000000000000e+05
1.378550000000000000e+05
1.378560000000000000e+05
1.378570000000000000e+05
1.378580000000000000e+05
1.378590000000000000e+05
1.378600000000000000e+05
1.378610000000000000e+05
1.378620000000000000e+05
1.378630000000000000e+05
1.378640000000000000e+05
1.378650000000000000e+05
1.378660000000000000e+05
1.378670000000000000e+05
1.378680000000000000e+05
1.378690000000000000e+05
1.378700000000000000e+05
1.378710000000000000e+05
1.378720000000000000e+05
1.378730000000000000e+05
1.378740000000000000e+05
1.378750000000000000e+05
1.378760000000000000e+05
1.378770000000000000e+05
1.378780000000000000e+05
1.378790000000000000e+05
1.378800000000000000e+05
1.378810000000000000e+05
1.378820000000000000e+05
1.378830000000000000e+05
1.378840000000000000e+05
1.378850000000000000e+05
1.378860000000000000e+05
1.378870000000000000e+05
1.378880000000000000e+05
1.378890000000000000e+05
1.378900000000000000e+05
1.378910000000000000e+05
1.378920000000000000e+05
1.378930000000000000e+05
1.378940000000000000e+05
1.378950000000000000e+05
1.378960000000000000e+05
1.378970000000000000e+05
1.378980000000000000e+05
1.378990000000000000e+05
1.379000000000000000e+05
1.379010000000000000e+05
1.379020000000000000e+05
1.379030000000000000e+05
1.379040000000000000e+05
1.379050000000000000e+05
1.379060000000000000e+05
1.379070000000000000e+05
1.379080000000000000e+05
1.379090000000000000e+05
1.379100000000000000e+05
1.379110000000000000e+05
1.379120000000000000e+05
1.379130000000000000e+05
1.379140000000000000e+05
1.379150000000000000e+05
1.379160000000000000e+05
1.379170000000000000e+05
1.379180000000000000e+05
1.379190000000000000e+05
1.379200000000000000e+05
1.379210000000000000e+05
1.379220000000000000e+05
1.379230000000000000e+05
1.379240000000000000e+05
1.379250000000000000e+05
1.379260000000000000e+05
1.379270000000000000e+05
1.379280000000000000e+05
1.379290000000000000e+05
1.379300000000000000e+05
1.379310000000000000e+05
1.379320000000000000e+05
1.379330000000000000e+05
1.379340000000000000e+05
1.379350000000000000e+05
1.379360000000000000e+05
1.379370000000000000e+05
1.379380000000000000e+05
1.379390000000000000e+05
1.379400000000000000e+05
1.379410000000000000e+05
1.379420000000000000e+05
1.379430000000000000e+05
1.379440000000000000e+05
1.379450000000000000e+05
1.379460000000000000e+05
1.379470000000000000e+05
1.379480000000000000e+05
1.379490000000000000e+05
1.379500000000000000e+05
1.379510000000000000e+05
1.379520000000000000e+05
1.379530000000000000e+05
1.379540000000000000e+05
1.379550000000000000e+05
1.379560000000000000e+05
1.379570000000000000e+05
1.379580000000000000e+05
1.379590000000000000e+05
1.379600000000000000e+05
1.379610000000000000e+05
1.379620000000000000e+05
1.379630000000000000e+05
1.379640000000000000e+05
1.379650000000000000e+05
1.379660000000000000e+05
1.379670000000000000e+05
1.379680000000000000e+05
1.379690000000000000e+05
1.379700000000000000e+05
1.379710000000000000e+05
1.379720000000000000e+05
1.379730000000000000e+05
1.379740000000000000e+05
1.379750000000000000e+05
1.379760000000000000e+05
1.379770000000000000e+05
1.379780000000000000e+05
1.379790000000000000e+05
1.379800000000000000e+05
1.379810000000000000e+05
1.379820000000000000e+05
1.379830000000000000e+05
1.379840000000000000e+05
1.379850000000000000e+05
1.379860000000000000e+05
1.379870000000000000e+05
1.379880000000000000e+05
1.379890000000000000e+05
1.379900000000000000e+05
1.379910000000000000e+05
1.379920000000000000e+05
1.379930000000000000e+05
1.379940000000000000e+05
1.379950000000000000e+05
1.379960000000000000e+05
1.379970000000000000e+05
1.379980000000000000e+05
1.379990000000000000e+05
1.380000000000000000e+05
1.380010000000000000e+05
1.380020000000000000e+05
1.380030000000000000e+05
1.380040000000000000e+05
1.380050000000000000e+05
1.380060000000000000e+05
1.380070000000000000e+05
1.380080000000000000e+05
1.380090000000000000e+05
1.380100000000000000e+05
1.380110000000000000e+05
1.380120000000000000e+05
1.380130000000000000e+05
1.381130000000000000e+05
1.381140000000000000e+05
1.381150000000000000e+05
1.381160000000000000e+05
1.381170000000000000e+05
1.381180000000000000e+05
1.381190000000000000e+05
1.381200000000000000e+05
1.381210000000000000e+05
1.381220000000000000e+05
1.381230000000000000e+05
1.381240000000000000e+05
1.381250000000000000e+05
1.381260000000000000e+05
1.381270000000000000e+05
1.381280000000000000e+05
1.382200000000000000e+05
1.382210000000000000e+05
1.382220000000000000e+05
1.382230000000000000e+05
1.382240000000000000e+05
1.382250000000000000e+05
1.382260000000000000e+05
1.382270000000000000e+05
1.382280000000000000e+05
1.382290000000000000e+05
1.382300000000000000e+05
1.382310000000000000e+05
1.382320000000000000e+05
1.382330000000000000e+05
1.382340000000000000e+05
1.382350000000000000e+05
1.382360000000000000e+05
1.382370000000000000e+05
1.382380000000000000e+05
1.382390000000000000e+05
1.382400000000000000e+05
1.382410000000000000e+05
1.382420000000000000e+05
1.382430000000000000e+05
1.382440000000000000e+05
1.382450000000000000e+05
1.382460000000000000e+05
1.382470000000000000e+05
1.382480000000000000e+05
1.382490000000000000e+05
1.382500000000000000e+05
1.382510000000000000e+05
1.382520000000000000e+05
1.382530000000000000e+05
1.382540000000000000e+05
1.382550000000000000e+05
1.382560000000000000e+05
1.382570000000000000e+05
1.382580000000000000e+05
