5.440000000000000000e+03
5.441000000000000000e+03
5.442000000000000000e+03
5.443000000000000000e+03
5.444000000000000000e+03
5.445000000000000000e+03
5.446000000000000000e+03
5.447000000000000000e+03
5.448000000000000000e+03
5.449000000000000000e+03
5.450000000000000000e+03
5.451000000000000000e+03
5.452000000000000000e+03
5.453000000000000000e+03
5.454000000000000000e+03
5.455000000000000000e+03
5.456000000000000000e+03
5.457000000000000000e+03
5.458000000000000000e+03
5.459000000000000000e+03
5.460000000000000000e+03
5.461000000000000000e+03
5.462000000000000000e+03
5.463000000000000000e+03
5.464000000000000000e+03
5.465000000000000000e+03
5.466000000000000000e+03
5.467000000000000000e+03
5.468000000000000000e+03
5.469000000000000000e+03
5.470000000000000000e+03
5.471000000000000000e+03
5.472000000000000000e+03
5.473000000000000000e+03
5.474000000000000000e+03
5.475000000000000000e+03
5.476000000000000000e+03
5.477000000000000000e+03
5.478000000000000000e+03
5.479000000000000000e+03
5.480000000000000000e+03
5.481000000000000000e+03
5.482000000000000000e+03
5.483000000000000000e+03
5.484000000000000000e+03
5.485000000000000000e+03
5.486000000000000000e+03
5.487000000000000000e+03
5.488000000000000000e+03
5.489000000000000000e+03
5.490000000000000000e+03
