3.560600000000000000e+04
3.562200000000000000e+04
3.562600000000000000e+04
3.562700000000000000e+04
3.563000000000000000e+04
3.563100000000000000e+04
3.563200000000000000e+04
3.563300000000000000e+04
3.563400000000000000e+04
3.563500000000000000e+04
3.563600000000000000e+04
3.563700000000000000e+04
3.563800000000000000e+04
3.563900000000000000e+04
3.564000000000000000e+04
3.564100000000000000e+04
3.564200000000000000e+04
3.564300000000000000e+04
3.564400000000000000e+04
3.564500000000000000e+04
3.564600000000000000e+04
3.564700000000000000e+04
3.564800000000000000e+04
3.564900000000000000e+04
3.565000000000000000e+04
3.565100000000000000e+04
3.565200000000000000e+04
3.565300000000000000e+04
3.565400000000000000e+04
3.565500000000000000e+04
3.565600000000000000e+04
3.565700000000000000e+04
3.565800000000000000e+04
3.565900000000000000e+04
3.566000000000000000e+04
3.566100000000000000e+04
3.566200000000000000e+04
3.566300000000000000e+04
3.566400000000000000e+04
3.566500000000000000e+04
3.566600000000000000e+04
3.566700000000000000e+04
3.566800000000000000e+04
3.566900000000000000e+04
3.567000000000000000e+04
3.567100000000000000e+04
3.567200000000000000e+04
3.567300000000000000e+04
3.567400000000000000e+04
3.567500000000000000e+04
3.567600000000000000e+04
3.567700000000000000e+04
3.567800000000000000e+04
3.567900000000000000e+04
3.568000000000000000e+04
3.568100000000000000e+04
3.568200000000000000e+04
3.568300000000000000e+04
3.568400000000000000e+04
3.568500000000000000e+04
3.568600000000000000e+04
3.568700000000000000e+04
3.568800000000000000e+04
3.568900000000000000e+04
3.569000000000000000e+04
3.569100000000000000e+04
3.569200000000000000e+04
3.569300000000000000e+04
3.569400000000000000e+04
3.569500000000000000e+04
3.569600000000000000e+04
3.569700000000000000e+04
3.569800000000000000e+04
3.569900000000000000e+04
3.570000000000000000e+04
3.570100000000000000e+04
3.570200000000000000e+04
3.570300000000000000e+04
3.570400000000000000e+04
3.570500000000000000e+04
3.570600000000000000e+04
3.570700000000000000e+04
3.570800000000000000e+04
3.570900000000000000e+04
3.571000000000000000e+04
3.571100000000000000e+04
3.571200000000000000e+04
3.571300000000000000e+04
3.571400000000000000e+04
3.571500000000000000e+04
3.571600000000000000e+04
3.571700000000000000e+04
3.571800000000000000e+04
3.571900000000000000e+04
3.572000000000000000e+04
3.572100000000000000e+04
3.572200000000000000e+04
3.572300000000000000e+04
3.572400000000000000e+04
3.572500000000000000e+04
3.572600000000000000e+04
3.572700000000000000e+04
3.572800000000000000e+04
3.572900000000000000e+04
3.573000000000000000e+04
3.573100000000000000e+04
3.573200000000000000e+04
3.573300000000000000e+04
3.573400000000000000e+04
3.573500000000000000e+04
3.573600000000000000e+04
3.573700000000000000e+04
3.573800000000000000e+04
3.573900000000000000e+04
3.574000000000000000e+04
3.574100000000000000e+04
3.574200000000000000e+04
3.574300000000000000e+04
3.574400000000000000e+04
3.574500000000000000e+04
3.574600000000000000e+04
3.574700000000000000e+04
3.574800000000000000e+04
3.574900000000000000e+04
