5.453000000000000000e+03
6.266000000000000000e+03
6.272000000000000000e+03
6.276000000000000000e+03
6.277000000000000000e+03
6.278000000000000000e+03
6.279000000000000000e+03
6.280000000000000000e+03
6.281000000000000000e+03
6.282000000000000000e+03
6.283000000000000000e+03
6.284000000000000000e+03
6.285000000000000000e+03
6.286000000000000000e+03
6.287000000000000000e+03
6.288000000000000000e+03
6.290000000000000000e+03
6.291000000000000000e+03
6.292000000000000000e+03
6.295000000000000000e+03
6.296000000000000000e+03
6.397000000000000000e+03
6.401000000000000000e+03
6.675000000000000000e+03
6.791000000000000000e+03
6.975000000000000000e+03
6.976000000000000000e+03
6.977000000000000000e+03
6.978000000000000000e+03
6.979000000000000000e+03
6.980000000000000000e+03
6.981000000000000000e+03
6.982000000000000000e+03
6.983000000000000000e+03
6.984000000000000000e+03
6.985000000000000000e+03
6.986000000000000000e+03
6.987000000000000000e+03
6.988000000000000000e+03
6.989000000000000000e+03
6.990000000000000000e+03
6.992000000000000000e+03
6.993000000000000000e+03
6.994000000000000000e+03
6.995000000000000000e+03
6.996000000000000000e+03
6.997000000000000000e+03
6.998000000000000000e+03
6.999000000000000000e+03
7.000000000000000000e+03
7.001000000000000000e+03
7.002000000000000000e+03
7.257000000000000000e+03
7.386000000000000000e+03
7.388000000000000000e+03
7.389000000000000000e+03
7.390000000000000000e+03
7.759000000000000000e+03
7.764000000000000000e+03
7.767000000000000000e+03
7.808000000000000000e+03
7.812000000000000000e+03
8.786000000000000000e+03
8.788000000000000000e+03
8.789000000000000000e+03
8.791000000000000000e+03
8.792000000000000000e+03
8.793000000000000000e+03
8.795000000000000000e+03
8.796000000000000000e+03
9.022000000000000000e+03
