1.177070000000000000e+05
1.177080000000000000e+05
1.177100000000000000e+05
1.177110000000000000e+05
1.177120000000000000e+05
1.177130000000000000e+05
1.177140000000000000e+05
1.177150000000000000e+05
1.177160000000000000e+05
1.177170000000000000e+05
1.177180000000000000e+05
1.177190000000000000e+05
1.177200000000000000e+05
1.177210000000000000e+05
1.177220000000000000e+05
1.177230000000000000e+05
1.177240000000000000e+05
1.177250000000000000e+05
1.177260000000000000e+05
1.177270000000000000e+05
1.177280000000000000e+05
1.177290000000000000e+05
1.177300000000000000e+05
1.177310000000000000e+05
1.177320000000000000e+05
1.177330000000000000e+05
1.177340000000000000e+05
1.177350000000000000e+05
1.177360000000000000e+05
1.177370000000000000e+05
1.177380000000000000e+05
1.177390000000000000e+05
1.177400000000000000e+05
1.177410000000000000e+05
1.177420000000000000e+05
1.177430000000000000e+05
1.177440000000000000e+05
1.177450000000000000e+05
1.177460000000000000e+05
1.177470000000000000e+05
1.177480000000000000e+05
1.177490000000000000e+05
1.177500000000000000e+05
1.177510000000000000e+05
1.177520000000000000e+05
1.177530000000000000e+05
1.177540000000000000e+05
1.177550000000000000e+05
1.177560000000000000e+05
1.177570000000000000e+05
1.177580000000000000e+05
1.177590000000000000e+05
1.177600000000000000e+05
1.177610000000000000e+05
1.177620000000000000e+05
1.177630000000000000e+05
1.177640000000000000e+05
1.177650000000000000e+05
1.177660000000000000e+05
1.177670000000000000e+05
1.177680000000000000e+05
1.177690000000000000e+05
1.177700000000000000e+05
1.177710000000000000e+05
1.177720000000000000e+05
1.177730000000000000e+05
1.177740000000000000e+05
1.177750000000000000e+05
1.177760000000000000e+05
1.177770000000000000e+05
1.177780000000000000e+05
1.177790000000000000e+05
1.177800000000000000e+05
1.177810000000000000e+05
1.177820000000000000e+05
1.177830000000000000e+05
1.177840000000000000e+05
1.177850000000000000e+05
1.177860000000000000e+05
1.177870000000000000e+05
1.177880000000000000e+05
1.177890000000000000e+05
1.177900000000000000e+05
1.177910000000000000e+05
1.177920000000000000e+05
1.177930000000000000e+05
1.177940000000000000e+05
1.177950000000000000e+05
1.177960000000000000e+05
1.177970000000000000e+05
1.177980000000000000e+05
1.177990000000000000e+05
1.178000000000000000e+05
1.178010000000000000e+05
1.178020000000000000e+05
1.178030000000000000e+05
1.178040000000000000e+05
1.178050000000000000e+05
1.178060000000000000e+05
1.178070000000000000e+05
1.178080000000000000e+05
1.178090000000000000e+05
1.178100000000000000e+05
1.178110000000000000e+05
1.178120000000000000e+05
1.178130000000000000e+05
1.178140000000000000e+05
1.178150000000000000e+05
1.178160000000000000e+05
1.178170000000000000e+05
1.178180000000000000e+05
1.178190000000000000e+05
1.178200000000000000e+05
1.178210000000000000e+05
1.178220000000000000e+05
1.178230000000000000e+05
1.178240000000000000e+05
1.178250000000000000e+05
1.178260000000000000e+05
1.178270000000000000e+05
1.178280000000000000e+05
1.178290000000000000e+05
1.178300000000000000e+05
1.178310000000000000e+05
1.178320000000000000e+05
1.178330000000000000e+05
1.178340000000000000e+05
1.178350000000000000e+05
1.178360000000000000e+05
1.178370000000000000e+05
1.178380000000000000e+05
1.178390000000000000e+05
1.178400000000000000e+05
1.178410000000000000e+05
1.178420000000000000e+05
1.178430000000000000e+05
1.178440000000000000e+05
1.178450000000000000e+05
1.178460000000000000e+05
1.178470000000000000e+05
1.178480000000000000e+05
1.178490000000000000e+05
1.178500000000000000e+05
1.178510000000000000e+05
1.178520000000000000e+05
1.178530000000000000e+05
1.178540000000000000e+05
1.178550000000000000e+05
1.178560000000000000e+05
1.178570000000000000e+05
1.178580000000000000e+05
1.178590000000000000e+05
1.178600000000000000e+05
1.178610000000000000e+05
1.178620000000000000e+05
1.178630000000000000e+05
1.178640000000000000e+05
1.178650000000000000e+05
1.178660000000000000e+05
1.178670000000000000e+05
1.178680000000000000e+05
1.178690000000000000e+05
1.178700000000000000e+05
1.178710000000000000e+05
1.178720000000000000e+05
1.178730000000000000e+05
1.178740000000000000e+05
1.178750000000000000e+05
1.178760000000000000e+05
1.178770000000000000e+05
1.178780000000000000e+05
1.178790000000000000e+05
1.178800000000000000e+05
1.178810000000000000e+05
1.178820000000000000e+05
1.178830000000000000e+05
1.178840000000000000e+05
1.178850000000000000e+05
1.178860000000000000e+05
1.178870000000000000e+05
1.178880000000000000e+05
1.178890000000000000e+05
1.178900000000000000e+05
1.178910000000000000e+05
1.178920000000000000e+05
1.178930000000000000e+05
1.178940000000000000e+05
1.178950000000000000e+05
1.178960000000000000e+05
1.178970000000000000e+05
1.178980000000000000e+05
1.178990000000000000e+05
1.179000000000000000e+05
1.179010000000000000e+05
1.179020000000000000e+05
1.179030000000000000e+05
1.179040000000000000e+05
1.179050000000000000e+05
1.179060000000000000e+05
1.179070000000000000e+05
1.179080000000000000e+05
1.179090000000000000e+05
1.179100000000000000e+05
1.179110000000000000e+05
1.179120000000000000e+05
1.179130000000000000e+05
1.179140000000000000e+05
1.179150000000000000e+05
1.179160000000000000e+05
1.179170000000000000e+05
1.179180000000000000e+05
1.179190000000000000e+05
1.179200000000000000e+05
1.179210000000000000e+05
1.179220000000000000e+05
1.179230000000000000e+05
1.179240000000000000e+05
1.179250000000000000e+05
1.179260000000000000e+05
1.179270000000000000e+05
1.179280000000000000e+05
1.179290000000000000e+05
1.179300000000000000e+05
1.179310000000000000e+05
1.179320000000000000e+05
1.179330000000000000e+05
1.179340000000000000e+05
1.179350000000000000e+05
1.179360000000000000e+05
1.179370000000000000e+05
1.179380000000000000e+05
1.179390000000000000e+05
1.179400000000000000e+05
1.179410000000000000e+05
1.179420000000000000e+05
1.179430000000000000e+05
1.179440000000000000e+05
1.179450000000000000e+05
1.179460000000000000e+05
1.179470000000000000e+05
1.179480000000000000e+05
1.179490000000000000e+05
1.179500000000000000e+05
1.179510000000000000e+05
1.179520000000000000e+05
1.179530000000000000e+05
1.179540000000000000e+05
1.179550000000000000e+05
1.179560000000000000e+05
1.179570000000000000e+05
1.179580000000000000e+05
1.179590000000000000e+05
1.179600000000000000e+05
1.179610000000000000e+05
1.179620000000000000e+05
1.179630000000000000e+05
1.179640000000000000e+05
1.179650000000000000e+05
1.179660000000000000e+05
1.179670000000000000e+05
1.179680000000000000e+05
1.179690000000000000e+05
1.179700000000000000e+05
1.179710000000000000e+05
1.179720000000000000e+05
1.179730000000000000e+05
1.179740000000000000e+05
1.179750000000000000e+05
1.179760000000000000e+05
1.179770000000000000e+05
1.179780000000000000e+05
1.179790000000000000e+05
1.179800000000000000e+05
1.179810000000000000e+05
1.179820000000000000e+05
1.179830000000000000e+05
1.179840000000000000e+05
1.179850000000000000e+05
1.179860000000000000e+05
1.179870000000000000e+05
1.179880000000000000e+05
1.179890000000000000e+05
1.179900000000000000e+05
1.179910000000000000e+05
1.179920000000000000e+05
1.179930000000000000e+05
1.179940000000000000e+05
1.179950000000000000e+05
1.179960000000000000e+05
1.179970000000000000e+05
1.179980000000000000e+05
1.179990000000000000e+05
1.180000000000000000e+05
1.180010000000000000e+05
1.180020000000000000e+05
1.180030000000000000e+05
1.180040000000000000e+05
1.180050000000000000e+05
1.180060000000000000e+05
1.180070000000000000e+05
1.180080000000000000e+05
1.180090000000000000e+05
1.180100000000000000e+05
1.180110000000000000e+05
1.180120000000000000e+05
1.180130000000000000e+05
1.180140000000000000e+05
1.180150000000000000e+05
1.180160000000000000e+05
1.180170000000000000e+05
1.180180000000000000e+05
1.180190000000000000e+05
1.180200000000000000e+05
1.180210000000000000e+05
1.180220000000000000e+05
1.180230000000000000e+05
1.180240000000000000e+05
1.180250000000000000e+05
1.180260000000000000e+05
1.180270000000000000e+05
1.180280000000000000e+05
1.180290000000000000e+05
1.180300000000000000e+05
1.180310000000000000e+05
1.180320000000000000e+05
1.180330000000000000e+05
1.180340000000000000e+05
1.180350000000000000e+05
1.180360000000000000e+05
1.180370000000000000e+05
1.180380000000000000e+05
1.180390000000000000e+05
1.180400000000000000e+05
1.180410000000000000e+05
1.180420000000000000e+05
1.180430000000000000e+05
1.180440000000000000e+05
1.180450000000000000e+05
1.180460000000000000e+05
1.180470000000000000e+05
1.180480000000000000e+05
1.180490000000000000e+05
1.180500000000000000e+05
1.180510000000000000e+05
1.180520000000000000e+05
1.180530000000000000e+05
1.180540000000000000e+05
1.180550000000000000e+05
1.180560000000000000e+05
1.180570000000000000e+05
1.180580000000000000e+05
1.180590000000000000e+05
1.180600000000000000e+05
1.180610000000000000e+05
1.180620000000000000e+05
1.180630000000000000e+05
1.180640000000000000e+05
1.180650000000000000e+05
1.180660000000000000e+05
1.180670000000000000e+05
1.180680000000000000e+05
1.180690000000000000e+05
1.180700000000000000e+05
1.180710000000000000e+05
1.180720000000000000e+05
1.180730000000000000e+05
1.180740000000000000e+05
1.180750000000000000e+05
1.180760000000000000e+05
1.180770000000000000e+05
1.180780000000000000e+05
1.180790000000000000e+05
1.180800000000000000e+05
1.180810000000000000e+05
1.180820000000000000e+05
1.180830000000000000e+05
1.180840000000000000e+05
1.180850000000000000e+05
1.180860000000000000e+05
1.180870000000000000e+05
1.180880000000000000e+05
1.180890000000000000e+05
1.180900000000000000e+05
1.180910000000000000e+05
1.180920000000000000e+05
1.180930000000000000e+05
1.180940000000000000e+05
1.180950000000000000e+05
1.180960000000000000e+05
1.180970000000000000e+05
1.180980000000000000e+05
1.180990000000000000e+05
1.181000000000000000e+05
1.181010000000000000e+05
1.181020000000000000e+05
1.181030000000000000e+05
1.181040000000000000e+05
1.181050000000000000e+05
1.181060000000000000e+05
1.181070000000000000e+05
1.181080000000000000e+05
1.181090000000000000e+05
1.181100000000000000e+05
1.181110000000000000e+05
1.181120000000000000e+05
1.181130000000000000e+05
1.181140000000000000e+05
1.181150000000000000e+05
1.181160000000000000e+05
1.181170000000000000e+05
1.181180000000000000e+05
1.181190000000000000e+05
1.181200000000000000e+05
1.181210000000000000e+05
1.181220000000000000e+05
1.181230000000000000e+05
1.181240000000000000e+05
1.181250000000000000e+05
1.181260000000000000e+05
1.181270000000000000e+05
1.181280000000000000e+05
1.181290000000000000e+05
1.181300000000000000e+05
1.181310000000000000e+05
1.181320000000000000e+05
1.181330000000000000e+05
1.181340000000000000e+05
1.181350000000000000e+05
1.181360000000000000e+05
1.181370000000000000e+05
1.181380000000000000e+05
1.181390000000000000e+05
1.181400000000000000e+05
1.181410000000000000e+05
1.181420000000000000e+05
1.181430000000000000e+05
1.181440000000000000e+05
1.181450000000000000e+05
1.181460000000000000e+05
1.181470000000000000e+05
1.181480000000000000e+05
1.181490000000000000e+05
1.181500000000000000e+05
1.181510000000000000e+05
1.181520000000000000e+05
1.181530000000000000e+05
1.181540000000000000e+05
1.181550000000000000e+05
1.181560000000000000e+05
1.181570000000000000e+05
1.181580000000000000e+05
1.181590000000000000e+05
1.181600000000000000e+05
1.181610000000000000e+05
1.181620000000000000e+05
1.181630000000000000e+05
1.181640000000000000e+05
1.181650000000000000e+05
1.181660000000000000e+05
1.181670000000000000e+05
1.181680000000000000e+05
1.181690000000000000e+05
1.181700000000000000e+05
1.181710000000000000e+05
1.181720000000000000e+05
1.181730000000000000e+05
1.181740000000000000e+05
1.181750000000000000e+05
1.181760000000000000e+05
1.181770000000000000e+05
1.181780000000000000e+05
1.181790000000000000e+05
1.181800000000000000e+05
1.181810000000000000e+05
1.181820000000000000e+05
1.181830000000000000e+05
1.181840000000000000e+05
1.181850000000000000e+05
1.181860000000000000e+05
1.181870000000000000e+05
1.181880000000000000e+05
1.181890000000000000e+05
1.181900000000000000e+05
1.181910000000000000e+05
1.181920000000000000e+05
1.181930000000000000e+05
1.181940000000000000e+05
1.181950000000000000e+05
1.181960000000000000e+05
1.181970000000000000e+05
1.181980000000000000e+05
1.181990000000000000e+05
1.182000000000000000e+05
1.182010000000000000e+05
1.182020000000000000e+05
1.182030000000000000e+05
1.182040000000000000e+05
1.182050000000000000e+05
1.182060000000000000e+05
1.182070000000000000e+05
1.182080000000000000e+05
1.182090000000000000e+05
1.182100000000000000e+05
1.182110000000000000e+05
1.182120000000000000e+05
1.182130000000000000e+05
1.182140000000000000e+05
1.182150000000000000e+05
1.182160000000000000e+05
1.182170000000000000e+05
1.182180000000000000e+05
1.182190000000000000e+05
1.182200000000000000e+05
1.182210000000000000e+05
1.182220000000000000e+05
1.182230000000000000e+05
1.182240000000000000e+05
1.182250000000000000e+05
1.182260000000000000e+05
1.182270000000000000e+05
1.182280000000000000e+05
1.182290000000000000e+05
1.182300000000000000e+05
1.182310000000000000e+05
1.182320000000000000e+05
1.182330000000000000e+05
1.182340000000000000e+05
1.182350000000000000e+05
1.182360000000000000e+05
1.182370000000000000e+05
1.182380000000000000e+05
1.182390000000000000e+05
1.182400000000000000e+05
1.182410000000000000e+05
1.182420000000000000e+05
1.182430000000000000e+05
1.182440000000000000e+05
1.182450000000000000e+05
1.182460000000000000e+05
1.182470000000000000e+05
1.182480000000000000e+05
1.182490000000000000e+05
1.182500000000000000e+05
1.182510000000000000e+05
1.182520000000000000e+05
1.182530000000000000e+05
1.182540000000000000e+05
1.182550000000000000e+05
1.182560000000000000e+05
1.182570000000000000e+05
1.182580000000000000e+05
1.182590000000000000e+05
1.182600000000000000e+05
1.182610000000000000e+05
1.182620000000000000e+05
1.182630000000000000e+05
1.182640000000000000e+05
1.182650000000000000e+05
1.182660000000000000e+05
1.182670000000000000e+05
1.182680000000000000e+05
1.182690000000000000e+05
1.182700000000000000e+05
1.182710000000000000e+05
1.182720000000000000e+05
1.182730000000000000e+05
1.182740000000000000e+05
1.182750000000000000e+05
1.182760000000000000e+05
1.182770000000000000e+05
1.182780000000000000e+05
1.182790000000000000e+05
1.182800000000000000e+05
1.182810000000000000e+05
1.182820000000000000e+05
1.182830000000000000e+05
1.182840000000000000e+05
1.182850000000000000e+05
1.182860000000000000e+05
1.182870000000000000e+05
1.182880000000000000e+05
1.182890000000000000e+05
1.182900000000000000e+05
1.182910000000000000e+05
1.182920000000000000e+05
1.182930000000000000e+05
1.182940000000000000e+05
1.182950000000000000e+05
1.182960000000000000e+05
1.182970000000000000e+05
1.182980000000000000e+05
1.182990000000000000e+05
1.183000000000000000e+05
1.183010000000000000e+05
1.183020000000000000e+05
1.183030000000000000e+05
1.183040000000000000e+05
1.183050000000000000e+05
1.183060000000000000e+05
1.183070000000000000e+05
1.183080000000000000e+05
1.183090000000000000e+05
1.183100000000000000e+05
1.183110000000000000e+05
1.183120000000000000e+05
1.183130000000000000e+05
1.183140000000000000e+05
1.183150000000000000e+05
1.183160000000000000e+05
1.183170000000000000e+05
1.183180000000000000e+05
1.183190000000000000e+05
1.183200000000000000e+05
1.183210000000000000e+05
1.183220000000000000e+05
1.183230000000000000e+05
1.183240000000000000e+05
1.183250000000000000e+05
1.183260000000000000e+05
1.183270000000000000e+05
1.183280000000000000e+05
1.183290000000000000e+05
1.183300000000000000e+05
1.183310000000000000e+05
1.183320000000000000e+05
1.183330000000000000e+05
1.183340000000000000e+05
1.183350000000000000e+05
1.183360000000000000e+05
1.183370000000000000e+05
1.183380000000000000e+05
1.183390000000000000e+05
1.183400000000000000e+05
1.183410000000000000e+05
1.183420000000000000e+05
1.183430000000000000e+05
1.183440000000000000e+05
1.183450000000000000e+05
1.183460000000000000e+05
1.183470000000000000e+05
1.183480000000000000e+05
1.183490000000000000e+05
1.183500000000000000e+05
1.183510000000000000e+05
1.183520000000000000e+05
1.183530000000000000e+05
1.183540000000000000e+05
1.183550000000000000e+05
1.183560000000000000e+05
1.183570000000000000e+05
1.183580000000000000e+05
1.183590000000000000e+05
1.183600000000000000e+05
1.183610000000000000e+05
1.183620000000000000e+05
1.183630000000000000e+05
1.183640000000000000e+05
1.183650000000000000e+05
1.183660000000000000e+05
1.183670000000000000e+05
1.183680000000000000e+05
1.183690000000000000e+05
1.183700000000000000e+05
1.183710000000000000e+05
1.183720000000000000e+05
1.183730000000000000e+05
1.183740000000000000e+05
1.183750000000000000e+05
1.183760000000000000e+05
1.183770000000000000e+05
1.183780000000000000e+05
1.183790000000000000e+05
1.183800000000000000e+05
1.183810000000000000e+05
1.183820000000000000e+05
1.183830000000000000e+05
1.183840000000000000e+05
1.183850000000000000e+05
1.183860000000000000e+05
1.183870000000000000e+05
1.183880000000000000e+05
1.183890000000000000e+05
1.183900000000000000e+05
1.183910000000000000e+05
1.183920000000000000e+05
1.183930000000000000e+05
1.183940000000000000e+05
1.183950000000000000e+05
1.183960000000000000e+05
1.183970000000000000e+05
1.183980000000000000e+05
1.183990000000000000e+05
1.184000000000000000e+05
1.184010000000000000e+05
1.184020000000000000e+05
1.184030000000000000e+05
1.184040000000000000e+05
1.184050000000000000e+05
1.184060000000000000e+05
1.184070000000000000e+05
1.184080000000000000e+05
1.184090000000000000e+05
1.184100000000000000e+05
1.184110000000000000e+05
1.184120000000000000e+05
1.184130000000000000e+05
1.184140000000000000e+05
1.184150000000000000e+05
1.184160000000000000e+05
1.184170000000000000e+05
1.184180000000000000e+05
1.184190000000000000e+05
1.184200000000000000e+05
1.184210000000000000e+05
1.184220000000000000e+05
1.184230000000000000e+05
1.184240000000000000e+05
1.184250000000000000e+05
1.184260000000000000e+05
1.184270000000000000e+05
1.184280000000000000e+05
1.184290000000000000e+05
1.184300000000000000e+05
1.184310000000000000e+05
1.184320000000000000e+05
1.184330000000000000e+05
1.184340000000000000e+05
1.184350000000000000e+05
1.184360000000000000e+05
1.184370000000000000e+05
1.184380000000000000e+05
1.184390000000000000e+05
1.184400000000000000e+05
1.184410000000000000e+05
1.184420000000000000e+05
1.184430000000000000e+05
1.212150000000000000e+05
1.212160000000000000e+05
1.212190000000000000e+05
1.212200000000000000e+05
1.212220000000000000e+05
1.212230000000000000e+05
1.212240000000000000e+05
1.212250000000000000e+05
1.212260000000000000e+05
1.212270000000000000e+05
1.212280000000000000e+05
1.212290000000000000e+05
1.212300000000000000e+05
1.212310000000000000e+05
1.212320000000000000e+05
1.212330000000000000e+05
1.212340000000000000e+05
1.212350000000000000e+05
1.212360000000000000e+05
1.212370000000000000e+05
1.212380000000000000e+05
1.212390000000000000e+05
1.212400000000000000e+05
1.212410000000000000e+05
1.212420000000000000e+05
1.212430000000000000e+05
1.212440000000000000e+05
1.212450000000000000e+05
1.212460000000000000e+05
1.212470000000000000e+05
1.212480000000000000e+05
1.212490000000000000e+05
1.212500000000000000e+05
1.212510000000000000e+05
1.212520000000000000e+05
1.212530000000000000e+05
1.212540000000000000e+05
1.212550000000000000e+05
1.212560000000000000e+05
1.212570000000000000e+05
1.212580000000000000e+05
1.212590000000000000e+05
1.212600000000000000e+05
1.212610000000000000e+05
1.212620000000000000e+05
1.212630000000000000e+05
1.212640000000000000e+05
1.212650000000000000e+05
1.212660000000000000e+05
1.212670000000000000e+05
1.212680000000000000e+05
1.212690000000000000e+05
1.212700000000000000e+05
1.212710000000000000e+05
1.212720000000000000e+05
1.212730000000000000e+05
1.212740000000000000e+05
1.212750000000000000e+05
1.212760000000000000e+05
1.212770000000000000e+05
1.212780000000000000e+05
1.212790000000000000e+05
1.212800000000000000e+05
1.212810000000000000e+05
1.212820000000000000e+05
1.212830000000000000e+05
1.212840000000000000e+05
1.212850000000000000e+05
1.212860000000000000e+05
1.212870000000000000e+05
1.212880000000000000e+05
1.212890000000000000e+05
1.212900000000000000e+05
1.212910000000000000e+05
1.212920000000000000e+05
1.212930000000000000e+05
1.212940000000000000e+05
1.212950000000000000e+05
1.212960000000000000e+05
1.212970000000000000e+05
1.212980000000000000e+05
1.212990000000000000e+05
1.213000000000000000e+05
1.213010000000000000e+05
1.213020000000000000e+05
1.213030000000000000e+05
1.213040000000000000e+05
1.213050000000000000e+05
1.213060000000000000e+05
1.213070000000000000e+05
1.213080000000000000e+05
1.213090000000000000e+05
1.213100000000000000e+05
1.213110000000000000e+05
1.213120000000000000e+05
1.213130000000000000e+05
1.213140000000000000e+05
1.213150000000000000e+05
1.213160000000000000e+05
1.213170000000000000e+05
1.213180000000000000e+05
1.213190000000000000e+05
1.213200000000000000e+05
1.213210000000000000e+05
1.213220000000000000e+05
1.213230000000000000e+05
1.213240000000000000e+05
1.213250000000000000e+05
1.213260000000000000e+05
1.213270000000000000e+05
1.213280000000000000e+05
1.213290000000000000e+05
1.213300000000000000e+05
1.213310000000000000e+05
1.213320000000000000e+05
1.213330000000000000e+05
1.213340000000000000e+05
1.213350000000000000e+05
1.213360000000000000e+05
1.213370000000000000e+05
1.213380000000000000e+05
1.213390000000000000e+05
1.213400000000000000e+05
1.213410000000000000e+05
1.213420000000000000e+05
1.213430000000000000e+05
1.213440000000000000e+05
1.213450000000000000e+05
1.213460000000000000e+05
1.213470000000000000e+05
1.213480000000000000e+05
1.213490000000000000e+05
1.213500000000000000e+05
1.213510000000000000e+05
1.213520000000000000e+05
1.213530000000000000e+05
1.213540000000000000e+05
1.213550000000000000e+05
1.213560000000000000e+05
1.213570000000000000e+05
1.213580000000000000e+05
1.213590000000000000e+05
1.213600000000000000e+05
1.213610000000000000e+05
1.213620000000000000e+05
1.213630000000000000e+05
1.213640000000000000e+05
1.213650000000000000e+05
1.213660000000000000e+05
1.213670000000000000e+05
1.213680000000000000e+05
1.213690000000000000e+05
1.213700000000000000e+05
1.213710000000000000e+05
1.213720000000000000e+05
1.213730000000000000e+05
1.213740000000000000e+05
1.213750000000000000e+05
1.213760000000000000e+05
1.213770000000000000e+05
1.213780000000000000e+05
1.213790000000000000e+05
1.213800000000000000e+05
1.213810000000000000e+05
1.213820000000000000e+05
1.213830000000000000e+05
1.213840000000000000e+05
1.213850000000000000e+05
1.213860000000000000e+05
1.213870000000000000e+05
1.213880000000000000e+05
1.213890000000000000e+05
1.213900000000000000e+05
1.213910000000000000e+05
1.213920000000000000e+05
1.213930000000000000e+05
1.213940000000000000e+05
1.213950000000000000e+05
1.213960000000000000e+05
1.213970000000000000e+05
1.213980000000000000e+05
1.213990000000000000e+05
1.214000000000000000e+05
1.214010000000000000e+05
1.214020000000000000e+05
1.214030000000000000e+05
1.214040000000000000e+05
1.214050000000000000e+05
1.214060000000000000e+05
1.214070000000000000e+05
1.214080000000000000e+05
1.214090000000000000e+05
1.214100000000000000e+05
1.214110000000000000e+05
1.214120000000000000e+05
1.214130000000000000e+05
1.214140000000000000e+05
1.214150000000000000e+05
1.214160000000000000e+05
1.214170000000000000e+05
1.214180000000000000e+05
1.214190000000000000e+05
1.214200000000000000e+05
1.214210000000000000e+05
1.214220000000000000e+05
1.214230000000000000e+05
1.214240000000000000e+05
1.214250000000000000e+05
1.214260000000000000e+05
1.214270000000000000e+05
1.214280000000000000e+05
1.214290000000000000e+05
1.214300000000000000e+05
1.214310000000000000e+05
1.214320000000000000e+05
1.214330000000000000e+05
1.214340000000000000e+05
1.214350000000000000e+05
1.214360000000000000e+05
1.214370000000000000e+05
1.214380000000000000e+05
1.214390000000000000e+05
1.214400000000000000e+05
1.214410000000000000e+05
1.214420000000000000e+05
1.214430000000000000e+05
1.214440000000000000e+05
1.214450000000000000e+05
1.214460000000000000e+05
1.214470000000000000e+05
1.214480000000000000e+05
1.214490000000000000e+05
1.214500000000000000e+05
1.214510000000000000e+05
1.214520000000000000e+05
1.214530000000000000e+05
1.214540000000000000e+05
1.214550000000000000e+05
1.214560000000000000e+05
1.214570000000000000e+05
1.214580000000000000e+05
1.214590000000000000e+05
1.214600000000000000e+05
1.214610000000000000e+05
1.214620000000000000e+05
1.214630000000000000e+05
1.214640000000000000e+05
1.214650000000000000e+05
1.214660000000000000e+05
1.214670000000000000e+05
1.214680000000000000e+05
1.214690000000000000e+05
1.214700000000000000e+05
1.214710000000000000e+05
1.214720000000000000e+05
1.214730000000000000e+05
1.214740000000000000e+05
1.214750000000000000e+05
1.214760000000000000e+05
1.214770000000000000e+05
1.214780000000000000e+05
1.214790000000000000e+05
1.214800000000000000e+05
1.214810000000000000e+05
1.214820000000000000e+05
1.214830000000000000e+05
1.214840000000000000e+05
1.214850000000000000e+05
1.214860000000000000e+05
1.214870000000000000e+05
1.214880000000000000e+05
1.214890000000000000e+05
1.214900000000000000e+05
1.214910000000000000e+05
1.214920000000000000e+05
1.214930000000000000e+05
1.214940000000000000e+05
1.214950000000000000e+05
1.214960000000000000e+05
1.214970000000000000e+05
1.214980000000000000e+05
1.214990000000000000e+05
1.215000000000000000e+05
1.215010000000000000e+05
1.215020000000000000e+05
1.215030000000000000e+05
1.215040000000000000e+05
1.215050000000000000e+05
1.215060000000000000e+05
1.215070000000000000e+05
1.215080000000000000e+05
1.215090000000000000e+05
1.215100000000000000e+05
1.215110000000000000e+05
1.215120000000000000e+05
1.215130000000000000e+05
1.215140000000000000e+05
1.215150000000000000e+05
1.215160000000000000e+05
1.215170000000000000e+05
1.215180000000000000e+05
1.215190000000000000e+05
1.215200000000000000e+05
1.215210000000000000e+05
1.215220000000000000e+05
1.215230000000000000e+05
1.215240000000000000e+05
1.215250000000000000e+05
1.215260000000000000e+05
1.215270000000000000e+05
1.215280000000000000e+05
1.215290000000000000e+05
1.215300000000000000e+05
1.215310000000000000e+05
1.215320000000000000e+05
1.215330000000000000e+05
1.215340000000000000e+05
1.215350000000000000e+05
1.215360000000000000e+05
1.215370000000000000e+05
1.215380000000000000e+05
1.215390000000000000e+05
1.215400000000000000e+05
1.215410000000000000e+05
1.215420000000000000e+05
1.215430000000000000e+05
1.215440000000000000e+05
1.215450000000000000e+05
1.215460000000000000e+05
1.215470000000000000e+05
1.215480000000000000e+05
1.215490000000000000e+05
1.215500000000000000e+05
1.215510000000000000e+05
1.215520000000000000e+05
1.215530000000000000e+05
1.215540000000000000e+05
1.215550000000000000e+05
1.215560000000000000e+05
1.215570000000000000e+05
1.215580000000000000e+05
1.215590000000000000e+05
1.215600000000000000e+05
1.215610000000000000e+05
1.215620000000000000e+05
1.215630000000000000e+05
1.215640000000000000e+05
1.215650000000000000e+05
1.215660000000000000e+05
1.215670000000000000e+05
1.215680000000000000e+05
1.215690000000000000e+05
1.215700000000000000e+05
1.215710000000000000e+05
1.215720000000000000e+05
1.215730000000000000e+05
1.215740000000000000e+05
1.215750000000000000e+05
1.215760000000000000e+05
1.215770000000000000e+05
1.215780000000000000e+05
1.215790000000000000e+05
1.215800000000000000e+05
1.215810000000000000e+05
1.215820000000000000e+05
1.215830000000000000e+05
1.215840000000000000e+05
1.215850000000000000e+05
1.215860000000000000e+05
1.215870000000000000e+05
1.215880000000000000e+05
1.215890000000000000e+05
1.215900000000000000e+05
1.215910000000000000e+05
1.215920000000000000e+05
1.215930000000000000e+05
1.215940000000000000e+05
1.215950000000000000e+05
1.215960000000000000e+05
1.215970000000000000e+05
1.215980000000000000e+05
1.215990000000000000e+05
1.216000000000000000e+05
1.216010000000000000e+05
1.216020000000000000e+05
1.216030000000000000e+05
1.216040000000000000e+05
1.216050000000000000e+05
1.216060000000000000e+05
1.216070000000000000e+05
1.216080000000000000e+05
1.216090000000000000e+05
1.216100000000000000e+05
1.216110000000000000e+05
1.216120000000000000e+05
1.216130000000000000e+05
1.216140000000000000e+05
1.216150000000000000e+05
1.216160000000000000e+05
1.216170000000000000e+05
1.216180000000000000e+05
1.216190000000000000e+05
1.216200000000000000e+05
1.216210000000000000e+05
1.216220000000000000e+05
1.216230000000000000e+05
1.216240000000000000e+05
1.216250000000000000e+05
1.216260000000000000e+05
1.216270000000000000e+05
1.216280000000000000e+05
1.216290000000000000e+05
1.216300000000000000e+05
1.216310000000000000e+05
1.216320000000000000e+05
1.216330000000000000e+05
1.216340000000000000e+05
1.216350000000000000e+05
1.216360000000000000e+05
1.216370000000000000e+05
1.216380000000000000e+05
1.216390000000000000e+05
1.216400000000000000e+05
1.216410000000000000e+05
1.216420000000000000e+05
1.216430000000000000e+05
1.216440000000000000e+05
1.216450000000000000e+05
1.216460000000000000e+05
1.216470000000000000e+05
1.216480000000000000e+05
1.216490000000000000e+05
1.216500000000000000e+05
1.216510000000000000e+05
1.216520000000000000e+05
1.216530000000000000e+05
1.216540000000000000e+05
1.216550000000000000e+05
1.216560000000000000e+05
1.216570000000000000e+05
1.216580000000000000e+05
1.216590000000000000e+05
1.216600000000000000e+05
1.216610000000000000e+05
1.216620000000000000e+05
1.216630000000000000e+05
1.216640000000000000e+05
1.216650000000000000e+05
1.216660000000000000e+05
1.216670000000000000e+05
1.216680000000000000e+05
1.216690000000000000e+05
1.216700000000000000e+05
1.216710000000000000e+05
1.216720000000000000e+05
1.216730000000000000e+05
1.216740000000000000e+05
1.216750000000000000e+05
1.216760000000000000e+05
1.216770000000000000e+05
1.216780000000000000e+05
1.216790000000000000e+05
1.216800000000000000e+05
1.216810000000000000e+05
1.216820000000000000e+05
1.216830000000000000e+05
1.216840000000000000e+05
1.216850000000000000e+05
1.216860000000000000e+05
1.216870000000000000e+05
1.216880000000000000e+05
1.216890000000000000e+05
1.216900000000000000e+05
1.216910000000000000e+05
1.216920000000000000e+05
1.216930000000000000e+05
1.216940000000000000e+05
1.216950000000000000e+05
1.216960000000000000e+05
1.216970000000000000e+05
1.216980000000000000e+05
1.216990000000000000e+05
1.217000000000000000e+05
1.217010000000000000e+05
1.217020000000000000e+05
1.217030000000000000e+05
1.217040000000000000e+05
1.217050000000000000e+05
1.217060000000000000e+05
1.217070000000000000e+05
1.217080000000000000e+05
1.217090000000000000e+05
1.217100000000000000e+05
1.217110000000000000e+05
1.217120000000000000e+05
1.217130000000000000e+05
1.217140000000000000e+05
1.217150000000000000e+05
1.217160000000000000e+05
1.217170000000000000e+05
1.217180000000000000e+05
1.217190000000000000e+05
1.217200000000000000e+05
1.217210000000000000e+05
1.217220000000000000e+05
1.217230000000000000e+05
1.217240000000000000e+05
1.217250000000000000e+05
1.217260000000000000e+05
1.217270000000000000e+05
1.217280000000000000e+05
1.217290000000000000e+05
1.217300000000000000e+05
1.217310000000000000e+05
1.217320000000000000e+05
1.217330000000000000e+05
1.217340000000000000e+05
1.217350000000000000e+05
1.217360000000000000e+05
1.217370000000000000e+05
1.217380000000000000e+05
1.217390000000000000e+05
1.217400000000000000e+05
1.217410000000000000e+05
1.217420000000000000e+05
1.217430000000000000e+05
1.217440000000000000e+05
1.217450000000000000e+05
1.217460000000000000e+05
1.217470000000000000e+05
1.217480000000000000e+05
1.217490000000000000e+05
1.217500000000000000e+05
1.217510000000000000e+05
1.217520000000000000e+05
1.217530000000000000e+05
1.217540000000000000e+05
1.217550000000000000e+05
1.217560000000000000e+05
1.217570000000000000e+05
1.217580000000000000e+05
1.217590000000000000e+05
1.217600000000000000e+05
1.217610000000000000e+05
1.217620000000000000e+05
1.217630000000000000e+05
1.217640000000000000e+05
1.217650000000000000e+05
1.217660000000000000e+05
1.217670000000000000e+05
1.217680000000000000e+05
1.217690000000000000e+05
1.217700000000000000e+05
1.217710000000000000e+05
1.217720000000000000e+05
1.217730000000000000e+05
1.217740000000000000e+05
1.217750000000000000e+05
1.217760000000000000e+05
1.217770000000000000e+05
1.217780000000000000e+05
1.217790000000000000e+05
1.217800000000000000e+05
1.217810000000000000e+05
1.217820000000000000e+05
1.217830000000000000e+05
1.217840000000000000e+05
1.217850000000000000e+05
1.217860000000000000e+05
1.217870000000000000e+05
1.217880000000000000e+05
1.217890000000000000e+05
1.217900000000000000e+05
1.217910000000000000e+05
1.217920000000000000e+05
1.217930000000000000e+05
1.217940000000000000e+05
1.217950000000000000e+05
1.217960000000000000e+05
1.217970000000000000e+05
1.217980000000000000e+05
1.217990000000000000e+05
1.218000000000000000e+05
1.218010000000000000e+05
1.218020000000000000e+05
1.218030000000000000e+05
1.218040000000000000e+05
1.218050000000000000e+05
1.218060000000000000e+05
1.218070000000000000e+05
1.218080000000000000e+05
1.218090000000000000e+05
1.218100000000000000e+05
1.218110000000000000e+05
1.218120000000000000e+05
1.218130000000000000e+05
1.218140000000000000e+05
1.218150000000000000e+05
1.218160000000000000e+05
1.218170000000000000e+05
1.218180000000000000e+05
1.218190000000000000e+05
1.218200000000000000e+05
1.218210000000000000e+05
1.218220000000000000e+05
1.218230000000000000e+05
1.218240000000000000e+05
1.218250000000000000e+05
1.218260000000000000e+05
1.218270000000000000e+05
1.218280000000000000e+05
1.218290000000000000e+05
1.218300000000000000e+05
1.218310000000000000e+05
1.218320000000000000e+05
1.218330000000000000e+05
1.218340000000000000e+05
1.218350000000000000e+05
1.218360000000000000e+05
1.218370000000000000e+05
1.218380000000000000e+05
1.218390000000000000e+05
1.218400000000000000e+05
1.218410000000000000e+05
1.218420000000000000e+05
1.218430000000000000e+05
1.218440000000000000e+05
1.218450000000000000e+05
1.218460000000000000e+05
1.218470000000000000e+05
1.218480000000000000e+05
1.218490000000000000e+05
1.218500000000000000e+05
1.218510000000000000e+05
1.218520000000000000e+05
1.218530000000000000e+05
1.218540000000000000e+05
1.218550000000000000e+05
1.218560000000000000e+05
1.218570000000000000e+05
1.218580000000000000e+05
1.218590000000000000e+05
1.218600000000000000e+05
1.218610000000000000e+05
1.218620000000000000e+05
1.218630000000000000e+05
1.218640000000000000e+05
1.218650000000000000e+05
1.218660000000000000e+05
1.218670000000000000e+05
1.218680000000000000e+05
1.218690000000000000e+05
1.218700000000000000e+05
1.218710000000000000e+05
1.218720000000000000e+05
1.218730000000000000e+05
1.218740000000000000e+05
1.218750000000000000e+05
1.218760000000000000e+05
1.218770000000000000e+05
1.218780000000000000e+05
1.218790000000000000e+05
1.218800000000000000e+05
1.218810000000000000e+05
1.218820000000000000e+05
1.218830000000000000e+05
1.218840000000000000e+05
1.218850000000000000e+05
1.218860000000000000e+05
1.218870000000000000e+05
1.218880000000000000e+05
1.218890000000000000e+05
1.218900000000000000e+05
1.218910000000000000e+05
1.218920000000000000e+05
1.218930000000000000e+05
1.218940000000000000e+05
1.218950000000000000e+05
1.218960000000000000e+05
1.218970000000000000e+05
1.218980000000000000e+05
1.218990000000000000e+05
1.219000000000000000e+05
1.219010000000000000e+05
1.219020000000000000e+05
1.219030000000000000e+05
1.219040000000000000e+05
1.219050000000000000e+05
1.219060000000000000e+05
1.219070000000000000e+05
1.219080000000000000e+05
1.219090000000000000e+05
1.219100000000000000e+05
1.219110000000000000e+05
1.219120000000000000e+05
1.219130000000000000e+05
1.219140000000000000e+05
1.219150000000000000e+05
1.219160000000000000e+05
1.219170000000000000e+05
1.219180000000000000e+05
1.219190000000000000e+05
1.219200000000000000e+05
1.219210000000000000e+05
1.219220000000000000e+05
1.219230000000000000e+05
1.219240000000000000e+05
1.219250000000000000e+05
1.219260000000000000e+05
1.219270000000000000e+05
1.219280000000000000e+05
1.219290000000000000e+05
1.219300000000000000e+05
1.219310000000000000e+05
1.219320000000000000e+05
1.219330000000000000e+05
1.219340000000000000e+05
1.219350000000000000e+05
1.219360000000000000e+05
1.219370000000000000e+05
1.219380000000000000e+05
1.219390000000000000e+05
1.219400000000000000e+05
1.219410000000000000e+05
1.219420000000000000e+05
1.219440000000000000e+05
1.219450000000000000e+05
1.219480000000000000e+05
1.219490000000000000e+05
1.258130000000000000e+05
1.258140000000000000e+05
1.258160000000000000e+05
1.258170000000000000e+05
1.258180000000000000e+05
1.258190000000000000e+05
1.258200000000000000e+05
1.258210000000000000e+05
1.258220000000000000e+05
1.258230000000000000e+05
1.258240000000000000e+05
1.258250000000000000e+05
1.258260000000000000e+05
1.258270000000000000e+05
1.258280000000000000e+05
1.258290000000000000e+05
1.258300000000000000e+05
1.258310000000000000e+05
1.258320000000000000e+05
1.258330000000000000e+05
1.258340000000000000e+05
1.258350000000000000e+05
1.258360000000000000e+05
1.258370000000000000e+05
1.258380000000000000e+05
1.258390000000000000e+05
1.258400000000000000e+05
1.258410000000000000e+05
1.258420000000000000e+05
1.258430000000000000e+05
1.258440000000000000e+05
1.258450000000000000e+05
1.258460000000000000e+05
1.258470000000000000e+05
1.258480000000000000e+05
1.258490000000000000e+05
1.258500000000000000e+05
1.258510000000000000e+05
1.258520000000000000e+05
1.258530000000000000e+05
1.258540000000000000e+05
1.258550000000000000e+05
1.258560000000000000e+05
1.258570000000000000e+05
1.258580000000000000e+05
1.258590000000000000e+05
1.258600000000000000e+05
1.258610000000000000e+05
1.258620000000000000e+05
1.258630000000000000e+05
1.258640000000000000e+05
1.258650000000000000e+05
1.258660000000000000e+05
1.258670000000000000e+05
1.258680000000000000e+05
1.258690000000000000e+05
1.258700000000000000e+05
1.258710000000000000e+05
1.258720000000000000e+05
1.258730000000000000e+05
1.258740000000000000e+05
1.258750000000000000e+05
1.258760000000000000e+05
1.258770000000000000e+05
1.258780000000000000e+05
1.258790000000000000e+05
1.258800000000000000e+05
1.258810000000000000e+05
1.258820000000000000e+05
1.258830000000000000e+05
1.258840000000000000e+05
1.258850000000000000e+05
1.258860000000000000e+05
1.258870000000000000e+05
1.258880000000000000e+05
1.258890000000000000e+05
1.258900000000000000e+05
1.258910000000000000e+05
1.258920000000000000e+05
1.258930000000000000e+05
1.258940000000000000e+05
1.258950000000000000e+05
1.258960000000000000e+05
1.258970000000000000e+05
1.258980000000000000e+05
1.258990000000000000e+05
1.259000000000000000e+05
1.259010000000000000e+05
1.259020000000000000e+05
1.259030000000000000e+05
1.259040000000000000e+05
1.259050000000000000e+05
1.259060000000000000e+05
1.259070000000000000e+05
1.259080000000000000e+05
1.259090000000000000e+05
1.259100000000000000e+05
1.259110000000000000e+05
1.259120000000000000e+05
1.259130000000000000e+05
1.259140000000000000e+05
1.259150000000000000e+05
1.259160000000000000e+05
1.259170000000000000e+05
1.259180000000000000e+05
1.259190000000000000e+05
1.259200000000000000e+05
1.259210000000000000e+05
1.259220000000000000e+05
1.259230000000000000e+05
1.259240000000000000e+05
1.259250000000000000e+05
1.259260000000000000e+05
1.259270000000000000e+05
1.259280000000000000e+05
1.259290000000000000e+05
1.259300000000000000e+05
1.259310000000000000e+05
1.259320000000000000e+05
1.259330000000000000e+05
1.259340000000000000e+05
1.259350000000000000e+05
1.259360000000000000e+05
1.259370000000000000e+05
1.259380000000000000e+05
1.259390000000000000e+05
1.259400000000000000e+05
1.259410000000000000e+05
1.259420000000000000e+05
1.259430000000000000e+05
1.259440000000000000e+05
1.259450000000000000e+05
1.259460000000000000e+05
1.259470000000000000e+05
1.259480000000000000e+05
1.259490000000000000e+05
1.259500000000000000e+05
1.259510000000000000e+05
1.259520000000000000e+05
1.259530000000000000e+05
1.259540000000000000e+05
1.259550000000000000e+05
1.259560000000000000e+05
1.259570000000000000e+05
1.259580000000000000e+05
1.259590000000000000e+05
1.259600000000000000e+05
1.259610000000000000e+05
1.259620000000000000e+05
1.259630000000000000e+05
1.259640000000000000e+05
1.259650000000000000e+05
1.259660000000000000e+05
1.259670000000000000e+05
1.259680000000000000e+05
1.259690000000000000e+05
1.259700000000000000e+05
1.259710000000000000e+05
1.259720000000000000e+05
1.259730000000000000e+05
1.259740000000000000e+05
1.259750000000000000e+05
1.259760000000000000e+05
1.259770000000000000e+05
1.259790000000000000e+05
1.259800000000000000e+05
1.259830000000000000e+05
1.259840000000000000e+05
