8.124000000000000000e+03
1.582100000000000000e+04
1.582300000000000000e+04
1.582400000000000000e+04
1.582500000000000000e+04
1.643100000000000000e+04
1.643200000000000000e+04
1.643300000000000000e+04
1.643400000000000000e+04
1.643500000000000000e+04
1.695200000000000000e+04
1.751300000000000000e+04
1.751700000000000000e+04
1.757600000000000000e+04
1.757700000000000000e+04
1.757800000000000000e+04
1.757900000000000000e+04
1.758000000000000000e+04
1.758100000000000000e+04
1.758200000000000000e+04
1.758300000000000000e+04
1.758400000000000000e+04
1.758500000000000000e+04
1.758600000000000000e+04
1.758700000000000000e+04
1.758800000000000000e+04
1.758900000000000000e+04
1.759000000000000000e+04
1.759100000000000000e+04
1.759200000000000000e+04
1.830100000000000000e+04
1.839000000000000000e+04
1.839100000000000000e+04
1.839200000000000000e+04
1.839300000000000000e+04
1.839400000000000000e+04
1.857700000000000000e+04
1.857800000000000000e+04
1.961400000000000000e+04
2.023700000000000000e+04
2.023800000000000000e+04
2.023900000000000000e+04
2.024000000000000000e+04
2.024100000000000000e+04
2.024200000000000000e+04
2.030000000000000000e+04
2.046500000000000000e+04
2.063100000000000000e+04
2.063200000000000000e+04
2.063300000000000000e+04
2.063400000000000000e+04
2.063500000000000000e+04
2.063600000000000000e+04
2.152700000000000000e+04
