5.349000000000000000e+03
5.350000000000000000e+03
5.351000000000000000e+03
5.353000000000000000e+03
5.354000000000000000e+03
5.358000000000000000e+03
5.362000000000000000e+03
5.371000000000000000e+03
5.374000000000000000e+03
5.378000000000000000e+03
5.382000000000000000e+03
5.386000000000000000e+03
5.468000000000000000e+03
5.469000000000000000e+03
5.470000000000000000e+03
5.471000000000000000e+03
5.472000000000000000e+03
5.480000000000000000e+03
5.482000000000000000e+03
5.484000000000000000e+03
5.486000000000000000e+03
5.488000000000000000e+03
5.490000000000000000e+03
5.492000000000000000e+03
5.494000000000000000e+03
5.496000000000000000e+03
5.498000000000000000e+03
5.500000000000000000e+03
5.502000000000000000e+03
5.504000000000000000e+03
5.506000000000000000e+03
5.508000000000000000e+03
5.512000000000000000e+03
5.516000000000000000e+03
5.520000000000000000e+03
5.524000000000000000e+03
5.528000000000000000e+03
5.532000000000000000e+03
5.536000000000000000e+03
5.540000000000000000e+03
5.544000000000000000e+03
5.552000000000000000e+03
5.556000000000000000e+03
5.560000000000000000e+03
5.564000000000000000e+03
5.568000000000000000e+03
5.572000000000000000e+03
5.576000000000000000e+03
5.580000000000000000e+03
5.584000000000000000e+03
5.588000000000000000e+03
5.592000000000000000e+03
5.596000000000000000e+03
5.600000000000000000e+03
5.604000000000000000e+03
5.605000000000000000e+03
5.608000000000000000e+03
5.612000000000000000e+03
5.616000000000000000e+03
5.620000000000000000e+03
5.624000000000000000e+03
5.628000000000000000e+03
5.632000000000000000e+03
5.633000000000000000e+03
5.634000000000000000e+03
5.636000000000000000e+03
5.637000000000000000e+03
5.638000000000000000e+03
5.673000000000000000e+03
5.674000000000000000e+03
5.675000000000000000e+03
5.677000000000000000e+03
5.681000000000000000e+03
5.682000000000000000e+03
5.683000000000000000e+03
5.684000000000000000e+03
5.685000000000000000e+03
5.686000000000000000e+03
5.687000000000000000e+03
5.688000000000000000e+03
5.689000000000000000e+03
5.690000000000000000e+03
5.692000000000000000e+03
5.693000000000000000e+03
5.694000000000000000e+03
5.697000000000000000e+03
5.698000000000000000e+03
5.701000000000000000e+03
5.702000000000000000e+03
5.705000000000000000e+03
5.706000000000000000e+03
5.709000000000000000e+03
5.710000000000000000e+03
5.713000000000000000e+03
5.714000000000000000e+03
5.717000000000000000e+03
5.718000000000000000e+03
5.721000000000000000e+03
5.722000000000000000e+03
5.725000000000000000e+03
5.726000000000000000e+03
5.729000000000000000e+03
5.733000000000000000e+03
5.741000000000000000e+03
5.742000000000000000e+03
5.746000000000000000e+03
5.753000000000000000e+03
5.754000000000000000e+03
5.757000000000000000e+03
5.758000000000000000e+03
5.761000000000000000e+03
5.762000000000000000e+03
5.766000000000000000e+03
5.781000000000000000e+03
5.785000000000000000e+03
5.789000000000000000e+03
5.797000000000000000e+03
5.798000000000000000e+03
5.801000000000000000e+03
5.802000000000000000e+03
5.805000000000000000e+03
5.829000000000000000e+03
5.838000000000000000e+03
5.848000000000000000e+03
5.849000000000000000e+03
5.966000000000000000e+03
5.970000000000000000e+03
5.982000000000000000e+03
6.014000000000000000e+03
6.046000000000000000e+03
6.058000000000000000e+03
6.126000000000000000e+03
6.127000000000000000e+03
6.128000000000000000e+03
6.129000000000000000e+03
6.130000000000000000e+03
6.131000000000000000e+03
6.132000000000000000e+03
6.133000000000000000e+03
6.134000000000000000e+03
6.135000000000000000e+03
6.153000000000000000e+03
6.154000000000000000e+03
6.157000000000000000e+03
6.158000000000000000e+03
6.161000000000000000e+03
6.162000000000000000e+03
6.163000000000000000e+03
6.165000000000000000e+03
6.166000000000000000e+03
6.168000000000000000e+03
6.169000000000000000e+03
6.170000000000000000e+03
6.171000000000000000e+03
6.172000000000000000e+03
6.173000000000000000e+03
6.174000000000000000e+03
6.175000000000000000e+03
6.176000000000000000e+03
6.177000000000000000e+03
6.178000000000000000e+03
6.179000000000000000e+03
6.180000000000000000e+03
6.181000000000000000e+03
6.182000000000000000e+03
6.185000000000000000e+03
6.186000000000000000e+03
6.242000000000000000e+03
6.262000000000000000e+03
6.265000000000000000e+03
6.266000000000000000e+03
6.269000000000000000e+03
6.270000000000000000e+03
6.285000000000000000e+03
6.286000000000000000e+03
6.287000000000000000e+03
6.288000000000000000e+03
6.289000000000000000e+03
6.290000000000000000e+03
6.291000000000000000e+03
6.292000000000000000e+03
6.293000000000000000e+03
6.294000000000000000e+03
6.295000000000000000e+03
6.296000000000000000e+03
6.297000000000000000e+03
6.298000000000000000e+03
6.299000000000000000e+03
6.302000000000000000e+03
6.303000000000000000e+03
6.309000000000000000e+03
6.310000000000000000e+03
6.311000000000000000e+03
6.313000000000000000e+03
6.314000000000000000e+03
6.318000000000000000e+03
6.321000000000000000e+03
6.325000000000000000e+03
6.326000000000000000e+03
6.327000000000000000e+03
6.333000000000000000e+03
6.334000000000000000e+03
6.335000000000000000e+03
6.337000000000000000e+03
6.389000000000000000e+03
6.397000000000000000e+03
6.401000000000000000e+03
6.405000000000000000e+03
6.412000000000000000e+03
6.413000000000000000e+03
6.414000000000000000e+03
6.416000000000000000e+03
6.417000000000000000e+03
6.418000000000000000e+03
6.420000000000000000e+03
6.421000000000000000e+03
6.424000000000000000e+03
6.425000000000000000e+03
6.426000000000000000e+03
6.428000000000000000e+03
6.429000000000000000e+03
6.430000000000000000e+03
6.431000000000000000e+03
6.432000000000000000e+03
6.433000000000000000e+03
6.434000000000000000e+03
6.435000000000000000e+03
6.436000000000000000e+03
6.437000000000000000e+03
6.438000000000000000e+03
6.439000000000000000e+03
6.440000000000000000e+03
6.441000000000000000e+03
6.442000000000000000e+03
6.443000000000000000e+03
6.444000000000000000e+03
6.445000000000000000e+03
6.446000000000000000e+03
6.447000000000000000e+03
6.448000000000000000e+03
6.449000000000000000e+03
6.450000000000000000e+03
6.451000000000000000e+03
6.452000000000000000e+03
6.453000000000000000e+03
6.454000000000000000e+03
6.455000000000000000e+03
6.456000000000000000e+03
6.457000000000000000e+03
6.458000000000000000e+03
6.459000000000000000e+03
6.460000000000000000e+03
6.461000000000000000e+03
6.462000000000000000e+03
6.463000000000000000e+03
6.464000000000000000e+03
6.465000000000000000e+03
6.466000000000000000e+03
6.467000000000000000e+03
6.468000000000000000e+03
6.469000000000000000e+03
6.470000000000000000e+03
6.471000000000000000e+03
6.472000000000000000e+03
6.473000000000000000e+03
6.474000000000000000e+03
6.475000000000000000e+03
6.476000000000000000e+03
6.477000000000000000e+03
6.478000000000000000e+03
6.479000000000000000e+03
6.480000000000000000e+03
6.481000000000000000e+03
6.482000000000000000e+03
6.483000000000000000e+03
6.484000000000000000e+03
6.485000000000000000e+03
6.486000000000000000e+03
6.487000000000000000e+03
6.488000000000000000e+03
6.489000000000000000e+03
6.490000000000000000e+03
6.491000000000000000e+03
6.492000000000000000e+03
6.493000000000000000e+03
6.494000000000000000e+03
6.495000000000000000e+03
6.496000000000000000e+03
6.497000000000000000e+03
6.498000000000000000e+03
6.499000000000000000e+03
6.500000000000000000e+03
6.501000000000000000e+03
6.502000000000000000e+03
6.503000000000000000e+03
6.504000000000000000e+03
6.505000000000000000e+03
6.506000000000000000e+03
6.507000000000000000e+03
6.508000000000000000e+03
6.509000000000000000e+03
6.510000000000000000e+03
6.511000000000000000e+03
6.512000000000000000e+03
6.513000000000000000e+03
6.514000000000000000e+03
6.515000000000000000e+03
6.516000000000000000e+03
6.517000000000000000e+03
6.518000000000000000e+03
6.519000000000000000e+03
6.520000000000000000e+03
6.521000000000000000e+03
6.522000000000000000e+03
6.523000000000000000e+03
6.524000000000000000e+03
6.525000000000000000e+03
6.526000000000000000e+03
6.527000000000000000e+03
6.528000000000000000e+03
6.529000000000000000e+03
6.530000000000000000e+03
6.531000000000000000e+03
6.532000000000000000e+03
6.533000000000000000e+03
6.534000000000000000e+03
6.535000000000000000e+03
6.536000000000000000e+03
6.537000000000000000e+03
6.538000000000000000e+03
6.539000000000000000e+03
6.540000000000000000e+03
6.541000000000000000e+03
6.542000000000000000e+03
6.543000000000000000e+03
6.544000000000000000e+03
6.545000000000000000e+03
6.546000000000000000e+03
6.547000000000000000e+03
6.548000000000000000e+03
6.549000000000000000e+03
6.550000000000000000e+03
6.551000000000000000e+03
6.552000000000000000e+03
6.553000000000000000e+03
6.554000000000000000e+03
6.555000000000000000e+03
6.556000000000000000e+03
6.557000000000000000e+03
6.558000000000000000e+03
6.559000000000000000e+03
6.560000000000000000e+03
6.561000000000000000e+03
6.562000000000000000e+03
6.563000000000000000e+03
6.564000000000000000e+03
6.565000000000000000e+03
6.566000000000000000e+03
6.567000000000000000e+03
6.568000000000000000e+03
6.569000000000000000e+03
6.570000000000000000e+03
6.571000000000000000e+03
6.572000000000000000e+03
6.573000000000000000e+03
6.574000000000000000e+03
6.575000000000000000e+03
6.576000000000000000e+03
6.577000000000000000e+03
6.578000000000000000e+03
6.579000000000000000e+03
6.580000000000000000e+03
6.581000000000000000e+03
6.582000000000000000e+03
6.583000000000000000e+03
6.584000000000000000e+03
6.585000000000000000e+03
6.586000000000000000e+03
6.587000000000000000e+03
6.588000000000000000e+03
6.589000000000000000e+03
6.590000000000000000e+03
6.591000000000000000e+03
6.592000000000000000e+03
6.593000000000000000e+03
6.594000000000000000e+03
6.595000000000000000e+03
6.596000000000000000e+03
6.597000000000000000e+03
6.598000000000000000e+03
6.599000000000000000e+03
6.600000000000000000e+03
6.601000000000000000e+03
6.602000000000000000e+03
6.603000000000000000e+03
6.604000000000000000e+03
6.605000000000000000e+03
6.606000000000000000e+03
6.607000000000000000e+03
6.608000000000000000e+03
6.609000000000000000e+03
6.610000000000000000e+03
6.611000000000000000e+03
6.612000000000000000e+03
6.613000000000000000e+03
6.614000000000000000e+03
6.615000000000000000e+03
6.616000000000000000e+03
6.617000000000000000e+03
6.618000000000000000e+03
6.619000000000000000e+03
6.620000000000000000e+03
6.621000000000000000e+03
6.622000000000000000e+03
6.623000000000000000e+03
6.624000000000000000e+03
6.625000000000000000e+03
6.626000000000000000e+03
6.627000000000000000e+03
6.628000000000000000e+03
6.629000000000000000e+03
6.630000000000000000e+03
6.631000000000000000e+03
6.632000000000000000e+03
6.633000000000000000e+03
6.634000000000000000e+03
6.635000000000000000e+03
6.636000000000000000e+03
6.637000000000000000e+03
6.638000000000000000e+03
6.639000000000000000e+03
6.640000000000000000e+03
6.641000000000000000e+03
6.642000000000000000e+03
6.643000000000000000e+03
6.644000000000000000e+03
6.645000000000000000e+03
6.646000000000000000e+03
6.647000000000000000e+03
6.648000000000000000e+03
6.649000000000000000e+03
6.650000000000000000e+03
6.651000000000000000e+03
6.652000000000000000e+03
6.653000000000000000e+03
6.654000000000000000e+03
6.655000000000000000e+03
6.656000000000000000e+03
6.657000000000000000e+03
6.658000000000000000e+03
6.659000000000000000e+03
6.660000000000000000e+03
6.661000000000000000e+03
6.662000000000000000e+03
6.663000000000000000e+03
6.664000000000000000e+03
6.665000000000000000e+03
6.666000000000000000e+03
6.667000000000000000e+03
6.668000000000000000e+03
6.669000000000000000e+03
6.670000000000000000e+03
6.671000000000000000e+03
6.672000000000000000e+03
6.673000000000000000e+03
6.674000000000000000e+03
6.675000000000000000e+03
6.676000000000000000e+03
6.677000000000000000e+03
6.678000000000000000e+03
6.679000000000000000e+03
6.680000000000000000e+03
6.681000000000000000e+03
6.682000000000000000e+03
6.683000000000000000e+03
6.684000000000000000e+03
6.685000000000000000e+03
6.686000000000000000e+03
6.687000000000000000e+03
6.688000000000000000e+03
6.689000000000000000e+03
6.690000000000000000e+03
6.691000000000000000e+03
6.692000000000000000e+03
6.693000000000000000e+03
6.694000000000000000e+03
6.695000000000000000e+03
6.696000000000000000e+03
6.697000000000000000e+03
6.698000000000000000e+03
6.699000000000000000e+03
6.700000000000000000e+03
6.701000000000000000e+03
6.702000000000000000e+03
6.703000000000000000e+03
6.704000000000000000e+03
6.705000000000000000e+03
6.706000000000000000e+03
6.707000000000000000e+03
6.708000000000000000e+03
6.709000000000000000e+03
6.710000000000000000e+03
6.711000000000000000e+03
6.712000000000000000e+03
6.713000000000000000e+03
6.714000000000000000e+03
6.715000000000000000e+03
6.716000000000000000e+03
6.717000000000000000e+03
6.718000000000000000e+03
6.719000000000000000e+03
6.720000000000000000e+03
6.721000000000000000e+03
6.722000000000000000e+03
6.723000000000000000e+03
6.724000000000000000e+03
6.725000000000000000e+03
6.726000000000000000e+03
6.727000000000000000e+03
6.728000000000000000e+03
6.729000000000000000e+03
6.730000000000000000e+03
6.731000000000000000e+03
6.732000000000000000e+03
6.733000000000000000e+03
6.734000000000000000e+03
6.735000000000000000e+03
6.736000000000000000e+03
6.737000000000000000e+03
6.738000000000000000e+03
6.739000000000000000e+03
6.740000000000000000e+03
6.741000000000000000e+03
6.742000000000000000e+03
6.743000000000000000e+03
6.744000000000000000e+03
6.745000000000000000e+03
6.746000000000000000e+03
6.747000000000000000e+03
6.748000000000000000e+03
6.749000000000000000e+03
6.750000000000000000e+03
6.751000000000000000e+03
6.752000000000000000e+03
6.753000000000000000e+03
6.754000000000000000e+03
6.755000000000000000e+03
6.756000000000000000e+03
6.757000000000000000e+03
6.758000000000000000e+03
6.759000000000000000e+03
6.760000000000000000e+03
6.761000000000000000e+03
6.762000000000000000e+03
6.763000000000000000e+03
6.764000000000000000e+03
6.765000000000000000e+03
6.767000000000000000e+03
6.768000000000000000e+03
6.769000000000000000e+03
6.770000000000000000e+03
6.771000000000000000e+03
6.772000000000000000e+03
6.773000000000000000e+03
6.774000000000000000e+03
6.775000000000000000e+03
6.776000000000000000e+03
6.777000000000000000e+03
6.778000000000000000e+03
6.779000000000000000e+03
6.780000000000000000e+03
6.781000000000000000e+03
6.782000000000000000e+03
6.783000000000000000e+03
6.784000000000000000e+03
6.785000000000000000e+03
6.786000000000000000e+03
6.787000000000000000e+03
6.788000000000000000e+03
6.789000000000000000e+03
6.790000000000000000e+03
6.791000000000000000e+03
6.792000000000000000e+03
6.793000000000000000e+03
6.794000000000000000e+03
6.795000000000000000e+03
6.796000000000000000e+03
6.797000000000000000e+03
6.798000000000000000e+03
6.799000000000000000e+03
6.801000000000000000e+03
6.802000000000000000e+03
6.803000000000000000e+03
6.805000000000000000e+03
6.806000000000000000e+03
6.807000000000000000e+03
6.808000000000000000e+03
6.809000000000000000e+03
6.811000000000000000e+03
6.813000000000000000e+03
6.815000000000000000e+03
6.816000000000000000e+03
6.817000000000000000e+03
6.819000000000000000e+03
6.820000000000000000e+03
6.821000000000000000e+03
6.823000000000000000e+03
6.824000000000000000e+03
6.825000000000000000e+03
6.827000000000000000e+03
6.829000000000000000e+03
6.833000000000000000e+03
6.835000000000000000e+03
6.837000000000000000e+03
6.839000000000000000e+03
6.841000000000000000e+03
6.843000000000000000e+03
6.845000000000000000e+03
6.847000000000000000e+03
6.849000000000000000e+03
6.851000000000000000e+03
6.853000000000000000e+03
6.857000000000000000e+03
6.963000000000000000e+03
6.965000000000000000e+03
6.968000000000000000e+03
6.969000000000000000e+03
6.979000000000000000e+03
6.980000000000000000e+03
6.987000000000000000e+03
6.988000000000000000e+03
6.989000000000000000e+03
6.991000000000000000e+03
6.992000000000000000e+03
6.993000000000000000e+03
6.995000000000000000e+03
6.996000000000000000e+03
6.997000000000000000e+03
6.999000000000000000e+03
7.000000000000000000e+03
7.016000000000000000e+03
7.019000000000000000e+03
7.020000000000000000e+03
7.023000000000000000e+03
7.024000000000000000e+03
7.027000000000000000e+03
7.028000000000000000e+03
7.030000000000000000e+03
7.031000000000000000e+03
7.032000000000000000e+03
7.033000000000000000e+03
7.034000000000000000e+03
7.035000000000000000e+03
7.036000000000000000e+03
7.037000000000000000e+03
7.038000000000000000e+03
7.039000000000000000e+03
7.040000000000000000e+03
7.041000000000000000e+03
7.042000000000000000e+03
7.043000000000000000e+03
7.044000000000000000e+03
7.045000000000000000e+03
7.046000000000000000e+03
7.047000000000000000e+03
7.048000000000000000e+03
7.049000000000000000e+03
7.050000000000000000e+03
7.051000000000000000e+03
7.052000000000000000e+03
7.053000000000000000e+03
7.054000000000000000e+03
7.055000000000000000e+03
7.056000000000000000e+03
7.057000000000000000e+03
7.058000000000000000e+03
7.059000000000000000e+03
7.060000000000000000e+03
7.061000000000000000e+03
7.062000000000000000e+03
7.063000000000000000e+03
7.064000000000000000e+03
7.065000000000000000e+03
7.066000000000000000e+03
7.067000000000000000e+03
7.068000000000000000e+03
7.069000000000000000e+03
7.070000000000000000e+03
7.071000000000000000e+03
7.072000000000000000e+03
7.073000000000000000e+03
7.074000000000000000e+03
7.075000000000000000e+03
7.076000000000000000e+03
7.077000000000000000e+03
7.078000000000000000e+03
7.079000000000000000e+03
7.080000000000000000e+03
7.081000000000000000e+03
7.082000000000000000e+03
7.083000000000000000e+03
7.084000000000000000e+03
7.085000000000000000e+03
7.086000000000000000e+03
7.087000000000000000e+03
7.088000000000000000e+03
7.089000000000000000e+03
7.090000000000000000e+03
7.091000000000000000e+03
7.092000000000000000e+03
7.093000000000000000e+03
7.094000000000000000e+03
7.095000000000000000e+03
7.096000000000000000e+03
7.097000000000000000e+03
7.098000000000000000e+03
7.099000000000000000e+03
7.100000000000000000e+03
7.101000000000000000e+03
7.102000000000000000e+03
7.103000000000000000e+03
7.104000000000000000e+03
7.105000000000000000e+03
7.106000000000000000e+03
7.107000000000000000e+03
7.108000000000000000e+03
7.109000000000000000e+03
7.110000000000000000e+03
7.111000000000000000e+03
7.112000000000000000e+03
7.113000000000000000e+03
7.114000000000000000e+03
7.115000000000000000e+03
7.116000000000000000e+03
7.118000000000000000e+03
7.119000000000000000e+03
7.120000000000000000e+03
7.122000000000000000e+03
7.123000000000000000e+03
7.124000000000000000e+03
7.125000000000000000e+03
7.126000000000000000e+03
7.127000000000000000e+03
7.128000000000000000e+03
7.129000000000000000e+03
7.130000000000000000e+03
7.131000000000000000e+03
7.132000000000000000e+03
7.133000000000000000e+03
7.134000000000000000e+03
7.135000000000000000e+03
7.136000000000000000e+03
7.137000000000000000e+03
7.138000000000000000e+03
7.139000000000000000e+03
7.140000000000000000e+03
7.141000000000000000e+03
7.142000000000000000e+03
7.143000000000000000e+03
7.144000000000000000e+03
7.145000000000000000e+03
7.146000000000000000e+03
7.147000000000000000e+03
7.148000000000000000e+03
7.149000000000000000e+03
7.150000000000000000e+03
7.151000000000000000e+03
7.152000000000000000e+03
7.153000000000000000e+03
7.154000000000000000e+03
7.155000000000000000e+03
7.156000000000000000e+03
7.157000000000000000e+03
7.158000000000000000e+03
7.159000000000000000e+03
7.160000000000000000e+03
7.161000000000000000e+03
7.162000000000000000e+03
7.163000000000000000e+03
7.164000000000000000e+03
7.165000000000000000e+03
7.166000000000000000e+03
7.167000000000000000e+03
7.168000000000000000e+03
7.169000000000000000e+03
7.170000000000000000e+03
7.171000000000000000e+03
7.172000000000000000e+03
7.173000000000000000e+03
7.174000000000000000e+03
7.175000000000000000e+03
7.176000000000000000e+03
7.177000000000000000e+03
7.178000000000000000e+03
7.179000000000000000e+03
7.180000000000000000e+03
7.181000000000000000e+03
7.182000000000000000e+03
7.183000000000000000e+03
7.184000000000000000e+03
7.185000000000000000e+03
7.186000000000000000e+03
7.187000000000000000e+03
7.188000000000000000e+03
7.189000000000000000e+03
7.190000000000000000e+03
7.191000000000000000e+03
7.192000000000000000e+03
7.193000000000000000e+03
7.194000000000000000e+03
7.195000000000000000e+03
7.196000000000000000e+03
7.197000000000000000e+03
7.198000000000000000e+03
7.199000000000000000e+03
7.200000000000000000e+03
7.201000000000000000e+03
7.202000000000000000e+03
7.203000000000000000e+03
7.204000000000000000e+03
7.205000000000000000e+03
7.206000000000000000e+03
7.207000000000000000e+03
7.208000000000000000e+03
7.210000000000000000e+03
7.211000000000000000e+03
7.212000000000000000e+03
7.215000000000000000e+03
7.216000000000000000e+03
7.219000000000000000e+03
7.223000000000000000e+03
1.109800000000000000e+04
1.109900000000000000e+04
1.110000000000000000e+04
1.110100000000000000e+04
1.110200000000000000e+04
1.110300000000000000e+04
1.110400000000000000e+04
1.110500000000000000e+04
1.110600000000000000e+04
1.110700000000000000e+04
1.110800000000000000e+04
1.159500000000000000e+04
1.159600000000000000e+04
1.159700000000000000e+04
1.224700000000000000e+04
1.224800000000000000e+04
1.224900000000000000e+04
1.225000000000000000e+04
1.225300000000000000e+04
1.225700000000000000e+04
1.226100000000000000e+04
1.226500000000000000e+04
1.226900000000000000e+04
1.227300000000000000e+04
1.227500000000000000e+04
1.227600000000000000e+04
1.227700000000000000e+04
1.228000000000000000e+04
1.228100000000000000e+04
1.228400000000000000e+04
1.228500000000000000e+04
1.228700000000000000e+04
1.228800000000000000e+04
1.228900000000000000e+04
1.229000000000000000e+04
1.229100000000000000e+04
1.229200000000000000e+04
1.229300000000000000e+04
1.229400000000000000e+04
1.229500000000000000e+04
1.229600000000000000e+04
1.229700000000000000e+04
1.230000000000000000e+04
1.230100000000000000e+04
1.230400000000000000e+04
1.230500000000000000e+04
1.230800000000000000e+04
1.230900000000000000e+04
1.231100000000000000e+04
1.231200000000000000e+04
1.231300000000000000e+04
1.231400000000000000e+04
1.231500000000000000e+04
1.231600000000000000e+04
1.231700000000000000e+04
1.231800000000000000e+04
1.231900000000000000e+04
1.232000000000000000e+04
1.232100000000000000e+04
1.232200000000000000e+04
1.232300000000000000e+04
1.232400000000000000e+04
1.232500000000000000e+04
1.232600000000000000e+04
1.232700000000000000e+04
1.232800000000000000e+04
1.232900000000000000e+04
1.233000000000000000e+04
1.233100000000000000e+04
1.233200000000000000e+04
1.233300000000000000e+04
1.233400000000000000e+04
1.233500000000000000e+04
1.233600000000000000e+04
1.233700000000000000e+04
1.233800000000000000e+04
1.233900000000000000e+04
1.234000000000000000e+04
1.234100000000000000e+04
1.234200000000000000e+04
1.234300000000000000e+04
1.234400000000000000e+04
1.234500000000000000e+04
1.234600000000000000e+04
1.234700000000000000e+04
1.234800000000000000e+04
1.234900000000000000e+04
1.235000000000000000e+04
1.235100000000000000e+04
1.235200000000000000e+04
1.235300000000000000e+04
1.235400000000000000e+04
1.235500000000000000e+04
1.235600000000000000e+04
1.235700000000000000e+04
1.235800000000000000e+04
1.235900000000000000e+04
1.236000000000000000e+04
1.236100000000000000e+04
1.236200000000000000e+04
1.236300000000000000e+04
1.236400000000000000e+04
1.236500000000000000e+04
1.236600000000000000e+04
1.236700000000000000e+04
1.236800000000000000e+04
1.236900000000000000e+04
1.237000000000000000e+04
1.237100000000000000e+04
1.237200000000000000e+04
1.237300000000000000e+04
1.237400000000000000e+04
1.237500000000000000e+04
1.237600000000000000e+04
1.237700000000000000e+04
1.237800000000000000e+04
1.237900000000000000e+04
1.238000000000000000e+04
1.238100000000000000e+04
1.238200000000000000e+04
1.238300000000000000e+04
1.238400000000000000e+04
1.238500000000000000e+04
1.238600000000000000e+04
1.238700000000000000e+04
1.238800000000000000e+04
1.238900000000000000e+04
1.239000000000000000e+04
1.239100000000000000e+04
1.239200000000000000e+04
1.239300000000000000e+04
1.239400000000000000e+04
1.239500000000000000e+04
1.239600000000000000e+04
1.239700000000000000e+04
1.239800000000000000e+04
1.239900000000000000e+04
1.240000000000000000e+04
1.240100000000000000e+04
1.240200000000000000e+04
1.240300000000000000e+04
1.240400000000000000e+04
1.240500000000000000e+04
1.240600000000000000e+04
1.240700000000000000e+04
1.240800000000000000e+04
1.240900000000000000e+04
1.241000000000000000e+04
1.241100000000000000e+04
1.241200000000000000e+04
1.241300000000000000e+04
1.241400000000000000e+04
1.241500000000000000e+04
1.241600000000000000e+04
1.241700000000000000e+04
1.241800000000000000e+04
1.241900000000000000e+04
1.242000000000000000e+04
1.242100000000000000e+04
1.242200000000000000e+04
1.242300000000000000e+04
1.242400000000000000e+04
1.242500000000000000e+04
1.242600000000000000e+04
1.242700000000000000e+04
1.242800000000000000e+04
1.242900000000000000e+04
1.243000000000000000e+04
1.243100000000000000e+04
1.243200000000000000e+04
1.243300000000000000e+04
1.243400000000000000e+04
1.243500000000000000e+04
1.243600000000000000e+04
1.243700000000000000e+04
1.243800000000000000e+04
1.243900000000000000e+04
1.244000000000000000e+04
1.244100000000000000e+04
1.244200000000000000e+04
1.244300000000000000e+04
1.244400000000000000e+04
1.244500000000000000e+04
1.244600000000000000e+04
1.244700000000000000e+04
1.244800000000000000e+04
1.244900000000000000e+04
1.245000000000000000e+04
1.245100000000000000e+04
1.245200000000000000e+04
1.245300000000000000e+04
1.245400000000000000e+04
1.245500000000000000e+04
1.245600000000000000e+04
1.245700000000000000e+04
1.245800000000000000e+04
1.245900000000000000e+04
1.246000000000000000e+04
1.246100000000000000e+04
1.246200000000000000e+04
1.246300000000000000e+04
1.246400000000000000e+04
1.246500000000000000e+04
1.246600000000000000e+04
1.246700000000000000e+04
1.246800000000000000e+04
1.246900000000000000e+04
1.247000000000000000e+04
1.247100000000000000e+04
1.247200000000000000e+04
1.247300000000000000e+04
1.247400000000000000e+04
1.247500000000000000e+04
1.247600000000000000e+04
1.247700000000000000e+04
1.247800000000000000e+04
1.247900000000000000e+04
1.248000000000000000e+04
1.248100000000000000e+04
1.248200000000000000e+04
1.248300000000000000e+04
1.248400000000000000e+04
1.248500000000000000e+04
1.248600000000000000e+04
1.248700000000000000e+04
1.248800000000000000e+04
1.248900000000000000e+04
1.249000000000000000e+04
1.249100000000000000e+04
1.249200000000000000e+04
1.249300000000000000e+04
1.249700000000000000e+04
1.257200000000000000e+04
1.257300000000000000e+04
1.257400000000000000e+04
1.257500000000000000e+04
1.257600000000000000e+04
1.257700000000000000e+04
1.322100000000000000e+04
1.322200000000000000e+04
1.322300000000000000e+04
1.322400000000000000e+04
1.322500000000000000e+04
1.322600000000000000e+04
1.322700000000000000e+04
1.322800000000000000e+04
1.322900000000000000e+04
1.323000000000000000e+04
1.323100000000000000e+04
1.323200000000000000e+04
1.323300000000000000e+04
1.323400000000000000e+04
1.323500000000000000e+04
1.323600000000000000e+04
1.323700000000000000e+04
1.323800000000000000e+04
1.323900000000000000e+04
1.324000000000000000e+04
1.324100000000000000e+04
1.324200000000000000e+04
1.324300000000000000e+04
1.324400000000000000e+04
1.324500000000000000e+04
1.324600000000000000e+04
1.324700000000000000e+04
1.324800000000000000e+04
1.324900000000000000e+04
1.325000000000000000e+04
1.325100000000000000e+04
1.325200000000000000e+04
1.325300000000000000e+04
1.325400000000000000e+04
1.325500000000000000e+04
1.325600000000000000e+04
1.325700000000000000e+04
1.325800000000000000e+04
1.325900000000000000e+04
1.326000000000000000e+04
1.326100000000000000e+04
1.326200000000000000e+04
1.326300000000000000e+04
1.326400000000000000e+04
1.326500000000000000e+04
1.326600000000000000e+04
1.326700000000000000e+04
1.326800000000000000e+04
1.326900000000000000e+04
1.327000000000000000e+04
1.327100000000000000e+04
1.327200000000000000e+04
1.327300000000000000e+04
1.327400000000000000e+04
1.327500000000000000e+04
1.327600000000000000e+04
1.327700000000000000e+04
1.327800000000000000e+04
1.327900000000000000e+04
1.328000000000000000e+04
1.328100000000000000e+04
1.328200000000000000e+04
1.328300000000000000e+04
1.328400000000000000e+04
1.328500000000000000e+04
1.328600000000000000e+04
1.328700000000000000e+04
1.328800000000000000e+04
1.328900000000000000e+04
1.329000000000000000e+04
1.329100000000000000e+04
1.329200000000000000e+04
1.329300000000000000e+04
1.329400000000000000e+04
1.329500000000000000e+04
1.329600000000000000e+04
1.329700000000000000e+04
1.329800000000000000e+04
1.329900000000000000e+04
1.330000000000000000e+04
1.330100000000000000e+04
1.330200000000000000e+04
1.330300000000000000e+04
1.330400000000000000e+04
1.330500000000000000e+04
1.330600000000000000e+04
1.330700000000000000e+04
1.330800000000000000e+04
1.330900000000000000e+04
1.331000000000000000e+04
1.331100000000000000e+04
1.331200000000000000e+04
1.331300000000000000e+04
1.331400000000000000e+04
1.331500000000000000e+04
1.331600000000000000e+04
1.331700000000000000e+04
1.331800000000000000e+04
1.331900000000000000e+04
1.332000000000000000e+04
1.332100000000000000e+04
1.332200000000000000e+04
1.332300000000000000e+04
1.332400000000000000e+04
1.332500000000000000e+04
1.332600000000000000e+04
1.332700000000000000e+04
1.332800000000000000e+04
1.332900000000000000e+04
1.333000000000000000e+04
1.333100000000000000e+04
1.333200000000000000e+04
1.333300000000000000e+04
1.333400000000000000e+04
1.333500000000000000e+04
1.333600000000000000e+04
1.333700000000000000e+04
1.333800000000000000e+04
1.333900000000000000e+04
1.334000000000000000e+04
1.334100000000000000e+04
1.334200000000000000e+04
1.334300000000000000e+04
1.334400000000000000e+04
1.334500000000000000e+04
1.334600000000000000e+04
1.334700000000000000e+04
1.334800000000000000e+04
1.334900000000000000e+04
1.335000000000000000e+04
1.335100000000000000e+04
1.335200000000000000e+04
1.335300000000000000e+04
1.335400000000000000e+04
1.335500000000000000e+04
1.335600000000000000e+04
1.335700000000000000e+04
1.335800000000000000e+04
1.335900000000000000e+04
1.336000000000000000e+04
1.336100000000000000e+04
1.336200000000000000e+04
1.336300000000000000e+04
1.336400000000000000e+04
1.336500000000000000e+04
1.336600000000000000e+04
1.336700000000000000e+04
1.336800000000000000e+04
1.336900000000000000e+04
1.337000000000000000e+04
1.337100000000000000e+04
1.337200000000000000e+04
1.337300000000000000e+04
1.337400000000000000e+04
1.337500000000000000e+04
1.337600000000000000e+04
1.337700000000000000e+04
1.337800000000000000e+04
1.337900000000000000e+04
1.338000000000000000e+04
1.338100000000000000e+04
1.338200000000000000e+04
1.338300000000000000e+04
1.338400000000000000e+04
1.338500000000000000e+04
1.338600000000000000e+04
1.338700000000000000e+04
1.338800000000000000e+04
1.338900000000000000e+04
1.339000000000000000e+04
1.339100000000000000e+04
1.339200000000000000e+04
1.339300000000000000e+04
1.356500000000000000e+04
1.356600000000000000e+04
1.356900000000000000e+04
1.357000000000000000e+04
1.357300000000000000e+04
1.357400000000000000e+04
1.357700000000000000e+04
1.357800000000000000e+04
1.357900000000000000e+04
1.358000000000000000e+04
1.358100000000000000e+04
1.358200000000000000e+04
1.358300000000000000e+04
1.358400000000000000e+04
1.358500000000000000e+04
1.358600000000000000e+04
1.358700000000000000e+04
1.358800000000000000e+04
1.358900000000000000e+04
1.359000000000000000e+04
1.359100000000000000e+04
1.359200000000000000e+04
1.359300000000000000e+04
1.359400000000000000e+04
1.359500000000000000e+04
1.359600000000000000e+04
1.359700000000000000e+04
1.359800000000000000e+04
1.359900000000000000e+04
1.360000000000000000e+04
1.360100000000000000e+04
1.360200000000000000e+04
1.360300000000000000e+04
1.360400000000000000e+04
1.360500000000000000e+04
1.360600000000000000e+04
1.360700000000000000e+04
1.360800000000000000e+04
1.360900000000000000e+04
1.361000000000000000e+04
1.361400000000000000e+04
1.361800000000000000e+04
1.362100000000000000e+04
1.362200000000000000e+04
1.362500000000000000e+04
1.362600000000000000e+04
1.362900000000000000e+04
1.363000000000000000e+04
1.363300000000000000e+04
1.363400000000000000e+04
1.363700000000000000e+04
1.363800000000000000e+04
1.364100000000000000e+04
1.364200000000000000e+04
1.364500000000000000e+04
1.364600000000000000e+04
1.364900000000000000e+04
1.365000000000000000e+04
1.365300000000000000e+04
1.365400000000000000e+04
1.365700000000000000e+04
1.365800000000000000e+04
1.365900000000000000e+04
1.366100000000000000e+04
1.366200000000000000e+04
1.366500000000000000e+04
1.366600000000000000e+04
1.366900000000000000e+04
1.367000000000000000e+04
1.367400000000000000e+04
1.407600000000000000e+04
1.408000000000000000e+04
1.408400000000000000e+04
1.408500000000000000e+04
1.408700000000000000e+04
1.408800000000000000e+04
1.408900000000000000e+04
1.409100000000000000e+04
1.409200000000000000e+04
1.409300000000000000e+04
1.409500000000000000e+04
1.409600000000000000e+04
1.409700000000000000e+04
1.410100000000000000e+04
1.412100000000000000e+04
1.412900000000000000e+04
1.413300000000000000e+04
1.413700000000000000e+04
1.414000000000000000e+04
1.414100000000000000e+04
1.414400000000000000e+04
1.414500000000000000e+04
1.414700000000000000e+04
1.414800000000000000e+04
1.414900000000000000e+04
1.415100000000000000e+04
1.415200000000000000e+04
1.415300000000000000e+04
1.415500000000000000e+04
1.415600000000000000e+04
1.415700000000000000e+04
1.415800000000000000e+04
1.415900000000000000e+04
1.416000000000000000e+04
1.416100000000000000e+04
1.416200000000000000e+04
1.416300000000000000e+04
1.416400000000000000e+04
1.416500000000000000e+04
1.416600000000000000e+04
1.416700000000000000e+04
1.416800000000000000e+04
1.416900000000000000e+04
1.417000000000000000e+04
1.417100000000000000e+04
1.417200000000000000e+04
1.417300000000000000e+04
1.417400000000000000e+04
1.417500000000000000e+04
1.417600000000000000e+04
1.417700000000000000e+04
1.417800000000000000e+04
1.417900000000000000e+04
1.418000000000000000e+04
1.418100000000000000e+04
1.418200000000000000e+04
1.418300000000000000e+04
1.418400000000000000e+04
1.418500000000000000e+04
1.418600000000000000e+04
1.418700000000000000e+04
1.418800000000000000e+04
1.418900000000000000e+04
1.419000000000000000e+04
1.419100000000000000e+04
1.419200000000000000e+04
1.419300000000000000e+04
1.419400000000000000e+04
1.419500000000000000e+04
1.419600000000000000e+04
1.419700000000000000e+04
1.419800000000000000e+04
1.419900000000000000e+04
1.420000000000000000e+04
1.420100000000000000e+04
1.420200000000000000e+04
1.420300000000000000e+04
1.420400000000000000e+04
1.420500000000000000e+04
1.420600000000000000e+04
1.420700000000000000e+04
1.420800000000000000e+04
1.420900000000000000e+04
1.421000000000000000e+04
1.421100000000000000e+04
1.421200000000000000e+04
1.421300000000000000e+04
1.421400000000000000e+04
1.421500000000000000e+04
1.421600000000000000e+04
1.421700000000000000e+04
1.421800000000000000e+04
1.421900000000000000e+04
1.422000000000000000e+04
1.422100000000000000e+04
1.422300000000000000e+04
1.422500000000000000e+04
1.422600000000000000e+04
1.422700000000000000e+04
1.422900000000000000e+04
1.423300000000000000e+04
1.423500000000000000e+04
1.423700000000000000e+04
1.425500000000000000e+04
1.425700000000000000e+04
1.425900000000000000e+04
1.426100000000000000e+04
1.426200000000000000e+04
1.426300000000000000e+04
1.426400000000000000e+04
1.426500000000000000e+04
1.426600000000000000e+04
1.426700000000000000e+04
1.426800000000000000e+04
1.426900000000000000e+04
1.427000000000000000e+04
1.427100000000000000e+04
1.427200000000000000e+04
1.427300000000000000e+04
1.427400000000000000e+04
1.427500000000000000e+04
1.427700000000000000e+04
1.427800000000000000e+04
1.427900000000000000e+04
1.428100000000000000e+04
1.428200000000000000e+04
1.428300000000000000e+04
1.428500000000000000e+04
1.454100000000000000e+04
1.475900000000000000e+04
1.479300000000000000e+04
1.483700000000000000e+04
1.484500000000000000e+04
1.484900000000000000e+04
1.485300000000000000e+04
1.485700000000000000e+04
1.486100000000000000e+04
1.486400000000000000e+04
1.486500000000000000e+04
1.486600000000000000e+04
1.486800000000000000e+04
1.486900000000000000e+04
1.487000000000000000e+04
1.487100000000000000e+04
1.487200000000000000e+04
1.487300000000000000e+04
1.487700000000000000e+04
1.488100000000000000e+04
1.488400000000000000e+04
1.488500000000000000e+04
1.488900000000000000e+04
1.489300000000000000e+04
1.502900000000000000e+04
1.503000000000000000e+04
1.503100000000000000e+04
1.503200000000000000e+04
1.503300000000000000e+04
1.503400000000000000e+04
1.503500000000000000e+04
1.503600000000000000e+04
1.503700000000000000e+04
1.621000000000000000e+04
1.621200000000000000e+04
1.621600000000000000e+04
1.621800000000000000e+04
1.622000000000000000e+04
1.623900000000000000e+04
1.624000000000000000e+04
1.635100000000000000e+04
1.635400000000000000e+04
1.635500000000000000e+04
1.635700000000000000e+04
1.635800000000000000e+04
1.635900000000000000e+04
1.636000000000000000e+04
1.636100000000000000e+04
1.636200000000000000e+04
1.636300000000000000e+04
1.636400000000000000e+04
1.636500000000000000e+04
1.636600000000000000e+04
1.636700000000000000e+04
1.636800000000000000e+04
1.636900000000000000e+04
1.637000000000000000e+04
1.637100000000000000e+04
1.637200000000000000e+04
1.637300000000000000e+04
1.637400000000000000e+04
1.637500000000000000e+04
1.637600000000000000e+04
1.637700000000000000e+04
1.637800000000000000e+04
1.637900000000000000e+04
1.638000000000000000e+04
1.638100000000000000e+04
1.638200000000000000e+04
1.638300000000000000e+04
1.638400000000000000e+04
1.638500000000000000e+04
1.638600000000000000e+04
1.638700000000000000e+04
1.638800000000000000e+04
1.638900000000000000e+04
1.639000000000000000e+04
1.639100000000000000e+04
1.639200000000000000e+04
1.639300000000000000e+04
1.639400000000000000e+04
1.639500000000000000e+04
1.639600000000000000e+04
1.639700000000000000e+04
1.639800000000000000e+04
1.639900000000000000e+04
1.640000000000000000e+04
1.640100000000000000e+04
1.640200000000000000e+04
1.640300000000000000e+04
1.640400000000000000e+04
1.640500000000000000e+04
1.640600000000000000e+04
1.640700000000000000e+04
1.640800000000000000e+04
1.640900000000000000e+04
1.641000000000000000e+04
1.641100000000000000e+04
1.641200000000000000e+04
1.641300000000000000e+04
1.641400000000000000e+04
1.641500000000000000e+04
1.641600000000000000e+04
1.641700000000000000e+04
1.641800000000000000e+04
1.641900000000000000e+04
1.642000000000000000e+04
1.642100000000000000e+04
1.642200000000000000e+04
1.642300000000000000e+04
1.642400000000000000e+04
1.642500000000000000e+04
1.642600000000000000e+04
1.642700000000000000e+04
1.642800000000000000e+04
1.642900000000000000e+04
1.643000000000000000e+04
1.643100000000000000e+04
1.643200000000000000e+04
1.643300000000000000e+04
1.643400000000000000e+04
1.643500000000000000e+04
1.643600000000000000e+04
1.643700000000000000e+04
1.643800000000000000e+04
1.643900000000000000e+04
1.644000000000000000e+04
1.644100000000000000e+04
1.644200000000000000e+04
1.644300000000000000e+04
1.644400000000000000e+04
1.644500000000000000e+04
1.644600000000000000e+04
1.644700000000000000e+04
1.644800000000000000e+04
1.644900000000000000e+04
1.645000000000000000e+04
1.645100000000000000e+04
1.645200000000000000e+04
1.645300000000000000e+04
1.645400000000000000e+04
1.645500000000000000e+04
1.645600000000000000e+04
1.645700000000000000e+04
1.645800000000000000e+04
1.645900000000000000e+04
1.646000000000000000e+04
1.646100000000000000e+04
1.646200000000000000e+04
1.646300000000000000e+04
1.646400000000000000e+04
1.646500000000000000e+04
1.646600000000000000e+04
1.646700000000000000e+04
1.646800000000000000e+04
1.646900000000000000e+04
1.647000000000000000e+04
1.647100000000000000e+04
1.647200000000000000e+04
1.647300000000000000e+04
1.647400000000000000e+04
1.647500000000000000e+04
1.647600000000000000e+04
1.647700000000000000e+04
1.647800000000000000e+04
1.647900000000000000e+04
1.648000000000000000e+04
1.648100000000000000e+04
1.648200000000000000e+04
1.648300000000000000e+04
1.648400000000000000e+04
1.648500000000000000e+04
1.648600000000000000e+04
1.648700000000000000e+04
1.648800000000000000e+04
1.648900000000000000e+04
1.649000000000000000e+04
1.649100000000000000e+04
1.649200000000000000e+04
1.649300000000000000e+04
1.649400000000000000e+04
1.649500000000000000e+04
1.649600000000000000e+04
1.649700000000000000e+04
1.649800000000000000e+04
1.649900000000000000e+04
1.650000000000000000e+04
1.650100000000000000e+04
1.650200000000000000e+04
1.650300000000000000e+04
1.650400000000000000e+04
1.650500000000000000e+04
1.650600000000000000e+04
1.650700000000000000e+04
1.650800000000000000e+04
1.650900000000000000e+04
1.651000000000000000e+04
1.651100000000000000e+04
1.651200000000000000e+04
1.651300000000000000e+04
1.651400000000000000e+04
1.651500000000000000e+04
1.651600000000000000e+04
1.651700000000000000e+04
1.651800000000000000e+04
1.651900000000000000e+04
1.652000000000000000e+04
1.652100000000000000e+04
1.652200000000000000e+04
1.652300000000000000e+04
1.652400000000000000e+04
1.652500000000000000e+04
1.652600000000000000e+04
1.652700000000000000e+04
1.652800000000000000e+04
1.652900000000000000e+04
1.653000000000000000e+04
1.653100000000000000e+04
1.653200000000000000e+04
1.653300000000000000e+04
1.653400000000000000e+04
1.653500000000000000e+04
1.653600000000000000e+04
1.653700000000000000e+04
1.653800000000000000e+04
1.653900000000000000e+04
1.654000000000000000e+04
1.654100000000000000e+04
1.654200000000000000e+04
1.654300000000000000e+04
1.654400000000000000e+04
1.654500000000000000e+04
1.654600000000000000e+04
1.654700000000000000e+04
1.654800000000000000e+04
1.654900000000000000e+04
1.655000000000000000e+04
1.655100000000000000e+04
1.655200000000000000e+04
1.655300000000000000e+04
1.655400000000000000e+04
1.655500000000000000e+04
1.655600000000000000e+04
1.655700000000000000e+04
1.655800000000000000e+04
1.655900000000000000e+04
1.656000000000000000e+04
1.656100000000000000e+04
1.656200000000000000e+04
1.656300000000000000e+04
1.656400000000000000e+04
1.656500000000000000e+04
1.656600000000000000e+04
1.656700000000000000e+04
1.656800000000000000e+04
1.656900000000000000e+04
1.657000000000000000e+04
1.657100000000000000e+04
1.657200000000000000e+04
1.657300000000000000e+04
1.657400000000000000e+04
1.657500000000000000e+04
1.657600000000000000e+04
1.657700000000000000e+04
1.657800000000000000e+04
1.657900000000000000e+04
1.658000000000000000e+04
1.658100000000000000e+04
1.658200000000000000e+04
1.658300000000000000e+04
1.658400000000000000e+04
1.658500000000000000e+04
1.658600000000000000e+04
1.658700000000000000e+04
1.658800000000000000e+04
1.658900000000000000e+04
1.659000000000000000e+04
1.659100000000000000e+04
1.659200000000000000e+04
1.659300000000000000e+04
1.659400000000000000e+04
1.659500000000000000e+04
1.659600000000000000e+04
1.659700000000000000e+04
1.659800000000000000e+04
1.659900000000000000e+04
1.660000000000000000e+04
1.660100000000000000e+04
1.660200000000000000e+04
1.660300000000000000e+04
1.660400000000000000e+04
1.660500000000000000e+04
1.660600000000000000e+04
1.660700000000000000e+04
1.660800000000000000e+04
1.660900000000000000e+04
1.661000000000000000e+04
1.661100000000000000e+04
1.661200000000000000e+04
1.661300000000000000e+04
1.661400000000000000e+04
1.661500000000000000e+04
1.661600000000000000e+04
1.661700000000000000e+04
1.661800000000000000e+04
1.661900000000000000e+04
1.662000000000000000e+04
1.662100000000000000e+04
1.662200000000000000e+04
1.662300000000000000e+04
1.662400000000000000e+04
1.662500000000000000e+04
1.662600000000000000e+04
1.662700000000000000e+04
1.662800000000000000e+04
1.662900000000000000e+04
1.663000000000000000e+04
1.663100000000000000e+04
1.663200000000000000e+04
1.663300000000000000e+04
1.663400000000000000e+04
1.663500000000000000e+04
1.663600000000000000e+04
1.663700000000000000e+04
1.663800000000000000e+04
1.663900000000000000e+04
1.664000000000000000e+04
1.664100000000000000e+04
1.664200000000000000e+04
1.664300000000000000e+04
1.664400000000000000e+04
1.664500000000000000e+04
1.664600000000000000e+04
1.664700000000000000e+04
1.664800000000000000e+04
1.664900000000000000e+04
1.665000000000000000e+04
1.665100000000000000e+04
1.665200000000000000e+04
1.665300000000000000e+04
1.665400000000000000e+04
1.665500000000000000e+04
1.665600000000000000e+04
1.665700000000000000e+04
1.665800000000000000e+04
1.665900000000000000e+04
1.666000000000000000e+04
1.666100000000000000e+04
1.666200000000000000e+04
1.666300000000000000e+04
1.666400000000000000e+04
1.666500000000000000e+04
1.666600000000000000e+04
1.666700000000000000e+04
1.666800000000000000e+04
1.666900000000000000e+04
1.667000000000000000e+04
1.667100000000000000e+04
1.667200000000000000e+04
1.667300000000000000e+04
1.667400000000000000e+04
1.667500000000000000e+04
1.667600000000000000e+04
1.667700000000000000e+04
1.667800000000000000e+04
1.667900000000000000e+04
1.668000000000000000e+04
1.668100000000000000e+04
1.668200000000000000e+04
1.668300000000000000e+04
1.668400000000000000e+04
1.668500000000000000e+04
1.668600000000000000e+04
1.668700000000000000e+04
1.668800000000000000e+04
1.668900000000000000e+04
1.669000000000000000e+04
1.669100000000000000e+04
1.669200000000000000e+04
1.669300000000000000e+04
1.669400000000000000e+04
1.669500000000000000e+04
1.669600000000000000e+04
1.669700000000000000e+04
1.669800000000000000e+04
1.669900000000000000e+04
1.670000000000000000e+04
1.670100000000000000e+04
1.670200000000000000e+04
1.670300000000000000e+04
1.670400000000000000e+04
1.670500000000000000e+04
1.670600000000000000e+04
1.670700000000000000e+04
1.670800000000000000e+04
1.670900000000000000e+04
1.671000000000000000e+04
1.671100000000000000e+04
1.671200000000000000e+04
1.671300000000000000e+04
1.671400000000000000e+04
1.671500000000000000e+04
1.671600000000000000e+04
1.671700000000000000e+04
1.671800000000000000e+04
1.671900000000000000e+04
1.672000000000000000e+04
1.672100000000000000e+04
1.672200000000000000e+04
1.672300000000000000e+04
1.672400000000000000e+04
1.672500000000000000e+04
1.672600000000000000e+04
1.672700000000000000e+04
1.672800000000000000e+04
1.672900000000000000e+04
1.673000000000000000e+04
1.673100000000000000e+04
1.673200000000000000e+04
1.673300000000000000e+04
1.673400000000000000e+04
1.673500000000000000e+04
1.673600000000000000e+04
1.673700000000000000e+04
1.673800000000000000e+04
1.673900000000000000e+04
1.674000000000000000e+04
1.674100000000000000e+04
1.674200000000000000e+04
1.674300000000000000e+04
1.674400000000000000e+04
1.674500000000000000e+04
1.674600000000000000e+04
1.674700000000000000e+04
1.674800000000000000e+04
1.674900000000000000e+04
1.675000000000000000e+04
1.675100000000000000e+04
1.675200000000000000e+04
1.675300000000000000e+04
1.675400000000000000e+04
1.675500000000000000e+04
1.675600000000000000e+04
1.675700000000000000e+04
1.675800000000000000e+04
1.675900000000000000e+04
1.676000000000000000e+04
1.676100000000000000e+04
1.676200000000000000e+04
1.676300000000000000e+04
1.676400000000000000e+04
1.676500000000000000e+04
1.676600000000000000e+04
1.676700000000000000e+04
1.676800000000000000e+04
1.676900000000000000e+04
1.677000000000000000e+04
1.677100000000000000e+04
1.677200000000000000e+04
1.677300000000000000e+04
1.677400000000000000e+04
1.677500000000000000e+04
1.677600000000000000e+04
1.677700000000000000e+04
1.677800000000000000e+04
1.677900000000000000e+04
1.678000000000000000e+04
1.678100000000000000e+04
1.678200000000000000e+04
1.678300000000000000e+04
1.678400000000000000e+04
1.678500000000000000e+04
1.678600000000000000e+04
1.678700000000000000e+04
1.678800000000000000e+04
1.678900000000000000e+04
1.679000000000000000e+04
1.679100000000000000e+04
1.679200000000000000e+04
1.679300000000000000e+04
1.679400000000000000e+04
1.679500000000000000e+04
1.679600000000000000e+04
1.679700000000000000e+04
1.679800000000000000e+04
1.679900000000000000e+04
1.680000000000000000e+04
1.680100000000000000e+04
1.680200000000000000e+04
1.680300000000000000e+04
1.680400000000000000e+04
1.680500000000000000e+04
1.680600000000000000e+04
1.680700000000000000e+04
1.680800000000000000e+04
1.680900000000000000e+04
1.681000000000000000e+04
1.681100000000000000e+04
1.681200000000000000e+04
1.681300000000000000e+04
1.681400000000000000e+04
1.681500000000000000e+04
1.681600000000000000e+04
1.681700000000000000e+04
1.681800000000000000e+04
1.681900000000000000e+04
1.682000000000000000e+04
1.682100000000000000e+04
1.682200000000000000e+04
1.682300000000000000e+04
1.682400000000000000e+04
1.682500000000000000e+04
1.682600000000000000e+04
1.682700000000000000e+04
1.682800000000000000e+04
1.682900000000000000e+04
1.683000000000000000e+04
1.683100000000000000e+04
1.683200000000000000e+04
1.683300000000000000e+04
1.683400000000000000e+04
1.683500000000000000e+04
1.683600000000000000e+04
1.683700000000000000e+04
1.683800000000000000e+04
1.683900000000000000e+04
1.684000000000000000e+04
1.684100000000000000e+04
1.684200000000000000e+04
1.684300000000000000e+04
1.684400000000000000e+04
1.684500000000000000e+04
1.684600000000000000e+04
1.684700000000000000e+04
1.684800000000000000e+04
1.684900000000000000e+04
1.685000000000000000e+04
1.685100000000000000e+04
1.685200000000000000e+04
1.685300000000000000e+04
1.685400000000000000e+04
1.685500000000000000e+04
1.685600000000000000e+04
1.685700000000000000e+04
1.685800000000000000e+04
1.685900000000000000e+04
1.686000000000000000e+04
1.686100000000000000e+04
1.686200000000000000e+04
1.686300000000000000e+04
1.686400000000000000e+04
1.686500000000000000e+04
1.686600000000000000e+04
1.686700000000000000e+04
1.686800000000000000e+04
1.686900000000000000e+04
1.687000000000000000e+04
1.687100000000000000e+04
1.687200000000000000e+04
1.687300000000000000e+04
1.687400000000000000e+04
1.687500000000000000e+04
1.687600000000000000e+04
1.687700000000000000e+04
1.687800000000000000e+04
1.687900000000000000e+04
1.688000000000000000e+04
1.688100000000000000e+04
1.688200000000000000e+04
1.688300000000000000e+04
1.688400000000000000e+04
1.688500000000000000e+04
1.688600000000000000e+04
1.688700000000000000e+04
1.688800000000000000e+04
1.688900000000000000e+04
1.689000000000000000e+04
1.689100000000000000e+04
1.689200000000000000e+04
1.689300000000000000e+04
1.689400000000000000e+04
1.689500000000000000e+04
1.689600000000000000e+04
1.689700000000000000e+04
1.689800000000000000e+04
1.689900000000000000e+04
1.690000000000000000e+04
1.690100000000000000e+04
1.690200000000000000e+04
1.690400000000000000e+04
1.690500000000000000e+04
1.740300000000000000e+04
1.740700000000000000e+04
1.741100000000000000e+04
1.743900000000000000e+04
1.744300000000000000e+04
1.744700000000000000e+04
1.745100000000000000e+04
1.745500000000000000e+04
1.745900000000000000e+04
1.746300000000000000e+04
1.746700000000000000e+04
1.747100000000000000e+04
1.747500000000000000e+04
1.747900000000000000e+04
1.748300000000000000e+04
1.748700000000000000e+04
1.749000000000000000e+04
1.749100000000000000e+04
1.749500000000000000e+04
1.749700000000000000e+04
1.749900000000000000e+04
1.750100000000000000e+04
1.750300000000000000e+04
1.750500000000000000e+04
1.750600000000000000e+04
1.750700000000000000e+04
1.751000000000000000e+04
1.751100000000000000e+04
1.751400000000000000e+04
1.751500000000000000e+04
1.751800000000000000e+04
1.751900000000000000e+04
1.752200000000000000e+04
1.752300000000000000e+04
1.752400000000000000e+04
1.752600000000000000e+04
1.752700000000000000e+04
1.753100000000000000e+04
2.006700000000000000e+04
2.006800000000000000e+04
2.006900000000000000e+04
2.007000000000000000e+04
2.007100000000000000e+04
2.007500000000000000e+04
2.007600000000000000e+04
2.007700000000000000e+04
2.007800000000000000e+04
2.007900000000000000e+04
2.008000000000000000e+04
2.008100000000000000e+04
2.008200000000000000e+04
2.008300000000000000e+04
2.008400000000000000e+04
2.008500000000000000e+04
2.008600000000000000e+04
2.008700000000000000e+04
2.008800000000000000e+04
2.008900000000000000e+04
2.009000000000000000e+04
2.009100000000000000e+04
2.009200000000000000e+04
2.009300000000000000e+04
2.009400000000000000e+04
2.009500000000000000e+04
2.009800000000000000e+04
2.009900000000000000e+04
2.010300000000000000e+04
2.136700000000000000e+04
2.137100000000000000e+04
2.137300000000000000e+04
2.137500000000000000e+04
2.137700000000000000e+04
2.188100000000000000e+04
2.188200000000000000e+04
2.188300000000000000e+04
2.188500000000000000e+04
2.188900000000000000e+04
2.189000000000000000e+04
2.189300000000000000e+04
2.189400000000000000e+04
2.189500000000000000e+04
2.189700000000000000e+04
2.189800000000000000e+04
2.189900000000000000e+04
2.190000000000000000e+04
2.190100000000000000e+04
2.190200000000000000e+04
2.190300000000000000e+04
2.190400000000000000e+04
2.190500000000000000e+04
2.190600000000000000e+04
2.190700000000000000e+04
2.190800000000000000e+04
2.190900000000000000e+04
2.191000000000000000e+04
2.191100000000000000e+04
2.191200000000000000e+04
2.191300000000000000e+04
2.191400000000000000e+04
2.191500000000000000e+04
2.191600000000000000e+04
2.191700000000000000e+04
2.191800000000000000e+04
2.191900000000000000e+04
2.192000000000000000e+04
2.192100000000000000e+04
2.192500000000000000e+04
2.192600000000000000e+04
2.192900000000000000e+04
2.193300000000000000e+04
2.193700000000000000e+04
2.194100000000000000e+04
2.194300000000000000e+04
2.194500000000000000e+04
2.194600000000000000e+04
2.194900000000000000e+04
2.195300000000000000e+04
2.195700000000000000e+04
2.196100000000000000e+04
2.196500000000000000e+04
2.196900000000000000e+04
2.224300000000000000e+04
2.224700000000000000e+04
2.228700000000000000e+04
2.229100000000000000e+04
2.229500000000000000e+04
2.229900000000000000e+04
2.230300000000000000e+04
2.230500000000000000e+04
2.230700000000000000e+04
2.231100000000000000e+04
2.231500000000000000e+04
2.231900000000000000e+04
2.232300000000000000e+04
2.318500000000000000e+04
2.318600000000000000e+04
2.318700000000000000e+04
2.318800000000000000e+04
2.318900000000000000e+04
2.319000000000000000e+04
2.319100000000000000e+04
2.319200000000000000e+04
2.319300000000000000e+04
2.319600000000000000e+04
2.319700000000000000e+04
2.320000000000000000e+04
2.320100000000000000e+04
2.320400000000000000e+04
2.320500000000000000e+04
2.320800000000000000e+04
2.320900000000000000e+04
2.321100000000000000e+04
2.321200000000000000e+04
2.321300000000000000e+04
2.321500000000000000e+04
2.321600000000000000e+04
2.321700000000000000e+04
2.321900000000000000e+04
2.322000000000000000e+04
2.322100000000000000e+04
2.322300000000000000e+04
2.322400000000000000e+04
2.322500000000000000e+04
2.322700000000000000e+04
2.322800000000000000e+04
2.322900000000000000e+04
2.323100000000000000e+04
2.323200000000000000e+04
2.323300000000000000e+04
2.323400000000000000e+04
2.323500000000000000e+04
2.323600000000000000e+04
2.323700000000000000e+04
2.323900000000000000e+04
2.324000000000000000e+04
2.324100000000000000e+04
2.324300000000000000e+04
2.324400000000000000e+04
2.324500000000000000e+04
2.324700000000000000e+04
2.324800000000000000e+04
2.324900000000000000e+04
2.325100000000000000e+04
2.325200000000000000e+04
2.325300000000000000e+04
2.325500000000000000e+04
2.325600000000000000e+04
2.325700000000000000e+04
2.325900000000000000e+04
2.326000000000000000e+04
2.326100000000000000e+04
2.326300000000000000e+04
2.326400000000000000e+04
2.326700000000000000e+04
2.326800000000000000e+04
2.327100000000000000e+04
2.327200000000000000e+04
2.327500000000000000e+04
2.327600000000000000e+04
2.327700000000000000e+04
2.327900000000000000e+04
2.328000000000000000e+04
2.328100000000000000e+04
2.328300000000000000e+04
2.328400000000000000e+04
2.328500000000000000e+04
2.328700000000000000e+04
2.328800000000000000e+04
2.328900000000000000e+04
2.329100000000000000e+04
2.329200000000000000e+04
2.329500000000000000e+04
2.329600000000000000e+04
2.329900000000000000e+04
2.330000000000000000e+04
2.330100000000000000e+04
2.330300000000000000e+04
2.330400000000000000e+04
2.330500000000000000e+04
2.330700000000000000e+04
2.330800000000000000e+04
2.330900000000000000e+04
2.331100000000000000e+04
2.331200000000000000e+04
2.331500000000000000e+04
2.331600000000000000e+04
2.331900000000000000e+04
2.332000000000000000e+04
2.332300000000000000e+04
2.332400000000000000e+04
2.332700000000000000e+04
2.332800000000000000e+04
2.333100000000000000e+04
2.333200000000000000e+04
2.333500000000000000e+04
2.333600000000000000e+04
2.333900000000000000e+04
2.334000000000000000e+04
2.334300000000000000e+04
2.334400000000000000e+04
2.334500000000000000e+04
2.334600000000000000e+04
2.334700000000000000e+04
2.334800000000000000e+04
2.334900000000000000e+04
2.335000000000000000e+04
2.335100000000000000e+04
2.335200000000000000e+04
2.335300000000000000e+04
2.335400000000000000e+04
2.335500000000000000e+04
2.335600000000000000e+04
2.335700000000000000e+04
2.335800000000000000e+04
2.335900000000000000e+04
2.336000000000000000e+04
2.336300000000000000e+04
2.336400000000000000e+04
2.336700000000000000e+04
2.337100000000000000e+04
2.337200000000000000e+04
2.338000000000000000e+04
2.338400000000000000e+04
2.339400000000000000e+04
2.341500000000000000e+04
2.341600000000000000e+04
2.341900000000000000e+04
2.342000000000000000e+04
2.342400000000000000e+04
2.342800000000000000e+04
2.343000000000000000e+04
2.343100000000000000e+04
2.343200000000000000e+04
2.343400000000000000e+04
2.343500000000000000e+04
2.343600000000000000e+04
2.344000000000000000e+04
2.344300000000000000e+04
2.344400000000000000e+04
2.344800000000000000e+04
2.345200000000000000e+04
2.345600000000000000e+04
2.346800000000000000e+04
2.347200000000000000e+04
2.347600000000000000e+04
2.348000000000000000e+04
2.348400000000000000e+04
2.348800000000000000e+04
2.349200000000000000e+04
2.349600000000000000e+04
2.350000000000000000e+04
2.350400000000000000e+04
2.350700000000000000e+04
2.350800000000000000e+04
2.350900000000000000e+04
2.351000000000000000e+04
2.351100000000000000e+04
2.351200000000000000e+04
2.351300000000000000e+04
2.351400000000000000e+04
2.351500000000000000e+04
2.351600000000000000e+04
2.351700000000000000e+04
2.351800000000000000e+04
2.351900000000000000e+04
2.352000000000000000e+04
2.384200000000000000e+04
2.384300000000000000e+04
2.400100000000000000e+04
2.400200000000000000e+04
2.400300000000000000e+04
2.400400000000000000e+04
2.400500000000000000e+04
2.400600000000000000e+04
2.400700000000000000e+04
2.416500000000000000e+04
2.416600000000000000e+04
2.416700000000000000e+04
2.449300000000000000e+04
2.449400000000000000e+04
2.449500000000000000e+04
2.449600000000000000e+04
2.449700000000000000e+04
2.465700000000000000e+04
2.581200000000000000e+04
2.581300000000000000e+04
2.581400000000000000e+04
2.582500000000000000e+04
2.582700000000000000e+04
2.582900000000000000e+04
2.583100000000000000e+04
2.583300000000000000e+04
2.583500000000000000e+04
2.583600000000000000e+04
2.583700000000000000e+04
2.583900000000000000e+04
2.584000000000000000e+04
2.584100000000000000e+04
2.584300000000000000e+04
2.584400000000000000e+04
2.584500000000000000e+04
2.584700000000000000e+04
2.584800000000000000e+04
2.584900000000000000e+04
2.585100000000000000e+04
2.585200000000000000e+04
2.585300000000000000e+04
2.585400000000000000e+04
2.585500000000000000e+04
2.585600000000000000e+04
2.585700000000000000e+04
2.585800000000000000e+04
2.585900000000000000e+04
2.586000000000000000e+04
2.586100000000000000e+04
2.586200000000000000e+04
2.586300000000000000e+04
2.586400000000000000e+04
2.586500000000000000e+04
2.586600000000000000e+04
2.586700000000000000e+04
2.586800000000000000e+04
2.586900000000000000e+04
2.587000000000000000e+04
2.587100000000000000e+04
2.587200000000000000e+04
2.587300000000000000e+04
2.587400000000000000e+04
2.587500000000000000e+04
2.587600000000000000e+04
2.587700000000000000e+04
2.587800000000000000e+04
2.587900000000000000e+04
2.588000000000000000e+04
2.588100000000000000e+04
2.588200000000000000e+04
2.588300000000000000e+04
2.588400000000000000e+04
2.588500000000000000e+04
2.588600000000000000e+04
2.588700000000000000e+04
2.588800000000000000e+04
2.588900000000000000e+04
2.589000000000000000e+04
2.589100000000000000e+04
2.589200000000000000e+04
2.589300000000000000e+04
2.589400000000000000e+04
2.589500000000000000e+04
2.589600000000000000e+04
2.589700000000000000e+04
2.589800000000000000e+04
2.589900000000000000e+04
2.590000000000000000e+04
2.590100000000000000e+04
2.590200000000000000e+04
2.590300000000000000e+04
2.590400000000000000e+04
2.590500000000000000e+04
2.590600000000000000e+04
2.590700000000000000e+04
2.590800000000000000e+04
2.590900000000000000e+04
2.591100000000000000e+04
2.591200000000000000e+04
2.591300000000000000e+04
2.591500000000000000e+04
2.591600000000000000e+04
2.591700000000000000e+04
2.591900000000000000e+04
2.592000000000000000e+04
2.592100000000000000e+04
2.592300000000000000e+04
2.592500000000000000e+04
2.592700000000000000e+04
2.592900000000000000e+04
2.593100000000000000e+04
2.597700000000000000e+04
2.630700000000000000e+04
2.630800000000000000e+04
2.646900000000000000e+04
2.647100000000000000e+04
2.712800000000000000e+04
2.766800000000000000e+04
2.767200000000000000e+04
2.767600000000000000e+04
2.778800000000000000e+04
2.778900000000000000e+04
2.779000000000000000e+04
2.779100000000000000e+04
2.779200000000000000e+04
2.779300000000000000e+04
2.779400000000000000e+04
2.782800000000000000e+04
2.783200000000000000e+04
2.783300000000000000e+04
2.783400000000000000e+04
2.783500000000000000e+04
2.783600000000000000e+04
2.783700000000000000e+04
2.783800000000000000e+04
2.783900000000000000e+04
2.784000000000000000e+04
2.784500000000000000e+04
2.794500000000000000e+04
2.794900000000000000e+04
2.795000000000000000e+04
2.795200000000000000e+04
2.795300000000000000e+04
2.795400000000000000e+04
2.795500000000000000e+04
2.795600000000000000e+04
2.795700000000000000e+04
2.795800000000000000e+04
2.795900000000000000e+04
2.796000000000000000e+04
2.796100000000000000e+04
2.796200000000000000e+04
2.796300000000000000e+04
2.796400000000000000e+04
2.796500000000000000e+04
2.796600000000000000e+04
2.796700000000000000e+04
2.796800000000000000e+04
2.796900000000000000e+04
2.797000000000000000e+04
2.797100000000000000e+04
2.797200000000000000e+04
2.797300000000000000e+04
2.797400000000000000e+04
2.797500000000000000e+04
2.797600000000000000e+04
2.797700000000000000e+04
2.797800000000000000e+04
2.797900000000000000e+04
2.798000000000000000e+04
2.798100000000000000e+04
2.798200000000000000e+04
2.798300000000000000e+04
2.798400000000000000e+04
2.798500000000000000e+04
2.798600000000000000e+04
2.798700000000000000e+04
2.798800000000000000e+04
2.798900000000000000e+04
2.799200000000000000e+04
2.799300000000000000e+04
2.799600000000000000e+04
2.799700000000000000e+04
2.800000000000000000e+04
2.800100000000000000e+04
2.800400000000000000e+04
2.800500000000000000e+04
2.800800000000000000e+04
2.800900000000000000e+04
2.801200000000000000e+04
2.801300000000000000e+04
2.801600000000000000e+04
2.801700000000000000e+04
2.801900000000000000e+04
2.802000000000000000e+04
2.802100000000000000e+04
2.802200000000000000e+04
2.802300000000000000e+04
2.802400000000000000e+04
2.802500000000000000e+04
2.802600000000000000e+04
2.802700000000000000e+04
2.802800000000000000e+04
2.802900000000000000e+04
2.803000000000000000e+04
2.803100000000000000e+04
2.803200000000000000e+04
2.803300000000000000e+04
2.803400000000000000e+04
2.803500000000000000e+04
2.803600000000000000e+04
2.803700000000000000e+04
2.803800000000000000e+04
2.803900000000000000e+04
2.804000000000000000e+04
2.804100000000000000e+04
2.804200000000000000e+04
2.804300000000000000e+04
2.804400000000000000e+04
2.804500000000000000e+04
2.804600000000000000e+04
2.804700000000000000e+04
2.804800000000000000e+04
2.804900000000000000e+04
2.805000000000000000e+04
2.805100000000000000e+04
2.805200000000000000e+04
2.805300000000000000e+04
2.805400000000000000e+04
2.805500000000000000e+04
2.805600000000000000e+04
2.805700000000000000e+04
2.805800000000000000e+04
2.805900000000000000e+04
2.806000000000000000e+04
2.806100000000000000e+04
2.806200000000000000e+04
2.806300000000000000e+04
2.806400000000000000e+04
2.806500000000000000e+04
2.806600000000000000e+04
2.806700000000000000e+04
2.806800000000000000e+04
2.806900000000000000e+04
2.807000000000000000e+04
2.807100000000000000e+04
2.807200000000000000e+04
2.807300000000000000e+04
2.807400000000000000e+04
2.807500000000000000e+04
2.807600000000000000e+04
2.807700000000000000e+04
2.807800000000000000e+04
2.807900000000000000e+04
2.808000000000000000e+04
2.808100000000000000e+04
2.808200000000000000e+04
2.808300000000000000e+04
2.808400000000000000e+04
2.808500000000000000e+04
2.808600000000000000e+04
2.808700000000000000e+04
2.808800000000000000e+04
2.808900000000000000e+04
2.809000000000000000e+04
2.809100000000000000e+04
2.809200000000000000e+04
2.809300000000000000e+04
2.809400000000000000e+04
2.809500000000000000e+04
2.809600000000000000e+04
2.809700000000000000e+04
2.809800000000000000e+04
2.809900000000000000e+04
2.810000000000000000e+04
2.810100000000000000e+04
2.810200000000000000e+04
2.810300000000000000e+04
2.810400000000000000e+04
2.810500000000000000e+04
2.810600000000000000e+04
2.810700000000000000e+04
2.810800000000000000e+04
2.810900000000000000e+04
2.811000000000000000e+04
2.811100000000000000e+04
2.811200000000000000e+04
2.811300000000000000e+04
2.811400000000000000e+04
2.811500000000000000e+04
2.811600000000000000e+04
2.811700000000000000e+04
2.811800000000000000e+04
2.811900000000000000e+04
2.812000000000000000e+04
2.812100000000000000e+04
2.812200000000000000e+04
2.812300000000000000e+04
2.812400000000000000e+04
2.812500000000000000e+04
2.812600000000000000e+04
2.812700000000000000e+04
2.812800000000000000e+04
2.812900000000000000e+04
2.813000000000000000e+04
2.813100000000000000e+04
2.813200000000000000e+04
2.813300000000000000e+04
2.813400000000000000e+04
2.813500000000000000e+04
2.813600000000000000e+04
2.813700000000000000e+04
2.813800000000000000e+04
2.813900000000000000e+04
2.814000000000000000e+04
2.814100000000000000e+04
2.814200000000000000e+04
2.814300000000000000e+04
2.814400000000000000e+04
2.814500000000000000e+04
2.814600000000000000e+04
2.814700000000000000e+04
2.814800000000000000e+04
2.814900000000000000e+04
2.815000000000000000e+04
2.815100000000000000e+04
2.815200000000000000e+04
2.815300000000000000e+04
2.815400000000000000e+04
2.815500000000000000e+04
2.815600000000000000e+04
2.815700000000000000e+04
2.815800000000000000e+04
2.815900000000000000e+04
2.816000000000000000e+04
2.816100000000000000e+04
2.816200000000000000e+04
2.816300000000000000e+04
2.816400000000000000e+04
2.816500000000000000e+04
2.816600000000000000e+04
2.816700000000000000e+04
2.816800000000000000e+04
2.816900000000000000e+04
2.817000000000000000e+04
2.817100000000000000e+04
2.817200000000000000e+04
2.817300000000000000e+04
2.817400000000000000e+04
2.817500000000000000e+04
2.817600000000000000e+04
2.817700000000000000e+04
2.817800000000000000e+04
2.817900000000000000e+04
2.818000000000000000e+04
2.818100000000000000e+04
2.818200000000000000e+04
2.818300000000000000e+04
2.818400000000000000e+04
2.818500000000000000e+04
2.818600000000000000e+04
2.818700000000000000e+04
2.818800000000000000e+04
2.818900000000000000e+04
2.819000000000000000e+04
2.819100000000000000e+04
2.819200000000000000e+04
2.819300000000000000e+04
2.819400000000000000e+04
2.819500000000000000e+04
2.819700000000000000e+04
2.819800000000000000e+04
2.819900000000000000e+04
2.820100000000000000e+04
2.833400000000000000e+04
2.896800000000000000e+04
2.897600000000000000e+04
2.898000000000000000e+04
2.898200000000000000e+04
2.898400000000000000e+04
2.898700000000000000e+04
2.898800000000000000e+04
2.898900000000000000e+04
2.899000000000000000e+04
2.899100000000000000e+04
2.899200000000000000e+04
2.899300000000000000e+04
2.899400000000000000e+04
2.899500000000000000e+04
2.899600000000000000e+04
2.899700000000000000e+04
2.899800000000000000e+04
2.899900000000000000e+04
2.900000000000000000e+04
2.900100000000000000e+04
2.900200000000000000e+04
2.900300000000000000e+04
2.900400000000000000e+04
2.900500000000000000e+04
2.900600000000000000e+04
2.900700000000000000e+04
2.900800000000000000e+04
2.900900000000000000e+04
2.901000000000000000e+04
2.901100000000000000e+04
2.901200000000000000e+04
2.901400000000000000e+04
2.901500000000000000e+04
2.901600000000000000e+04
2.901800000000000000e+04
2.901900000000000000e+04
2.902000000000000000e+04
2.902200000000000000e+04
2.902300000000000000e+04
2.902400000000000000e+04
2.902500000000000000e+04
2.902600000000000000e+04
2.902700000000000000e+04
2.902800000000000000e+04
2.902900000000000000e+04
2.903000000000000000e+04
2.903100000000000000e+04
2.903200000000000000e+04
2.903300000000000000e+04
2.903400000000000000e+04
2.903500000000000000e+04
2.903600000000000000e+04
2.903700000000000000e+04
2.903800000000000000e+04
2.903900000000000000e+04
2.904000000000000000e+04
2.904100000000000000e+04
2.904200000000000000e+04
2.904300000000000000e+04
2.904400000000000000e+04
2.904500000000000000e+04
2.904600000000000000e+04
2.904700000000000000e+04
2.904800000000000000e+04
2.905000000000000000e+04
2.905100000000000000e+04
2.905200000000000000e+04
2.905300000000000000e+04
2.905400000000000000e+04
2.905500000000000000e+04
2.905600000000000000e+04
2.905800000000000000e+04
2.905900000000000000e+04
2.906000000000000000e+04
2.906300000000000000e+04
2.906400000000000000e+04
2.906600000000000000e+04
2.906700000000000000e+04
2.906800000000000000e+04
2.907100000000000000e+04
2.907200000000000000e+04
2.907500000000000000e+04
2.907600000000000000e+04
2.908000000000000000e+04
2.908300000000000000e+04
2.908400000000000000e+04
2.908700000000000000e+04
2.908800000000000000e+04
2.909100000000000000e+04
2.909200000000000000e+04
2.909500000000000000e+04
2.909600000000000000e+04
2.909800000000000000e+04
2.909900000000000000e+04
2.910000000000000000e+04
2.910300000000000000e+04
2.910400000000000000e+04
2.910700000000000000e+04
2.910800000000000000e+04
2.911100000000000000e+04
2.911200000000000000e+04
2.911500000000000000e+04
2.913900000000000000e+04
2.917200000000000000e+04
