2.083000000000000000e+04
2.083400000000000000e+04
2.085400000000000000e+04
2.085800000000000000e+04
2.086200000000000000e+04
2.086300000000000000e+04
2.086600000000000000e+04
2.086700000000000000e+04
2.087000000000000000e+04
2.087100000000000000e+04
2.087400000000000000e+04
2.087500000000000000e+04
2.087800000000000000e+04
2.088200000000000000e+04
2.681700000000000000e+04
2.681800000000000000e+04
2.783300000000000000e+04
2.783400000000000000e+04
2.783500000000000000e+04
2.783800000000000000e+04
2.784200000000000000e+04
2.784600000000000000e+04
2.785000000000000000e+04
3.410000000000000000e+04
3.410100000000000000e+04
3.410400000000000000e+04
3.410500000000000000e+04
3.410800000000000000e+04
3.410900000000000000e+04
3.411200000000000000e+04
3.411300000000000000e+04
