1.450000000000000000e+03
1.451000000000000000e+03
1.452000000000000000e+03
1.453000000000000000e+03
1.454000000000000000e+03
1.455000000000000000e+03
1.456000000000000000e+03
1.457000000000000000e+03
1.458000000000000000e+03
1.459000000000000000e+03
1.460000000000000000e+03
1.461000000000000000e+03
1.462000000000000000e+03
1.463000000000000000e+03
1.464000000000000000e+03
1.465000000000000000e+03
1.466000000000000000e+03
1.467000000000000000e+03
1.468000000000000000e+03
1.469000000000000000e+03
1.470000000000000000e+03
1.471000000000000000e+03
1.472000000000000000e+03
1.473000000000000000e+03
1.474000000000000000e+03
1.475000000000000000e+03
1.476000000000000000e+03
1.477000000000000000e+03
1.478000000000000000e+03
1.479000000000000000e+03
1.480000000000000000e+03
1.481000000000000000e+03
1.482000000000000000e+03
1.483000000000000000e+03
1.484000000000000000e+03
1.485000000000000000e+03
1.486000000000000000e+03
1.487000000000000000e+03
1.488000000000000000e+03
1.489000000000000000e+03
1.490000000000000000e+03
1.491000000000000000e+03
1.492000000000000000e+03
1.493000000000000000e+03
1.494000000000000000e+03
1.495000000000000000e+03
1.496000000000000000e+03
1.497000000000000000e+03
1.498000000000000000e+03
1.499000000000000000e+03
1.500000000000000000e+03
1.501000000000000000e+03
1.502000000000000000e+03
1.503000000000000000e+03
1.504000000000000000e+03
1.505000000000000000e+03
1.506000000000000000e+03
1.507000000000000000e+03
1.508000000000000000e+03
1.509000000000000000e+03
1.510000000000000000e+03
1.511000000000000000e+03
1.512000000000000000e+03
1.513000000000000000e+03
1.514000000000000000e+03
1.515000000000000000e+03
1.516000000000000000e+03
1.517000000000000000e+03
1.518000000000000000e+03
1.519000000000000000e+03
1.520000000000000000e+03
1.521000000000000000e+03
1.522000000000000000e+03
1.523000000000000000e+03
1.524000000000000000e+03
1.525000000000000000e+03
1.526000000000000000e+03
1.527000000000000000e+03
1.528000000000000000e+03
1.529000000000000000e+03
1.530000000000000000e+03
1.531000000000000000e+03
1.532000000000000000e+03
1.533000000000000000e+03
1.534000000000000000e+03
1.535000000000000000e+03
1.536000000000000000e+03
1.537000000000000000e+03
1.538000000000000000e+03
1.539000000000000000e+03
1.540000000000000000e+03
1.541000000000000000e+03
1.542000000000000000e+03
1.543000000000000000e+03
1.544000000000000000e+03
1.545000000000000000e+03
1.546000000000000000e+03
1.547000000000000000e+03
1.548000000000000000e+03
1.549000000000000000e+03
1.550000000000000000e+03
1.551000000000000000e+03
1.552000000000000000e+03
1.553000000000000000e+03
1.554000000000000000e+03
1.555000000000000000e+03
1.556000000000000000e+03
1.557000000000000000e+03
1.558000000000000000e+03
1.559000000000000000e+03
1.560000000000000000e+03
1.561000000000000000e+03
1.562000000000000000e+03
1.563000000000000000e+03
1.564000000000000000e+03
1.565000000000000000e+03
1.566000000000000000e+03
1.567000000000000000e+03
1.568000000000000000e+03
1.569000000000000000e+03
1.570000000000000000e+03
1.571000000000000000e+03
1.572000000000000000e+03
1.573000000000000000e+03
1.574000000000000000e+03
1.575000000000000000e+03
1.576000000000000000e+03
1.577000000000000000e+03
1.578000000000000000e+03
1.579000000000000000e+03
1.580000000000000000e+03
1.581000000000000000e+03
1.582000000000000000e+03
1.583000000000000000e+03
1.584000000000000000e+03
1.585000000000000000e+03
1.586000000000000000e+03
1.638000000000000000e+03
1.639000000000000000e+03
1.640000000000000000e+03
1.641000000000000000e+03
1.642000000000000000e+03
1.643000000000000000e+03
1.644000000000000000e+03
1.645000000000000000e+03
1.646000000000000000e+03
1.647000000000000000e+03
1.648000000000000000e+03
1.649000000000000000e+03
1.650000000000000000e+03
1.651000000000000000e+03
1.652000000000000000e+03
1.653000000000000000e+03
1.654000000000000000e+03
1.655000000000000000e+03
1.656000000000000000e+03
1.657000000000000000e+03
1.658000000000000000e+03
1.659000000000000000e+03
1.660000000000000000e+03
1.661000000000000000e+03
1.662000000000000000e+03
1.663000000000000000e+03
1.664000000000000000e+03
1.665000000000000000e+03
1.666000000000000000e+03
1.667000000000000000e+03
1.668000000000000000e+03
1.669000000000000000e+03
1.670000000000000000e+03
1.671000000000000000e+03
1.672000000000000000e+03
1.673000000000000000e+03
1.674000000000000000e+03
1.675000000000000000e+03
1.676000000000000000e+03
1.677000000000000000e+03
1.678000000000000000e+03
1.679000000000000000e+03
1.680000000000000000e+03
1.681000000000000000e+03
1.682000000000000000e+03
1.683000000000000000e+03
1.684000000000000000e+03
1.685000000000000000e+03
1.686000000000000000e+03
1.687000000000000000e+03
1.688000000000000000e+03
1.689000000000000000e+03
1.690000000000000000e+03
1.691000000000000000e+03
1.692000000000000000e+03
1.693000000000000000e+03
1.694000000000000000e+03
1.695000000000000000e+03
1.696000000000000000e+03
1.697000000000000000e+03
1.698000000000000000e+03
1.699000000000000000e+03
1.700000000000000000e+03
1.701000000000000000e+03
1.702000000000000000e+03
1.703000000000000000e+03
1.704000000000000000e+03
1.705000000000000000e+03
1.706000000000000000e+03
1.707000000000000000e+03
1.708000000000000000e+03
1.709000000000000000e+03
1.710000000000000000e+03
1.711000000000000000e+03
1.712000000000000000e+03
1.713000000000000000e+03
1.714000000000000000e+03
1.715000000000000000e+03
1.716000000000000000e+03
1.717000000000000000e+03
1.718000000000000000e+03
1.719000000000000000e+03
1.720000000000000000e+03
1.721000000000000000e+03
1.722000000000000000e+03
1.723000000000000000e+03
1.724000000000000000e+03
1.725000000000000000e+03
1.726000000000000000e+03
1.727000000000000000e+03
1.728000000000000000e+03
1.729000000000000000e+03
1.730000000000000000e+03
1.731000000000000000e+03
1.732000000000000000e+03
1.733000000000000000e+03
1.734000000000000000e+03
1.735000000000000000e+03
1.736000000000000000e+03
1.737000000000000000e+03
1.738000000000000000e+03
1.739000000000000000e+03
1.740000000000000000e+03
1.741000000000000000e+03
1.742000000000000000e+03
1.743000000000000000e+03
1.744000000000000000e+03
1.745000000000000000e+03
1.746000000000000000e+03
1.747000000000000000e+03
1.748000000000000000e+03
1.749000000000000000e+03
1.750000000000000000e+03
1.751000000000000000e+03
1.752000000000000000e+03
1.753000000000000000e+03
1.754000000000000000e+03
1.755000000000000000e+03
1.756000000000000000e+03
1.757000000000000000e+03
1.758000000000000000e+03
1.759000000000000000e+03
1.760000000000000000e+03
1.761000000000000000e+03
1.762000000000000000e+03
1.763000000000000000e+03
2.645000000000000000e+03
2.649000000000000000e+03
2.650000000000000000e+03
2.651000000000000000e+03
2.652000000000000000e+03
2.653000000000000000e+03
2.654000000000000000e+03
2.655000000000000000e+03
2.656000000000000000e+03
2.657000000000000000e+03
2.658000000000000000e+03
2.660000000000000000e+03
2.661000000000000000e+03
2.735000000000000000e+03
2.736000000000000000e+03
2.737000000000000000e+03
2.738000000000000000e+03
2.739000000000000000e+03
2.740000000000000000e+03
2.741000000000000000e+03
2.742000000000000000e+03
2.743000000000000000e+03
2.744000000000000000e+03
2.745000000000000000e+03
2.746000000000000000e+03
2.747000000000000000e+03
2.748000000000000000e+03
2.749000000000000000e+03
2.750000000000000000e+03
2.751000000000000000e+03
2.752000000000000000e+03
2.753000000000000000e+03
2.754000000000000000e+03
2.755000000000000000e+03
2.756000000000000000e+03
2.757000000000000000e+03
2.758000000000000000e+03
2.759000000000000000e+03
2.760000000000000000e+03
2.761000000000000000e+03
2.762000000000000000e+03
2.763000000000000000e+03
2.764000000000000000e+03
2.765000000000000000e+03
2.766000000000000000e+03
2.767000000000000000e+03
2.768000000000000000e+03
2.769000000000000000e+03
2.770000000000000000e+03
2.771000000000000000e+03
2.772000000000000000e+03
2.773000000000000000e+03
2.774000000000000000e+03
2.775000000000000000e+03
2.776000000000000000e+03
2.777000000000000000e+03
2.778000000000000000e+03
2.779000000000000000e+03
2.780000000000000000e+03
2.781000000000000000e+03
2.782000000000000000e+03
2.783000000000000000e+03
2.784000000000000000e+03
2.785000000000000000e+03
2.786000000000000000e+03
2.787000000000000000e+03
2.788000000000000000e+03
2.789000000000000000e+03
2.790000000000000000e+03
2.791000000000000000e+03
2.792000000000000000e+03
2.793000000000000000e+03
2.794000000000000000e+03
2.795000000000000000e+03
2.796000000000000000e+03
2.797000000000000000e+03
2.798000000000000000e+03
2.799000000000000000e+03
2.800000000000000000e+03
2.801000000000000000e+03
2.802000000000000000e+03
2.803000000000000000e+03
2.804000000000000000e+03
2.805000000000000000e+03
2.806000000000000000e+03
2.807000000000000000e+03
2.808000000000000000e+03
2.809000000000000000e+03
2.810000000000000000e+03
2.811000000000000000e+03
2.812000000000000000e+03
2.813000000000000000e+03
2.814000000000000000e+03
2.815000000000000000e+03
2.816000000000000000e+03
2.817000000000000000e+03
2.818000000000000000e+03
2.819000000000000000e+03
2.820000000000000000e+03
2.821000000000000000e+03
2.822000000000000000e+03
2.823000000000000000e+03
2.824000000000000000e+03
2.825000000000000000e+03
2.826000000000000000e+03
2.827000000000000000e+03
2.828000000000000000e+03
2.829000000000000000e+03
2.830000000000000000e+03
2.831000000000000000e+03
2.832000000000000000e+03
2.833000000000000000e+03
2.834000000000000000e+03
2.835000000000000000e+03
2.836000000000000000e+03
2.837000000000000000e+03
2.838000000000000000e+03
2.839000000000000000e+03
2.840000000000000000e+03
2.841000000000000000e+03
2.842000000000000000e+03
2.843000000000000000e+03
2.844000000000000000e+03
2.845000000000000000e+03
2.846000000000000000e+03
2.847000000000000000e+03
2.848000000000000000e+03
2.849000000000000000e+03
2.850000000000000000e+03
2.851000000000000000e+03
2.852000000000000000e+03
2.853000000000000000e+03
2.854000000000000000e+03
2.855000000000000000e+03
2.856000000000000000e+03
2.857000000000000000e+03
2.858000000000000000e+03
2.859000000000000000e+03
2.860000000000000000e+03
2.861000000000000000e+03
2.862000000000000000e+03
2.863000000000000000e+03
2.864000000000000000e+03
2.865000000000000000e+03
2.866000000000000000e+03
2.867000000000000000e+03
2.868000000000000000e+03
2.869000000000000000e+03
2.870000000000000000e+03
3.724000000000000000e+03
3.725000000000000000e+03
3.726000000000000000e+03
3.727000000000000000e+03
3.728000000000000000e+03
3.729000000000000000e+03
3.730000000000000000e+03
3.739000000000000000e+03
3.740000000000000000e+03
3.741000000000000000e+03
3.742000000000000000e+03
3.743000000000000000e+03
3.744000000000000000e+03
3.745000000000000000e+03
3.746000000000000000e+03
3.747000000000000000e+03
3.748000000000000000e+03
3.749000000000000000e+03
3.750000000000000000e+03
3.751000000000000000e+03
3.752000000000000000e+03
3.753000000000000000e+03
3.754000000000000000e+03
3.755000000000000000e+03
3.756000000000000000e+03
3.757000000000000000e+03
3.760000000000000000e+03
3.761000000000000000e+03
3.837000000000000000e+03
3.838000000000000000e+03
3.839000000000000000e+03
3.840000000000000000e+03
3.841000000000000000e+03
3.842000000000000000e+03
3.843000000000000000e+03
3.844000000000000000e+03
3.845000000000000000e+03
3.846000000000000000e+03
3.847000000000000000e+03
3.848000000000000000e+03
3.849000000000000000e+03
3.850000000000000000e+03
3.851000000000000000e+03
3.852000000000000000e+03
3.853000000000000000e+03
3.854000000000000000e+03
3.855000000000000000e+03
3.856000000000000000e+03
3.857000000000000000e+03
3.858000000000000000e+03
3.859000000000000000e+03
3.860000000000000000e+03
3.861000000000000000e+03
3.862000000000000000e+03
3.863000000000000000e+03
3.864000000000000000e+03
3.865000000000000000e+03
3.866000000000000000e+03
3.867000000000000000e+03
3.868000000000000000e+03
3.869000000000000000e+03
3.870000000000000000e+03
3.871000000000000000e+03
3.872000000000000000e+03
3.873000000000000000e+03
3.874000000000000000e+03
3.875000000000000000e+03
3.876000000000000000e+03
3.877000000000000000e+03
3.878000000000000000e+03
3.879000000000000000e+03
3.880000000000000000e+03
3.881000000000000000e+03
3.882000000000000000e+03
3.883000000000000000e+03
3.884000000000000000e+03
3.885000000000000000e+03
3.886000000000000000e+03
3.887000000000000000e+03
3.888000000000000000e+03
3.889000000000000000e+03
3.890000000000000000e+03
3.891000000000000000e+03
3.892000000000000000e+03
3.893000000000000000e+03
3.894000000000000000e+03
3.895000000000000000e+03
3.896000000000000000e+03
3.897000000000000000e+03
3.898000000000000000e+03
3.899000000000000000e+03
3.900000000000000000e+03
3.901000000000000000e+03
3.902000000000000000e+03
3.903000000000000000e+03
3.904000000000000000e+03
3.905000000000000000e+03
3.906000000000000000e+03
3.907000000000000000e+03
3.908000000000000000e+03
3.909000000000000000e+03
3.910000000000000000e+03
3.911000000000000000e+03
3.912000000000000000e+03
3.913000000000000000e+03
3.914000000000000000e+03
3.915000000000000000e+03
3.916000000000000000e+03
3.917000000000000000e+03
3.918000000000000000e+03
3.919000000000000000e+03
3.920000000000000000e+03
3.921000000000000000e+03
3.922000000000000000e+03
3.923000000000000000e+03
3.924000000000000000e+03
3.925000000000000000e+03
3.926000000000000000e+03
3.927000000000000000e+03
3.928000000000000000e+03
3.929000000000000000e+03
3.930000000000000000e+03
3.931000000000000000e+03
3.932000000000000000e+03
3.933000000000000000e+03
3.934000000000000000e+03
3.935000000000000000e+03
3.936000000000000000e+03
3.937000000000000000e+03
3.938000000000000000e+03
3.939000000000000000e+03
3.940000000000000000e+03
3.941000000000000000e+03
3.942000000000000000e+03
3.943000000000000000e+03
3.944000000000000000e+03
3.945000000000000000e+03
3.946000000000000000e+03
3.947000000000000000e+03
3.948000000000000000e+03
3.949000000000000000e+03
3.950000000000000000e+03
3.951000000000000000e+03
3.952000000000000000e+03
3.953000000000000000e+03
3.954000000000000000e+03
3.955000000000000000e+03
3.956000000000000000e+03
3.957000000000000000e+03
3.958000000000000000e+03
3.959000000000000000e+03
3.960000000000000000e+03
3.961000000000000000e+03
3.962000000000000000e+03
3.963000000000000000e+03
3.964000000000000000e+03
3.965000000000000000e+03
3.966000000000000000e+03
3.967000000000000000e+03
3.968000000000000000e+03
3.969000000000000000e+03
3.970000000000000000e+03
4.756000000000000000e+03
4.757000000000000000e+03
4.758000000000000000e+03
4.759000000000000000e+03
4.760000000000000000e+03
4.761000000000000000e+03
4.762000000000000000e+03
4.763000000000000000e+03
4.764000000000000000e+03
4.765000000000000000e+03
4.766000000000000000e+03
4.767000000000000000e+03
4.768000000000000000e+03
4.769000000000000000e+03
4.770000000000000000e+03
4.771000000000000000e+03
4.772000000000000000e+03
4.773000000000000000e+03
4.774000000000000000e+03
4.775000000000000000e+03
4.776000000000000000e+03
4.777000000000000000e+03
4.778000000000000000e+03
4.779000000000000000e+03
4.780000000000000000e+03
4.781000000000000000e+03
4.782000000000000000e+03
4.783000000000000000e+03
4.784000000000000000e+03
4.785000000000000000e+03
4.786000000000000000e+03
4.787000000000000000e+03
4.788000000000000000e+03
4.789000000000000000e+03
4.790000000000000000e+03
4.791000000000000000e+03
4.792000000000000000e+03
4.793000000000000000e+03
4.794000000000000000e+03
4.795000000000000000e+03
4.796000000000000000e+03
4.797000000000000000e+03
4.798000000000000000e+03
4.799000000000000000e+03
4.800000000000000000e+03
4.801000000000000000e+03
4.802000000000000000e+03
4.803000000000000000e+03
4.804000000000000000e+03
4.805000000000000000e+03
4.806000000000000000e+03
4.807000000000000000e+03
4.808000000000000000e+03
4.809000000000000000e+03
4.810000000000000000e+03
4.811000000000000000e+03
4.812000000000000000e+03
4.813000000000000000e+03
4.814000000000000000e+03
4.815000000000000000e+03
4.816000000000000000e+03
4.817000000000000000e+03
4.818000000000000000e+03
4.819000000000000000e+03
4.820000000000000000e+03
4.821000000000000000e+03
4.822000000000000000e+03
4.823000000000000000e+03
4.824000000000000000e+03
4.825000000000000000e+03
4.826000000000000000e+03
4.827000000000000000e+03
4.828000000000000000e+03
4.829000000000000000e+03
4.830000000000000000e+03
4.831000000000000000e+03
4.832000000000000000e+03
4.833000000000000000e+03
4.834000000000000000e+03
4.835000000000000000e+03
4.836000000000000000e+03
4.837000000000000000e+03
4.838000000000000000e+03
4.839000000000000000e+03
4.840000000000000000e+03
4.841000000000000000e+03
4.842000000000000000e+03
4.843000000000000000e+03
4.844000000000000000e+03
4.845000000000000000e+03
4.846000000000000000e+03
4.847000000000000000e+03
4.848000000000000000e+03
4.849000000000000000e+03
4.850000000000000000e+03
4.851000000000000000e+03
4.852000000000000000e+03
4.853000000000000000e+03
4.854000000000000000e+03
4.855000000000000000e+03
4.856000000000000000e+03
4.857000000000000000e+03
4.858000000000000000e+03
4.859000000000000000e+03
4.860000000000000000e+03
4.861000000000000000e+03
4.862000000000000000e+03
4.863000000000000000e+03
4.864000000000000000e+03
4.865000000000000000e+03
4.866000000000000000e+03
4.867000000000000000e+03
4.868000000000000000e+03
4.869000000000000000e+03
4.870000000000000000e+03
4.871000000000000000e+03
4.872000000000000000e+03
4.873000000000000000e+03
4.874000000000000000e+03
4.875000000000000000e+03
4.876000000000000000e+03
4.877000000000000000e+03
4.878000000000000000e+03
6.034000000000000000e+03
6.035000000000000000e+03
6.036000000000000000e+03
6.037000000000000000e+03
6.038000000000000000e+03
6.039000000000000000e+03
6.040000000000000000e+03
6.041000000000000000e+03
6.042000000000000000e+03
6.043000000000000000e+03
6.044000000000000000e+03
6.045000000000000000e+03
6.046000000000000000e+03
6.047000000000000000e+03
6.048000000000000000e+03
6.049000000000000000e+03
6.050000000000000000e+03
6.051000000000000000e+03
6.052000000000000000e+03
6.053000000000000000e+03
6.054000000000000000e+03
6.055000000000000000e+03
6.056000000000000000e+03
6.057000000000000000e+03
6.058000000000000000e+03
6.059000000000000000e+03
6.060000000000000000e+03
6.061000000000000000e+03
6.062000000000000000e+03
6.063000000000000000e+03
6.064000000000000000e+03
6.065000000000000000e+03
6.066000000000000000e+03
6.067000000000000000e+03
6.068000000000000000e+03
6.069000000000000000e+03
6.070000000000000000e+03
6.071000000000000000e+03
6.072000000000000000e+03
6.073000000000000000e+03
6.074000000000000000e+03
6.075000000000000000e+03
6.076000000000000000e+03
6.077000000000000000e+03
6.078000000000000000e+03
6.079000000000000000e+03
6.080000000000000000e+03
6.081000000000000000e+03
6.082000000000000000e+03
6.083000000000000000e+03
6.084000000000000000e+03
6.085000000000000000e+03
6.086000000000000000e+03
6.087000000000000000e+03
6.088000000000000000e+03
6.089000000000000000e+03
6.090000000000000000e+03
6.091000000000000000e+03
6.092000000000000000e+03
6.093000000000000000e+03
6.094000000000000000e+03
6.095000000000000000e+03
6.096000000000000000e+03
6.097000000000000000e+03
6.098000000000000000e+03
6.099000000000000000e+03
6.100000000000000000e+03
6.101000000000000000e+03
6.102000000000000000e+03
6.103000000000000000e+03
6.104000000000000000e+03
6.105000000000000000e+03
6.106000000000000000e+03
6.107000000000000000e+03
6.108000000000000000e+03
6.109000000000000000e+03
6.110000000000000000e+03
6.111000000000000000e+03
6.112000000000000000e+03
6.113000000000000000e+03
6.114000000000000000e+03
6.115000000000000000e+03
6.116000000000000000e+03
6.117000000000000000e+03
6.118000000000000000e+03
6.119000000000000000e+03
6.120000000000000000e+03
6.121000000000000000e+03
6.122000000000000000e+03
6.123000000000000000e+03
6.124000000000000000e+03
6.125000000000000000e+03
6.126000000000000000e+03
6.127000000000000000e+03
6.128000000000000000e+03
6.129000000000000000e+03
6.130000000000000000e+03
6.131000000000000000e+03
6.132000000000000000e+03
6.133000000000000000e+03
6.134000000000000000e+03
6.135000000000000000e+03
6.136000000000000000e+03
6.137000000000000000e+03
6.138000000000000000e+03
6.139000000000000000e+03
6.140000000000000000e+03
6.141000000000000000e+03
6.142000000000000000e+03
6.143000000000000000e+03
6.144000000000000000e+03
6.145000000000000000e+03
6.146000000000000000e+03
6.147000000000000000e+03
6.148000000000000000e+03
6.149000000000000000e+03
6.150000000000000000e+03
6.151000000000000000e+03
6.152000000000000000e+03
6.153000000000000000e+03
6.154000000000000000e+03
6.155000000000000000e+03
6.156000000000000000e+03
6.157000000000000000e+03
6.158000000000000000e+03
6.159000000000000000e+03
6.160000000000000000e+03
6.161000000000000000e+03
6.162000000000000000e+03
6.163000000000000000e+03
6.164000000000000000e+03
6.165000000000000000e+03
7.042000000000000000e+03
7.043000000000000000e+03
7.044000000000000000e+03
7.045000000000000000e+03
7.046000000000000000e+03
7.047000000000000000e+03
7.048000000000000000e+03
7.049000000000000000e+03
7.050000000000000000e+03
7.051000000000000000e+03
7.052000000000000000e+03
7.053000000000000000e+03
7.054000000000000000e+03
7.055000000000000000e+03
7.056000000000000000e+03
7.057000000000000000e+03
7.058000000000000000e+03
7.059000000000000000e+03
7.060000000000000000e+03
7.063000000000000000e+03
7.064000000000000000e+03
7.130000000000000000e+03
7.131000000000000000e+03
7.132000000000000000e+03
7.133000000000000000e+03
7.134000000000000000e+03
7.135000000000000000e+03
7.136000000000000000e+03
7.137000000000000000e+03
7.138000000000000000e+03
7.139000000000000000e+03
7.140000000000000000e+03
7.141000000000000000e+03
7.142000000000000000e+03
7.143000000000000000e+03
7.144000000000000000e+03
7.145000000000000000e+03
7.146000000000000000e+03
7.147000000000000000e+03
7.148000000000000000e+03
7.149000000000000000e+03
7.150000000000000000e+03
7.151000000000000000e+03
7.152000000000000000e+03
7.153000000000000000e+03
7.154000000000000000e+03
7.155000000000000000e+03
7.156000000000000000e+03
7.157000000000000000e+03
7.158000000000000000e+03
