3.854000000000000000e+03
3.856000000000000000e+03
3.857000000000000000e+03
3.858000000000000000e+03
3.859000000000000000e+03
3.860000000000000000e+03
3.861000000000000000e+03
3.862000000000000000e+03
3.863000000000000000e+03
3.864000000000000000e+03
3.865000000000000000e+03
3.866000000000000000e+03
3.867000000000000000e+03
3.868000000000000000e+03
3.869000000000000000e+03
3.870000000000000000e+03
3.871000000000000000e+03
3.872000000000000000e+03
3.873000000000000000e+03
3.874000000000000000e+03
3.875000000000000000e+03
3.876000000000000000e+03
3.877000000000000000e+03
3.878000000000000000e+03
3.879000000000000000e+03
3.880000000000000000e+03
3.881000000000000000e+03
3.882000000000000000e+03
3.883000000000000000e+03
3.884000000000000000e+03
3.885000000000000000e+03
3.886000000000000000e+03
3.887000000000000000e+03
3.888000000000000000e+03
3.889000000000000000e+03
3.890000000000000000e+03
3.891000000000000000e+03
3.892000000000000000e+03
3.893000000000000000e+03
3.894000000000000000e+03
3.895000000000000000e+03
3.896000000000000000e+03
3.897000000000000000e+03
3.898000000000000000e+03
3.899000000000000000e+03
3.900000000000000000e+03
3.901000000000000000e+03
3.902000000000000000e+03
3.903000000000000000e+03
3.904000000000000000e+03
3.905000000000000000e+03
3.906000000000000000e+03
3.907000000000000000e+03
3.908000000000000000e+03
3.909000000000000000e+03
3.910000000000000000e+03
3.911000000000000000e+03
3.912000000000000000e+03
3.913000000000000000e+03
3.914000000000000000e+03
3.915000000000000000e+03
3.916000000000000000e+03
3.917000000000000000e+03
3.918000000000000000e+03
3.919000000000000000e+03
3.920000000000000000e+03
3.921000000000000000e+03
3.922000000000000000e+03
3.923000000000000000e+03
3.924000000000000000e+03
3.925000000000000000e+03
3.926000000000000000e+03
3.927000000000000000e+03
3.928000000000000000e+03
3.929000000000000000e+03
3.930000000000000000e+03
3.931000000000000000e+03
3.932000000000000000e+03
3.933000000000000000e+03
3.934000000000000000e+03
3.935000000000000000e+03
3.936000000000000000e+03
3.937000000000000000e+03
3.938000000000000000e+03
3.939000000000000000e+03
3.940000000000000000e+03
3.941000000000000000e+03
3.942000000000000000e+03
3.943000000000000000e+03
3.944000000000000000e+03
3.945000000000000000e+03
3.946000000000000000e+03
3.947000000000000000e+03
3.948000000000000000e+03
3.949000000000000000e+03
3.950000000000000000e+03
3.951000000000000000e+03
3.952000000000000000e+03
3.953000000000000000e+03
3.954000000000000000e+03
3.955000000000000000e+03
3.956000000000000000e+03
3.957000000000000000e+03
3.958000000000000000e+03
3.959000000000000000e+03
3.960000000000000000e+03
3.961000000000000000e+03
3.962000000000000000e+03
3.963000000000000000e+03
3.964000000000000000e+03
3.965000000000000000e+03
3.966000000000000000e+03
3.967000000000000000e+03
3.968000000000000000e+03
3.969000000000000000e+03
3.970000000000000000e+03
3.971000000000000000e+03
3.972000000000000000e+03
3.973000000000000000e+03
3.974000000000000000e+03
3.975000000000000000e+03
3.976000000000000000e+03
3.977000000000000000e+03
3.978000000000000000e+03
3.979000000000000000e+03
3.980000000000000000e+03
3.982000000000000000e+03
3.983000000000000000e+03
