2.198900000000000000e+04
2.199000000000000000e+04
2.199100000000000000e+04
2.199200000000000000e+04
2.199300000000000000e+04
2.199400000000000000e+04
2.199500000000000000e+04
2.199600000000000000e+04
2.199700000000000000e+04
2.199800000000000000e+04
2.199900000000000000e+04
2.200000000000000000e+04
2.200100000000000000e+04
2.200200000000000000e+04
2.200300000000000000e+04
2.200400000000000000e+04
2.200500000000000000e+04
2.200600000000000000e+04
2.200700000000000000e+04
2.200800000000000000e+04
2.200900000000000000e+04
2.201000000000000000e+04
2.201100000000000000e+04
2.201200000000000000e+04
2.201300000000000000e+04
2.201400000000000000e+04
2.201500000000000000e+04
2.201600000000000000e+04
2.201700000000000000e+04
2.201800000000000000e+04
2.201900000000000000e+04
2.202000000000000000e+04
2.202100000000000000e+04
2.202200000000000000e+04
2.202300000000000000e+04
2.202400000000000000e+04
2.202500000000000000e+04
2.202600000000000000e+04
2.202700000000000000e+04
2.202800000000000000e+04
2.202900000000000000e+04
2.203000000000000000e+04
2.203100000000000000e+04
2.203200000000000000e+04
2.203300000000000000e+04
2.203400000000000000e+04
2.203500000000000000e+04
2.203600000000000000e+04
2.203700000000000000e+04
2.203800000000000000e+04
2.203900000000000000e+04
2.204000000000000000e+04
2.204100000000000000e+04
2.204200000000000000e+04
2.204300000000000000e+04
2.204400000000000000e+04
2.204500000000000000e+04
2.204600000000000000e+04
2.204700000000000000e+04
2.204800000000000000e+04
2.204900000000000000e+04
2.205000000000000000e+04
2.205100000000000000e+04
2.205200000000000000e+04
2.205300000000000000e+04
2.205400000000000000e+04
2.205500000000000000e+04
2.205600000000000000e+04
2.205700000000000000e+04
2.205800000000000000e+04
2.205900000000000000e+04
2.206000000000000000e+04
2.206100000000000000e+04
2.206200000000000000e+04
2.864700000000000000e+04
2.864800000000000000e+04
2.864900000000000000e+04
2.865000000000000000e+04
2.865100000000000000e+04
2.865200000000000000e+04
2.865300000000000000e+04
2.865400000000000000e+04
2.865500000000000000e+04
2.865600000000000000e+04
2.865700000000000000e+04
2.865800000000000000e+04
2.865900000000000000e+04
2.866000000000000000e+04
2.866100000000000000e+04
2.866200000000000000e+04
2.866300000000000000e+04
2.866400000000000000e+04
2.866500000000000000e+04
2.866600000000000000e+04
2.866700000000000000e+04
3.242200000000000000e+04
3.242300000000000000e+04
3.242400000000000000e+04
3.242500000000000000e+04
3.242600000000000000e+04
3.242700000000000000e+04
3.242800000000000000e+04
3.242900000000000000e+04
3.243000000000000000e+04
3.243100000000000000e+04
3.243200000000000000e+04
3.243300000000000000e+04
3.243400000000000000e+04
3.243500000000000000e+04
3.243600000000000000e+04
3.243700000000000000e+04
3.243800000000000000e+04
3.243900000000000000e+04
3.244000000000000000e+04
3.244100000000000000e+04
3.244200000000000000e+04
3.244300000000000000e+04
3.244400000000000000e+04
3.244500000000000000e+04
3.244600000000000000e+04
3.244700000000000000e+04
3.244800000000000000e+04
3.244900000000000000e+04
3.245000000000000000e+04
3.245100000000000000e+04
3.245200000000000000e+04
3.245300000000000000e+04
3.245400000000000000e+04
3.245500000000000000e+04
3.245600000000000000e+04
3.245700000000000000e+04
3.245800000000000000e+04
3.245900000000000000e+04
3.246000000000000000e+04
3.246100000000000000e+04
3.246200000000000000e+04
3.246300000000000000e+04
3.246400000000000000e+04
3.246500000000000000e+04
3.246600000000000000e+04
3.246700000000000000e+04
3.246800000000000000e+04
3.246900000000000000e+04
3.247000000000000000e+04
3.247100000000000000e+04
3.247200000000000000e+04
3.247300000000000000e+04
3.247400000000000000e+04
3.247500000000000000e+04
3.247600000000000000e+04
3.247700000000000000e+04
3.247800000000000000e+04
3.247900000000000000e+04
3.248000000000000000e+04
3.248100000000000000e+04
3.248200000000000000e+04
3.248300000000000000e+04
3.248400000000000000e+04
3.248500000000000000e+04
3.248600000000000000e+04
3.248700000000000000e+04
3.248800000000000000e+04
3.248900000000000000e+04
3.249000000000000000e+04
3.249100000000000000e+04
3.249200000000000000e+04
3.249300000000000000e+04
3.249400000000000000e+04
3.249500000000000000e+04
3.249600000000000000e+04
3.249700000000000000e+04
3.249800000000000000e+04
3.249900000000000000e+04
3.250000000000000000e+04
3.250100000000000000e+04
3.250200000000000000e+04
3.250300000000000000e+04
3.250400000000000000e+04
3.250500000000000000e+04
3.250600000000000000e+04
3.250700000000000000e+04
3.250800000000000000e+04
3.250900000000000000e+04
3.251000000000000000e+04
3.251100000000000000e+04
3.251200000000000000e+04
3.251300000000000000e+04
3.251400000000000000e+04
3.251500000000000000e+04
3.251600000000000000e+04
3.251700000000000000e+04
3.251800000000000000e+04
3.251900000000000000e+04
3.252000000000000000e+04
3.252100000000000000e+04
3.252200000000000000e+04
3.252300000000000000e+04
3.252400000000000000e+04
3.252500000000000000e+04
3.252600000000000000e+04
3.252700000000000000e+04
3.252800000000000000e+04
3.252900000000000000e+04
3.253000000000000000e+04
3.253100000000000000e+04
3.253200000000000000e+04
3.253300000000000000e+04
3.253400000000000000e+04
3.253500000000000000e+04
3.253600000000000000e+04
3.253700000000000000e+04
3.253800000000000000e+04
3.253900000000000000e+04
3.254000000000000000e+04
3.254100000000000000e+04
3.254200000000000000e+04
3.254300000000000000e+04
3.254400000000000000e+04
3.254500000000000000e+04
3.254600000000000000e+04
3.254700000000000000e+04
3.254800000000000000e+04
3.254900000000000000e+04
3.255000000000000000e+04
3.255100000000000000e+04
3.255200000000000000e+04
3.255300000000000000e+04
3.255400000000000000e+04
3.255500000000000000e+04
3.255600000000000000e+04
3.255700000000000000e+04
3.255800000000000000e+04
3.255900000000000000e+04
3.865200000000000000e+04
3.865300000000000000e+04
3.865400000000000000e+04
3.865500000000000000e+04
3.865600000000000000e+04
3.865700000000000000e+04
3.865800000000000000e+04
3.865900000000000000e+04
3.866000000000000000e+04
3.866100000000000000e+04
3.866200000000000000e+04
3.866300000000000000e+04
3.866400000000000000e+04
3.866500000000000000e+04
3.866600000000000000e+04
3.866700000000000000e+04
3.866800000000000000e+04
3.866900000000000000e+04
3.867000000000000000e+04
3.867100000000000000e+04
3.867200000000000000e+04
3.867300000000000000e+04
3.867400000000000000e+04
3.867500000000000000e+04
3.867600000000000000e+04
3.867700000000000000e+04
3.867800000000000000e+04
3.867900000000000000e+04
3.868000000000000000e+04
3.868100000000000000e+04
3.868200000000000000e+04
3.868300000000000000e+04
3.868400000000000000e+04
3.868500000000000000e+04
3.868600000000000000e+04
3.868700000000000000e+04
3.868800000000000000e+04
3.868900000000000000e+04
3.869000000000000000e+04
3.869100000000000000e+04
3.869200000000000000e+04
3.869300000000000000e+04
3.869400000000000000e+04
3.869500000000000000e+04
3.869600000000000000e+04
3.869700000000000000e+04
3.869800000000000000e+04
3.869900000000000000e+04
3.870000000000000000e+04
3.870100000000000000e+04
3.870200000000000000e+04
3.870300000000000000e+04
3.870400000000000000e+04
3.870500000000000000e+04
3.870600000000000000e+04
3.870700000000000000e+04
3.870800000000000000e+04
3.870900000000000000e+04
3.871000000000000000e+04
3.871100000000000000e+04
3.871200000000000000e+04
3.871300000000000000e+04
3.871400000000000000e+04
3.871500000000000000e+04
3.871600000000000000e+04
3.871700000000000000e+04
3.871800000000000000e+04
3.871900000000000000e+04
3.872000000000000000e+04
3.872100000000000000e+04
3.872200000000000000e+04
3.872300000000000000e+04
3.872400000000000000e+04
3.872500000000000000e+04
3.872600000000000000e+04
3.872700000000000000e+04
3.872800000000000000e+04
3.872900000000000000e+04
3.873000000000000000e+04
3.873100000000000000e+04
3.873200000000000000e+04
3.873300000000000000e+04
3.873400000000000000e+04
3.873500000000000000e+04
3.873600000000000000e+04
3.873700000000000000e+04
3.873800000000000000e+04
3.873900000000000000e+04
3.874000000000000000e+04
3.874100000000000000e+04
3.874200000000000000e+04
3.874300000000000000e+04
3.874400000000000000e+04
3.874500000000000000e+04
3.874600000000000000e+04
3.874700000000000000e+04
3.874800000000000000e+04
3.874900000000000000e+04
3.875000000000000000e+04
3.875100000000000000e+04
3.875200000000000000e+04
3.875300000000000000e+04
3.875400000000000000e+04
3.875500000000000000e+04
3.875600000000000000e+04
3.875700000000000000e+04
3.875800000000000000e+04
3.875900000000000000e+04
3.876000000000000000e+04
3.876100000000000000e+04
3.876200000000000000e+04
3.876300000000000000e+04
3.876400000000000000e+04
3.876500000000000000e+04
3.876600000000000000e+04
3.876700000000000000e+04
3.876800000000000000e+04
3.876900000000000000e+04
3.877000000000000000e+04
3.877100000000000000e+04
3.877200000000000000e+04
3.877300000000000000e+04
3.877400000000000000e+04
3.877500000000000000e+04
3.877600000000000000e+04
3.877700000000000000e+04
3.877800000000000000e+04
3.877900000000000000e+04
3.878000000000000000e+04
3.878100000000000000e+04
3.878200000000000000e+04
3.878300000000000000e+04
3.878400000000000000e+04
3.878500000000000000e+04
3.878600000000000000e+04
3.878700000000000000e+04
3.878800000000000000e+04
3.878900000000000000e+04
3.879000000000000000e+04
3.879100000000000000e+04
3.879200000000000000e+04
3.879300000000000000e+04
3.879400000000000000e+04
3.879500000000000000e+04
3.879600000000000000e+04
3.879700000000000000e+04
3.879800000000000000e+04
3.879900000000000000e+04
3.880000000000000000e+04
3.880100000000000000e+04
3.880200000000000000e+04
3.880300000000000000e+04
3.880400000000000000e+04
3.880500000000000000e+04
3.880600000000000000e+04
3.880700000000000000e+04
3.880800000000000000e+04
3.880900000000000000e+04
3.881000000000000000e+04
3.881100000000000000e+04
3.881200000000000000e+04
3.881300000000000000e+04
3.881400000000000000e+04
3.881500000000000000e+04
3.881600000000000000e+04
3.881700000000000000e+04
3.881800000000000000e+04
3.881900000000000000e+04
3.882000000000000000e+04
3.882100000000000000e+04
3.882200000000000000e+04
3.882300000000000000e+04
3.882400000000000000e+04
3.882500000000000000e+04
3.882600000000000000e+04
3.882700000000000000e+04
3.882800000000000000e+04
3.882900000000000000e+04
3.883000000000000000e+04
3.883100000000000000e+04
3.883200000000000000e+04
3.883300000000000000e+04
3.883400000000000000e+04
3.883500000000000000e+04
3.883600000000000000e+04
3.883700000000000000e+04
3.883800000000000000e+04
3.883900000000000000e+04
3.884000000000000000e+04
3.884100000000000000e+04
3.884200000000000000e+04
3.884300000000000000e+04
3.884400000000000000e+04
3.884500000000000000e+04
3.884600000000000000e+04
3.884700000000000000e+04
3.884800000000000000e+04
3.884900000000000000e+04
3.885000000000000000e+04
3.885100000000000000e+04
3.885200000000000000e+04
3.885300000000000000e+04
3.885400000000000000e+04
3.885500000000000000e+04
3.885600000000000000e+04
3.885700000000000000e+04
3.885800000000000000e+04
3.885900000000000000e+04
3.886000000000000000e+04
3.886100000000000000e+04
3.886200000000000000e+04
3.886300000000000000e+04
3.886400000000000000e+04
4.065400000000000000e+04
4.065500000000000000e+04
4.065600000000000000e+04
4.065700000000000000e+04
4.065800000000000000e+04
4.065900000000000000e+04
4.066000000000000000e+04
4.066100000000000000e+04
4.066200000000000000e+04
4.066300000000000000e+04
4.066400000000000000e+04
4.066500000000000000e+04
4.066600000000000000e+04
4.066700000000000000e+04
4.066800000000000000e+04
4.066900000000000000e+04
4.067000000000000000e+04
4.067100000000000000e+04
4.067200000000000000e+04
4.067300000000000000e+04
4.067400000000000000e+04
4.067500000000000000e+04
4.067600000000000000e+04
4.067700000000000000e+04
4.067800000000000000e+04
4.067900000000000000e+04
4.068000000000000000e+04
4.068100000000000000e+04
4.068200000000000000e+04
4.068300000000000000e+04
4.068400000000000000e+04
4.068500000000000000e+04
4.068600000000000000e+04
4.068700000000000000e+04
4.068800000000000000e+04
4.068900000000000000e+04
4.069000000000000000e+04
4.069100000000000000e+04
4.069200000000000000e+04
4.069300000000000000e+04
4.069400000000000000e+04
4.069500000000000000e+04
4.069600000000000000e+04
4.069700000000000000e+04
4.069800000000000000e+04
4.069900000000000000e+04
4.070000000000000000e+04
4.071600000000000000e+04
4.071900000000000000e+04
4.072000000000000000e+04
4.072100000000000000e+04
4.072200000000000000e+04
4.072300000000000000e+04
4.072400000000000000e+04
4.072500000000000000e+04
4.072600000000000000e+04
4.072700000000000000e+04
4.072800000000000000e+04
4.072900000000000000e+04
4.073000000000000000e+04
4.073100000000000000e+04
4.073200000000000000e+04
4.073300000000000000e+04
4.073400000000000000e+04
4.073500000000000000e+04
4.073600000000000000e+04
4.073700000000000000e+04
4.073800000000000000e+04
4.073900000000000000e+04
4.074000000000000000e+04
4.074100000000000000e+04
4.074200000000000000e+04
4.074300000000000000e+04
4.074400000000000000e+04
4.074500000000000000e+04
4.074600000000000000e+04
4.074700000000000000e+04
4.074800000000000000e+04
4.074900000000000000e+04
4.075000000000000000e+04
4.075100000000000000e+04
4.075200000000000000e+04
4.075300000000000000e+04
4.075400000000000000e+04
4.075500000000000000e+04
4.075600000000000000e+04
4.075700000000000000e+04
4.075800000000000000e+04
4.075900000000000000e+04
4.076000000000000000e+04
4.076100000000000000e+04
4.076200000000000000e+04
4.076300000000000000e+04
4.076400000000000000e+04
4.076500000000000000e+04
4.076600000000000000e+04
4.076700000000000000e+04
4.076800000000000000e+04
4.076900000000000000e+04
4.077000000000000000e+04
4.077100000000000000e+04
4.077200000000000000e+04
4.080400000000000000e+04
4.080500000000000000e+04
4.080600000000000000e+04
4.080700000000000000e+04
4.080800000000000000e+04
4.080900000000000000e+04
4.081000000000000000e+04
4.081100000000000000e+04
4.081200000000000000e+04
4.081300000000000000e+04
4.081400000000000000e+04
4.081500000000000000e+04
4.081600000000000000e+04
4.081700000000000000e+04
4.081800000000000000e+04
4.081900000000000000e+04
4.082000000000000000e+04
4.082100000000000000e+04
4.082200000000000000e+04
4.082300000000000000e+04
4.082400000000000000e+04
4.082500000000000000e+04
4.082600000000000000e+04
4.082700000000000000e+04
4.082800000000000000e+04
4.082900000000000000e+04
4.083000000000000000e+04
4.083100000000000000e+04
4.083200000000000000e+04
4.083300000000000000e+04
4.083400000000000000e+04
4.083500000000000000e+04
4.083600000000000000e+04
4.083700000000000000e+04
4.083800000000000000e+04
4.083900000000000000e+04
5.465700000000000000e+04
5.466000000000000000e+04
5.466100000000000000e+04
5.466200000000000000e+04
5.466300000000000000e+04
5.466400000000000000e+04
5.466500000000000000e+04
5.466600000000000000e+04
5.466700000000000000e+04
5.466800000000000000e+04
5.466900000000000000e+04
5.467000000000000000e+04
5.467100000000000000e+04
5.467200000000000000e+04
5.467300000000000000e+04
5.467400000000000000e+04
5.467500000000000000e+04
5.467600000000000000e+04
5.467700000000000000e+04
5.467800000000000000e+04
5.467900000000000000e+04
5.468000000000000000e+04
5.468100000000000000e+04
5.468200000000000000e+04
5.468300000000000000e+04
5.468400000000000000e+04
5.468500000000000000e+04
5.468600000000000000e+04
5.468700000000000000e+04
5.468800000000000000e+04
5.468900000000000000e+04
5.469000000000000000e+04
5.469100000000000000e+04
5.469200000000000000e+04
5.469300000000000000e+04
5.469400000000000000e+04
5.469500000000000000e+04
5.469600000000000000e+04
5.469700000000000000e+04
5.469800000000000000e+04
5.469900000000000000e+04
5.470000000000000000e+04
5.470100000000000000e+04
5.470200000000000000e+04
5.470300000000000000e+04
5.470400000000000000e+04
5.470500000000000000e+04
5.470600000000000000e+04
5.470700000000000000e+04
5.470800000000000000e+04
5.470900000000000000e+04
5.471000000000000000e+04
5.471100000000000000e+04
5.471200000000000000e+04
5.471300000000000000e+04
5.471400000000000000e+04
5.471500000000000000e+04
5.471600000000000000e+04
5.471700000000000000e+04
5.471800000000000000e+04
5.471900000000000000e+04
5.472000000000000000e+04
5.472100000000000000e+04
5.472200000000000000e+04
5.472300000000000000e+04
5.472400000000000000e+04
5.472500000000000000e+04
5.472600000000000000e+04
5.472700000000000000e+04
5.472800000000000000e+04
5.472900000000000000e+04
5.473000000000000000e+04
5.473100000000000000e+04
5.473200000000000000e+04
5.473300000000000000e+04
5.473400000000000000e+04
5.473500000000000000e+04
5.473600000000000000e+04
5.473700000000000000e+04
5.473800000000000000e+04
5.473900000000000000e+04
5.474000000000000000e+04
5.474100000000000000e+04
5.474200000000000000e+04
5.474300000000000000e+04
5.474400000000000000e+04
5.474500000000000000e+04
5.474600000000000000e+04
5.474700000000000000e+04
5.474800000000000000e+04
5.474900000000000000e+04
5.475000000000000000e+04
5.475100000000000000e+04
5.475200000000000000e+04
5.475300000000000000e+04
5.475400000000000000e+04
5.475500000000000000e+04
5.475600000000000000e+04
5.475700000000000000e+04
5.475800000000000000e+04
5.475900000000000000e+04
5.476000000000000000e+04
5.476100000000000000e+04
5.476200000000000000e+04
5.476300000000000000e+04
5.476400000000000000e+04
5.476500000000000000e+04
5.476600000000000000e+04
5.476700000000000000e+04
5.476800000000000000e+04
5.476900000000000000e+04
5.477000000000000000e+04
5.477100000000000000e+04
5.477200000000000000e+04
5.550400000000000000e+04
5.550800000000000000e+04
5.551200000000000000e+04
5.551600000000000000e+04
5.552000000000000000e+04
5.787100000000000000e+04
5.787200000000000000e+04
5.787300000000000000e+04
5.927500000000000000e+04
5.927600000000000000e+04
5.927700000000000000e+04
5.927900000000000000e+04
5.928000000000000000e+04
5.928100000000000000e+04
5.928300000000000000e+04
5.928400000000000000e+04
5.928500000000000000e+04
5.928600000000000000e+04
5.928700000000000000e+04
5.928800000000000000e+04
5.928900000000000000e+04
5.929000000000000000e+04
5.929100000000000000e+04
5.929200000000000000e+04
5.929300000000000000e+04
5.929400000000000000e+04
5.929500000000000000e+04
5.929600000000000000e+04
5.929700000000000000e+04
5.929900000000000000e+04
5.930000000000000000e+04
5.930100000000000000e+04
5.930300000000000000e+04
5.930400000000000000e+04
5.930500000000000000e+04
5.930700000000000000e+04
5.930800000000000000e+04
5.930900000000000000e+04
5.931100000000000000e+04
5.931200000000000000e+04
5.931300000000000000e+04
6.178400000000000000e+04
6.178500000000000000e+04
6.178600000000000000e+04
6.178700000000000000e+04
6.178800000000000000e+04
6.178900000000000000e+04
6.179000000000000000e+04
6.179100000000000000e+04
6.179200000000000000e+04
6.179300000000000000e+04
6.179400000000000000e+04
6.179500000000000000e+04
6.179600000000000000e+04
6.179700000000000000e+04
6.179800000000000000e+04
6.179900000000000000e+04
6.180000000000000000e+04
6.180100000000000000e+04
6.180200000000000000e+04
6.180300000000000000e+04
6.180400000000000000e+04
6.180500000000000000e+04
6.180600000000000000e+04
6.180700000000000000e+04
6.180800000000000000e+04
6.180900000000000000e+04
6.181000000000000000e+04
6.181100000000000000e+04
6.181200000000000000e+04
6.181300000000000000e+04
6.181400000000000000e+04
6.181500000000000000e+04
6.181600000000000000e+04
6.181700000000000000e+04
6.181800000000000000e+04
6.181900000000000000e+04
6.182000000000000000e+04
6.182100000000000000e+04
6.182200000000000000e+04
6.182300000000000000e+04
6.182400000000000000e+04
6.182500000000000000e+04
6.182600000000000000e+04
6.182700000000000000e+04
6.182800000000000000e+04
6.182900000000000000e+04
6.183000000000000000e+04
6.183100000000000000e+04
6.183200000000000000e+04
6.183300000000000000e+04
6.183400000000000000e+04
6.183500000000000000e+04
6.183600000000000000e+04
6.183700000000000000e+04
6.183800000000000000e+04
6.183900000000000000e+04
6.184000000000000000e+04
6.184100000000000000e+04
6.184200000000000000e+04
6.184300000000000000e+04
6.184400000000000000e+04
6.184500000000000000e+04
6.184600000000000000e+04
6.184700000000000000e+04
6.184800000000000000e+04
6.184900000000000000e+04
6.185000000000000000e+04
6.185100000000000000e+04
6.185200000000000000e+04
6.185300000000000000e+04
6.185400000000000000e+04
6.185500000000000000e+04
6.185600000000000000e+04
6.185700000000000000e+04
6.185800000000000000e+04
6.185900000000000000e+04
6.186000000000000000e+04
6.186100000000000000e+04
6.186200000000000000e+04
6.186300000000000000e+04
6.186400000000000000e+04
6.186500000000000000e+04
6.186600000000000000e+04
6.186700000000000000e+04
6.186800000000000000e+04
6.186900000000000000e+04
6.187000000000000000e+04
6.187100000000000000e+04
6.187200000000000000e+04
6.187300000000000000e+04
6.187400000000000000e+04
6.187500000000000000e+04
6.187600000000000000e+04
6.187700000000000000e+04
6.187800000000000000e+04
6.187900000000000000e+04
6.188000000000000000e+04
6.188100000000000000e+04
6.188200000000000000e+04
6.188300000000000000e+04
6.188400000000000000e+04
6.188500000000000000e+04
6.188600000000000000e+04
6.188700000000000000e+04
6.188800000000000000e+04
6.188900000000000000e+04
6.189000000000000000e+04
6.189100000000000000e+04
6.189200000000000000e+04
6.189300000000000000e+04
6.189400000000000000e+04
6.189500000000000000e+04
6.189600000000000000e+04
6.189700000000000000e+04
6.189800000000000000e+04
6.189900000000000000e+04
6.190000000000000000e+04
6.190100000000000000e+04
6.190200000000000000e+04
6.190300000000000000e+04
6.190400000000000000e+04
6.190500000000000000e+04
6.190600000000000000e+04
6.190700000000000000e+04
6.190800000000000000e+04
6.190900000000000000e+04
6.191000000000000000e+04
6.191100000000000000e+04
6.191200000000000000e+04
6.191300000000000000e+04
6.191400000000000000e+04
6.191500000000000000e+04
6.191600000000000000e+04
6.191700000000000000e+04
6.191800000000000000e+04
6.191900000000000000e+04
6.192000000000000000e+04
6.192100000000000000e+04
6.192200000000000000e+04
6.192300000000000000e+04
6.192400000000000000e+04
6.192500000000000000e+04
6.192600000000000000e+04
6.192700000000000000e+04
6.192800000000000000e+04
6.192900000000000000e+04
6.193000000000000000e+04
6.193100000000000000e+04
6.193200000000000000e+04
6.193300000000000000e+04
6.193400000000000000e+04
6.193500000000000000e+04
6.193600000000000000e+04
6.193800000000000000e+04
6.215100000000000000e+04
6.215200000000000000e+04
6.215500000000000000e+04
6.218700000000000000e+04
6.218800000000000000e+04
6.218900000000000000e+04
6.219000000000000000e+04
6.219100000000000000e+04
6.219200000000000000e+04
6.219300000000000000e+04
6.219400000000000000e+04
6.219500000000000000e+04
6.219600000000000000e+04
6.219700000000000000e+04
6.219800000000000000e+04
6.219900000000000000e+04
6.220000000000000000e+04
6.220100000000000000e+04
6.220200000000000000e+04
6.220300000000000000e+04
6.220400000000000000e+04
6.220500000000000000e+04
6.220600000000000000e+04
6.220700000000000000e+04
6.220800000000000000e+04
6.220900000000000000e+04
6.221000000000000000e+04
6.221100000000000000e+04
6.221200000000000000e+04
6.221300000000000000e+04
6.221400000000000000e+04
6.221500000000000000e+04
6.221600000000000000e+04
6.221700000000000000e+04
6.221800000000000000e+04
6.221900000000000000e+04
6.222000000000000000e+04
6.222100000000000000e+04
6.222200000000000000e+04
6.222300000000000000e+04
6.222400000000000000e+04
6.222500000000000000e+04
6.222600000000000000e+04
6.222700000000000000e+04
6.222800000000000000e+04
6.222900000000000000e+04
6.223000000000000000e+04
6.223100000000000000e+04
6.223200000000000000e+04
6.223300000000000000e+04
6.223400000000000000e+04
6.223500000000000000e+04
6.223600000000000000e+04
6.223700000000000000e+04
6.223800000000000000e+04
6.223900000000000000e+04
6.224000000000000000e+04
6.224100000000000000e+04
6.224200000000000000e+04
6.224300000000000000e+04
6.224400000000000000e+04
6.224500000000000000e+04
6.224600000000000000e+04
6.224700000000000000e+04
6.224800000000000000e+04
6.224900000000000000e+04
6.225000000000000000e+04
6.225100000000000000e+04
6.225200000000000000e+04
6.225300000000000000e+04
6.225400000000000000e+04
6.228400000000000000e+04
6.228500000000000000e+04
6.228600000000000000e+04
6.228700000000000000e+04
6.228800000000000000e+04
6.228900000000000000e+04
6.570300000000000000e+04
6.570400000000000000e+04
6.570500000000000000e+04
6.570600000000000000e+04
6.570700000000000000e+04
6.570800000000000000e+04
6.570900000000000000e+04
6.571000000000000000e+04
6.571100000000000000e+04
6.571200000000000000e+04
6.571300000000000000e+04
6.571400000000000000e+04
6.571500000000000000e+04
6.571600000000000000e+04
6.571700000000000000e+04
6.571800000000000000e+04
6.571900000000000000e+04
6.572000000000000000e+04
6.572100000000000000e+04
6.572200000000000000e+04
6.572300000000000000e+04
6.572400000000000000e+04
6.572500000000000000e+04
6.572600000000000000e+04
6.572700000000000000e+04
6.572800000000000000e+04
6.572900000000000000e+04
6.573000000000000000e+04
6.573100000000000000e+04
6.573200000000000000e+04
6.573300000000000000e+04
6.573400000000000000e+04
6.573500000000000000e+04
6.573600000000000000e+04
6.573700000000000000e+04
6.573800000000000000e+04
6.573900000000000000e+04
6.574000000000000000e+04
6.574100000000000000e+04
6.574200000000000000e+04
6.574300000000000000e+04
6.574400000000000000e+04
6.574500000000000000e+04
6.574600000000000000e+04
6.574700000000000000e+04
6.574800000000000000e+04
6.574900000000000000e+04
6.575000000000000000e+04
6.575100000000000000e+04
6.575200000000000000e+04
6.575300000000000000e+04
6.575400000000000000e+04
6.575500000000000000e+04
6.575600000000000000e+04
6.575700000000000000e+04
6.575800000000000000e+04
6.575900000000000000e+04
6.576000000000000000e+04
6.576100000000000000e+04
6.576200000000000000e+04
6.576300000000000000e+04
6.576400000000000000e+04
6.576500000000000000e+04
6.576600000000000000e+04
6.576700000000000000e+04
6.576800000000000000e+04
6.576900000000000000e+04
6.577000000000000000e+04
6.577100000000000000e+04
6.577200000000000000e+04
6.577300000000000000e+04
6.577400000000000000e+04
6.577500000000000000e+04
6.577600000000000000e+04
6.577700000000000000e+04
6.577800000000000000e+04
6.577900000000000000e+04
6.578000000000000000e+04
6.578100000000000000e+04
6.578200000000000000e+04
6.578300000000000000e+04
6.578400000000000000e+04
6.578500000000000000e+04
6.578600000000000000e+04
6.578700000000000000e+04
6.578800000000000000e+04
6.578900000000000000e+04
6.579000000000000000e+04
6.579100000000000000e+04
6.579200000000000000e+04
6.579300000000000000e+04
6.579400000000000000e+04
6.579500000000000000e+04
6.579600000000000000e+04
6.579700000000000000e+04
6.579800000000000000e+04
6.579900000000000000e+04
6.580000000000000000e+04
6.580100000000000000e+04
6.580200000000000000e+04
6.580300000000000000e+04
6.580400000000000000e+04
6.580500000000000000e+04
6.580600000000000000e+04
6.580700000000000000e+04
7.210600000000000000e+04
7.210700000000000000e+04
7.210800000000000000e+04
7.210900000000000000e+04
7.211000000000000000e+04
7.211100000000000000e+04
7.211200000000000000e+04
7.211300000000000000e+04
7.211400000000000000e+04
7.211500000000000000e+04
7.211600000000000000e+04
7.211700000000000000e+04
7.211800000000000000e+04
7.211900000000000000e+04
7.212000000000000000e+04
7.212100000000000000e+04
7.212200000000000000e+04
7.212300000000000000e+04
7.212400000000000000e+04
7.212500000000000000e+04
7.212600000000000000e+04
7.212700000000000000e+04
7.212800000000000000e+04
7.212900000000000000e+04
7.213000000000000000e+04
7.213100000000000000e+04
7.213200000000000000e+04
7.213300000000000000e+04
7.213400000000000000e+04
7.213500000000000000e+04
7.213600000000000000e+04
7.213700000000000000e+04
7.213800000000000000e+04
7.213900000000000000e+04
7.214000000000000000e+04
7.214100000000000000e+04
7.214200000000000000e+04
7.214300000000000000e+04
7.214400000000000000e+04
7.214500000000000000e+04
7.214600000000000000e+04
7.214700000000000000e+04
7.214800000000000000e+04
7.214900000000000000e+04
7.215000000000000000e+04
7.215100000000000000e+04
7.215200000000000000e+04
7.215300000000000000e+04
7.215400000000000000e+04
7.215500000000000000e+04
7.215600000000000000e+04
7.215700000000000000e+04
7.215800000000000000e+04
7.215900000000000000e+04
7.216000000000000000e+04
7.216100000000000000e+04
7.216200000000000000e+04
7.216300000000000000e+04
7.216400000000000000e+04
7.216500000000000000e+04
7.216600000000000000e+04
7.216700000000000000e+04
7.216800000000000000e+04
7.216900000000000000e+04
7.217000000000000000e+04
7.217100000000000000e+04
7.217200000000000000e+04
7.217300000000000000e+04
7.217400000000000000e+04
7.217500000000000000e+04
7.217600000000000000e+04
7.217700000000000000e+04
7.217800000000000000e+04
7.217900000000000000e+04
7.218000000000000000e+04
7.218100000000000000e+04
7.218200000000000000e+04
7.218300000000000000e+04
7.218400000000000000e+04
7.218500000000000000e+04
7.218600000000000000e+04
7.218700000000000000e+04
7.218800000000000000e+04
7.218900000000000000e+04
7.219000000000000000e+04
7.219100000000000000e+04
7.219200000000000000e+04
7.219300000000000000e+04
7.219400000000000000e+04
7.219500000000000000e+04
7.219600000000000000e+04
7.219700000000000000e+04
7.219800000000000000e+04
7.219900000000000000e+04
7.220000000000000000e+04
7.220100000000000000e+04
7.220200000000000000e+04
7.220300000000000000e+04
7.220400000000000000e+04
7.220500000000000000e+04
7.220600000000000000e+04
8.951200000000000000e+04
8.951300000000000000e+04
8.951400000000000000e+04
8.951500000000000000e+04
8.951600000000000000e+04
8.951700000000000000e+04
8.951800000000000000e+04
8.951900000000000000e+04
8.952000000000000000e+04
8.952100000000000000e+04
8.952200000000000000e+04
8.952300000000000000e+04
8.952400000000000000e+04
8.952500000000000000e+04
8.952600000000000000e+04
8.952700000000000000e+04
8.952800000000000000e+04
8.952900000000000000e+04
8.953000000000000000e+04
8.953100000000000000e+04
8.953200000000000000e+04
8.953300000000000000e+04
8.953400000000000000e+04
8.953500000000000000e+04
8.953600000000000000e+04
8.953700000000000000e+04
8.953800000000000000e+04
8.953900000000000000e+04
8.954000000000000000e+04
8.954100000000000000e+04
8.954200000000000000e+04
8.954300000000000000e+04
8.954400000000000000e+04
8.954500000000000000e+04
8.954600000000000000e+04
8.954700000000000000e+04
8.954800000000000000e+04
8.954900000000000000e+04
8.955000000000000000e+04
8.955100000000000000e+04
8.955200000000000000e+04
8.955300000000000000e+04
8.955400000000000000e+04
8.955500000000000000e+04
8.955600000000000000e+04
8.955700000000000000e+04
8.955800000000000000e+04
8.955900000000000000e+04
8.956000000000000000e+04
8.956100000000000000e+04
8.956200000000000000e+04
8.956300000000000000e+04
8.956400000000000000e+04
8.956500000000000000e+04
8.956600000000000000e+04
8.956700000000000000e+04
8.956800000000000000e+04
8.956900000000000000e+04
8.957000000000000000e+04
8.957100000000000000e+04
8.957200000000000000e+04
8.957300000000000000e+04
8.957400000000000000e+04
8.957500000000000000e+04
8.957600000000000000e+04
8.957700000000000000e+04
8.957800000000000000e+04
8.957900000000000000e+04
8.958000000000000000e+04
8.958100000000000000e+04
8.958200000000000000e+04
8.958300000000000000e+04
8.958400000000000000e+04
8.958500000000000000e+04
8.958600000000000000e+04
8.958700000000000000e+04
8.958800000000000000e+04
8.958900000000000000e+04
8.959000000000000000e+04
8.959100000000000000e+04
8.959200000000000000e+04
8.959300000000000000e+04
8.959400000000000000e+04
8.959500000000000000e+04
8.959600000000000000e+04
8.959700000000000000e+04
8.959800000000000000e+04
8.959900000000000000e+04
8.960000000000000000e+04
8.960100000000000000e+04
8.960200000000000000e+04
8.960300000000000000e+04
8.960400000000000000e+04
8.960500000000000000e+04
8.960600000000000000e+04
8.960700000000000000e+04
8.960800000000000000e+04
8.960900000000000000e+04
8.961000000000000000e+04
8.961100000000000000e+04
8.961200000000000000e+04
8.961300000000000000e+04
8.961400000000000000e+04
8.961500000000000000e+04
8.961600000000000000e+04
8.961700000000000000e+04
8.961800000000000000e+04
8.974500000000000000e+04
8.974600000000000000e+04
8.974700000000000000e+04
8.974800000000000000e+04
8.974900000000000000e+04
8.975000000000000000e+04
8.975100000000000000e+04
8.975200000000000000e+04
8.975300000000000000e+04
8.975400000000000000e+04
8.975500000000000000e+04
8.975600000000000000e+04
8.975700000000000000e+04
8.975800000000000000e+04
8.975900000000000000e+04
8.976000000000000000e+04
8.976100000000000000e+04
8.976200000000000000e+04
8.976300000000000000e+04
8.976400000000000000e+04
8.976500000000000000e+04
8.976600000000000000e+04
8.976700000000000000e+04
8.976800000000000000e+04
8.976900000000000000e+04
8.977000000000000000e+04
8.977100000000000000e+04
8.977200000000000000e+04
8.977300000000000000e+04
8.977400000000000000e+04
8.977500000000000000e+04
8.977600000000000000e+04
8.977700000000000000e+04
8.977800000000000000e+04
8.977900000000000000e+04
8.978000000000000000e+04
8.978100000000000000e+04
8.978200000000000000e+04
8.978300000000000000e+04
8.978400000000000000e+04
8.978500000000000000e+04
8.978600000000000000e+04
8.978700000000000000e+04
8.978800000000000000e+04
8.978900000000000000e+04
8.979000000000000000e+04
8.979100000000000000e+04
8.979200000000000000e+04
8.979300000000000000e+04
8.979400000000000000e+04
8.979500000000000000e+04
8.979600000000000000e+04
8.979700000000000000e+04
8.979800000000000000e+04
8.979900000000000000e+04
8.980000000000000000e+04
8.980100000000000000e+04
8.980200000000000000e+04
8.980300000000000000e+04
8.980400000000000000e+04
8.980500000000000000e+04
8.980600000000000000e+04
8.980700000000000000e+04
8.980800000000000000e+04
8.980900000000000000e+04
8.981000000000000000e+04
8.981100000000000000e+04
8.981200000000000000e+04
8.981300000000000000e+04
8.981400000000000000e+04
8.981500000000000000e+04
8.981600000000000000e+04
8.981700000000000000e+04
8.981800000000000000e+04
8.981900000000000000e+04
8.982000000000000000e+04
8.982100000000000000e+04
8.982200000000000000e+04
8.982300000000000000e+04
8.982400000000000000e+04
8.982500000000000000e+04
8.982600000000000000e+04
8.982700000000000000e+04
8.982800000000000000e+04
8.982900000000000000e+04
8.983000000000000000e+04
8.983100000000000000e+04
8.983200000000000000e+04
8.983300000000000000e+04
8.983400000000000000e+04
8.983500000000000000e+04
8.983600000000000000e+04
8.983700000000000000e+04
8.983800000000000000e+04
8.983900000000000000e+04
8.984000000000000000e+04
8.984100000000000000e+04
8.984200000000000000e+04
8.984300000000000000e+04
8.984400000000000000e+04
8.984500000000000000e+04
8.984600000000000000e+04
8.984700000000000000e+04
8.984800000000000000e+04
8.984900000000000000e+04
8.985000000000000000e+04
8.985100000000000000e+04
8.985200000000000000e+04
8.985300000000000000e+04
8.985400000000000000e+04
8.985500000000000000e+04
8.985600000000000000e+04
8.985700000000000000e+04
8.985800000000000000e+04
8.985900000000000000e+04
8.986000000000000000e+04
8.986100000000000000e+04
8.986200000000000000e+04
8.986300000000000000e+04
8.986400000000000000e+04
8.986500000000000000e+04
8.986600000000000000e+04
9.007900000000000000e+04
9.008000000000000000e+04
9.008100000000000000e+04
9.008200000000000000e+04
9.008300000000000000e+04
9.008400000000000000e+04
9.008500000000000000e+04
9.008600000000000000e+04
9.008700000000000000e+04
9.008800000000000000e+04
9.008900000000000000e+04
9.009000000000000000e+04
9.009100000000000000e+04
9.009200000000000000e+04
9.009300000000000000e+04
9.009500000000000000e+04
9.592900000000000000e+04
9.595700000000000000e+04
9.596000000000000000e+04
9.596100000000000000e+04
9.596400000000000000e+04
9.596500000000000000e+04
9.596800000000000000e+04
9.596900000000000000e+04
9.597200000000000000e+04
9.597300000000000000e+04
9.597400000000000000e+04
9.597500000000000000e+04
9.597600000000000000e+04
9.597700000000000000e+04
9.597800000000000000e+04
9.597900000000000000e+04
9.598000000000000000e+04
9.598100000000000000e+04
9.598200000000000000e+04
9.598300000000000000e+04
9.598400000000000000e+04
9.598500000000000000e+04
9.598600000000000000e+04
9.598700000000000000e+04
9.598800000000000000e+04
9.598900000000000000e+04
9.599000000000000000e+04
9.599100000000000000e+04
9.599200000000000000e+04
9.599300000000000000e+04
9.599400000000000000e+04
9.599500000000000000e+04
9.599600000000000000e+04
9.599700000000000000e+04
9.599800000000000000e+04
9.599900000000000000e+04
9.600000000000000000e+04
9.600100000000000000e+04
9.600200000000000000e+04
