6.673100000000000000e+04
6.673200000000000000e+04
6.673300000000000000e+04
6.673400000000000000e+04
6.673500000000000000e+04
6.673600000000000000e+04
6.673700000000000000e+04
6.673800000000000000e+04
6.673900000000000000e+04
6.674000000000000000e+04
6.674100000000000000e+04
6.674200000000000000e+04
6.674300000000000000e+04
6.674400000000000000e+04
6.674500000000000000e+04
6.674600000000000000e+04
6.674700000000000000e+04
6.674800000000000000e+04
6.674900000000000000e+04
6.675000000000000000e+04
6.675100000000000000e+04
6.675200000000000000e+04
6.675300000000000000e+04
6.675400000000000000e+04
6.675500000000000000e+04
6.675600000000000000e+04
6.675700000000000000e+04
6.675800000000000000e+04
6.675900000000000000e+04
6.676000000000000000e+04
6.676100000000000000e+04
6.676200000000000000e+04
6.676300000000000000e+04
6.676400000000000000e+04
6.676500000000000000e+04
6.676600000000000000e+04
6.676700000000000000e+04
6.676800000000000000e+04
6.676900000000000000e+04
6.677000000000000000e+04
6.677100000000000000e+04
6.677200000000000000e+04
6.677300000000000000e+04
6.677400000000000000e+04
6.677500000000000000e+04
6.677600000000000000e+04
6.677700000000000000e+04
6.677800000000000000e+04
6.677900000000000000e+04
6.678000000000000000e+04
6.678100000000000000e+04
6.678200000000000000e+04
6.678300000000000000e+04
6.678400000000000000e+04
6.678500000000000000e+04
6.678600000000000000e+04
6.678700000000000000e+04
6.678800000000000000e+04
6.678900000000000000e+04
6.679000000000000000e+04
6.679100000000000000e+04
6.679200000000000000e+04
6.679300000000000000e+04
6.679400000000000000e+04
6.679500000000000000e+04
6.679600000000000000e+04
6.679700000000000000e+04
6.679800000000000000e+04
6.679900000000000000e+04
6.680000000000000000e+04
6.680100000000000000e+04
6.680200000000000000e+04
6.680300000000000000e+04
6.680400000000000000e+04
6.680500000000000000e+04
6.680600000000000000e+04
6.680700000000000000e+04
6.680800000000000000e+04
6.680900000000000000e+04
6.681000000000000000e+04
6.681100000000000000e+04
6.681200000000000000e+04
6.681300000000000000e+04
6.681400000000000000e+04
6.681500000000000000e+04
6.681600000000000000e+04
6.681700000000000000e+04
6.681800000000000000e+04
6.681900000000000000e+04
6.682000000000000000e+04
6.682100000000000000e+04
6.682200000000000000e+04
6.682300000000000000e+04
6.682400000000000000e+04
6.682500000000000000e+04
6.682600000000000000e+04
6.682700000000000000e+04
6.682800000000000000e+04
6.682900000000000000e+04
6.683000000000000000e+04
6.683100000000000000e+04
6.683200000000000000e+04
6.683300000000000000e+04
6.683400000000000000e+04
6.683500000000000000e+04
6.683600000000000000e+04
6.683700000000000000e+04
6.683800000000000000e+04
6.683900000000000000e+04
6.684000000000000000e+04
6.684100000000000000e+04
6.684200000000000000e+04
6.684300000000000000e+04
6.684400000000000000e+04
6.684500000000000000e+04
6.684600000000000000e+04
6.684700000000000000e+04
6.684800000000000000e+04
6.684900000000000000e+04
6.685000000000000000e+04
6.685100000000000000e+04
6.685200000000000000e+04
6.685300000000000000e+04
6.685400000000000000e+04
6.685500000000000000e+04
6.685600000000000000e+04
6.685700000000000000e+04
6.685800000000000000e+04
6.685900000000000000e+04
6.686000000000000000e+04
6.686100000000000000e+04
6.686200000000000000e+04
6.686300000000000000e+04
6.686400000000000000e+04
6.686500000000000000e+04
6.686600000000000000e+04
6.686700000000000000e+04
6.686800000000000000e+04
6.686900000000000000e+04
6.687000000000000000e+04
6.687100000000000000e+04
6.687200000000000000e+04
6.687300000000000000e+04
6.687400000000000000e+04
6.687500000000000000e+04
6.687600000000000000e+04
6.687700000000000000e+04
6.687800000000000000e+04
6.687900000000000000e+04
6.688000000000000000e+04
6.688100000000000000e+04
6.688200000000000000e+04
6.688300000000000000e+04
6.688400000000000000e+04
6.688500000000000000e+04
6.688600000000000000e+04
6.688700000000000000e+04
6.688800000000000000e+04
6.689000000000000000e+04
6.689100000000000000e+04
6.929700000000000000e+04
6.929800000000000000e+04
6.929900000000000000e+04
6.930000000000000000e+04
6.930100000000000000e+04
6.930200000000000000e+04
6.930300000000000000e+04
6.930400000000000000e+04
6.930500000000000000e+04
6.930600000000000000e+04
6.930700000000000000e+04
6.930800000000000000e+04
6.930900000000000000e+04
6.931000000000000000e+04
6.931100000000000000e+04
6.931200000000000000e+04
6.931300000000000000e+04
6.931400000000000000e+04
6.931500000000000000e+04
6.931600000000000000e+04
6.931700000000000000e+04
6.931800000000000000e+04
6.931900000000000000e+04
6.932000000000000000e+04
6.932100000000000000e+04
6.932200000000000000e+04
6.932300000000000000e+04
6.932400000000000000e+04
6.932500000000000000e+04
6.932600000000000000e+04
6.932700000000000000e+04
6.932800000000000000e+04
6.932900000000000000e+04
6.933000000000000000e+04
6.933100000000000000e+04
6.933200000000000000e+04
6.933300000000000000e+04
6.933400000000000000e+04
6.933500000000000000e+04
6.933600000000000000e+04
6.933700000000000000e+04
6.933800000000000000e+04
6.933900000000000000e+04
6.934000000000000000e+04
6.934100000000000000e+04
6.934200000000000000e+04
6.934300000000000000e+04
6.934400000000000000e+04
6.934500000000000000e+04
6.934600000000000000e+04
6.934700000000000000e+04
6.934800000000000000e+04
6.934900000000000000e+04
6.935000000000000000e+04
6.935100000000000000e+04
6.935200000000000000e+04
6.935300000000000000e+04
6.935400000000000000e+04
6.935500000000000000e+04
6.935600000000000000e+04
6.935700000000000000e+04
6.935800000000000000e+04
6.935900000000000000e+04
6.936000000000000000e+04
6.936100000000000000e+04
6.936200000000000000e+04
6.936300000000000000e+04
6.936400000000000000e+04
6.936500000000000000e+04
6.936600000000000000e+04
6.936700000000000000e+04
6.936800000000000000e+04
6.936900000000000000e+04
6.937000000000000000e+04
6.937100000000000000e+04
6.937200000000000000e+04
6.937300000000000000e+04
6.937400000000000000e+04
6.937500000000000000e+04
6.937600000000000000e+04
6.937700000000000000e+04
6.937800000000000000e+04
6.937900000000000000e+04
6.938000000000000000e+04
6.938100000000000000e+04
6.938200000000000000e+04
6.938300000000000000e+04
6.938400000000000000e+04
6.938500000000000000e+04
6.938600000000000000e+04
6.938700000000000000e+04
6.938800000000000000e+04
6.938900000000000000e+04
6.939000000000000000e+04
6.939100000000000000e+04
6.939200000000000000e+04
6.939300000000000000e+04
6.939400000000000000e+04
6.939500000000000000e+04
6.939600000000000000e+04
6.939700000000000000e+04
6.939800000000000000e+04
6.939900000000000000e+04
6.940000000000000000e+04
6.940100000000000000e+04
6.940200000000000000e+04
6.940300000000000000e+04
6.940400000000000000e+04
6.940500000000000000e+04
6.940600000000000000e+04
6.940700000000000000e+04
6.940800000000000000e+04
6.940900000000000000e+04
6.941000000000000000e+04
6.941100000000000000e+04
6.941200000000000000e+04
6.941300000000000000e+04
6.941400000000000000e+04
6.941500000000000000e+04
6.941600000000000000e+04
6.941700000000000000e+04
6.941800000000000000e+04
6.941900000000000000e+04
6.942000000000000000e+04
6.942100000000000000e+04
6.942200000000000000e+04
6.942300000000000000e+04
6.942400000000000000e+04
6.942500000000000000e+04
6.942600000000000000e+04
6.942700000000000000e+04
6.942800000000000000e+04
6.942900000000000000e+04
6.943000000000000000e+04
6.943100000000000000e+04
6.943200000000000000e+04
6.943300000000000000e+04
6.943400000000000000e+04
6.943500000000000000e+04
6.943600000000000000e+04
6.943700000000000000e+04
6.943800000000000000e+04
6.943900000000000000e+04
6.944000000000000000e+04
6.944100000000000000e+04
6.944200000000000000e+04
6.944300000000000000e+04
6.944400000000000000e+04
6.944500000000000000e+04
6.944600000000000000e+04
6.944700000000000000e+04
6.944800000000000000e+04
6.944900000000000000e+04
6.945000000000000000e+04
6.945100000000000000e+04
6.945200000000000000e+04
6.945300000000000000e+04
6.945400000000000000e+04
6.945500000000000000e+04
6.945600000000000000e+04
6.945700000000000000e+04
6.945800000000000000e+04
6.945900000000000000e+04
6.946000000000000000e+04
6.946100000000000000e+04
6.946200000000000000e+04
6.946300000000000000e+04
6.946400000000000000e+04
6.946500000000000000e+04
6.946600000000000000e+04
6.946700000000000000e+04
6.946800000000000000e+04
6.946900000000000000e+04
6.947000000000000000e+04
6.947100000000000000e+04
6.947200000000000000e+04
6.947300000000000000e+04
6.947400000000000000e+04
6.947500000000000000e+04
6.947600000000000000e+04
6.947700000000000000e+04
6.947800000000000000e+04
6.947900000000000000e+04
6.948000000000000000e+04
6.948100000000000000e+04
6.948200000000000000e+04
6.948300000000000000e+04
6.948400000000000000e+04
6.948500000000000000e+04
6.948600000000000000e+04
6.948700000000000000e+04
6.948800000000000000e+04
6.948900000000000000e+04
6.949000000000000000e+04
6.949100000000000000e+04
6.949200000000000000e+04
6.949300000000000000e+04
6.949400000000000000e+04
6.949500000000000000e+04
6.949600000000000000e+04
6.949700000000000000e+04
6.949800000000000000e+04
6.949900000000000000e+04
6.950000000000000000e+04
6.950100000000000000e+04
6.950200000000000000e+04
6.950300000000000000e+04
6.950400000000000000e+04
6.950500000000000000e+04
6.950600000000000000e+04
6.950700000000000000e+04
6.950800000000000000e+04
6.950900000000000000e+04
6.951000000000000000e+04
6.951100000000000000e+04
6.951200000000000000e+04
6.951300000000000000e+04
6.951400000000000000e+04
6.951500000000000000e+04
6.951600000000000000e+04
6.951700000000000000e+04
6.951800000000000000e+04
6.951900000000000000e+04
6.952000000000000000e+04
6.952100000000000000e+04
6.952200000000000000e+04
6.952300000000000000e+04
6.952400000000000000e+04
6.952500000000000000e+04
6.952600000000000000e+04
6.952700000000000000e+04
6.952800000000000000e+04
6.952900000000000000e+04
6.953000000000000000e+04
6.953100000000000000e+04
6.953200000000000000e+04
6.953300000000000000e+04
6.953400000000000000e+04
6.953500000000000000e+04
6.953600000000000000e+04
6.953700000000000000e+04
6.953800000000000000e+04
6.953900000000000000e+04
6.954000000000000000e+04
6.954100000000000000e+04
6.954200000000000000e+04
6.954300000000000000e+04
6.954400000000000000e+04
6.954500000000000000e+04
6.954600000000000000e+04
6.954700000000000000e+04
6.954800000000000000e+04
6.954900000000000000e+04
6.955000000000000000e+04
6.955100000000000000e+04
6.955200000000000000e+04
6.955300000000000000e+04
6.955400000000000000e+04
6.955500000000000000e+04
6.955600000000000000e+04
6.955700000000000000e+04
6.955800000000000000e+04
6.955900000000000000e+04
6.956000000000000000e+04
6.956100000000000000e+04
6.956200000000000000e+04
6.956300000000000000e+04
6.956400000000000000e+04
6.956500000000000000e+04
6.956600000000000000e+04
6.956700000000000000e+04
6.956800000000000000e+04
6.956900000000000000e+04
6.957000000000000000e+04
6.957100000000000000e+04
6.957200000000000000e+04
6.957300000000000000e+04
6.957400000000000000e+04
6.957500000000000000e+04
6.957600000000000000e+04
6.957700000000000000e+04
6.957800000000000000e+04
6.957900000000000000e+04
6.958000000000000000e+04
6.958100000000000000e+04
6.958200000000000000e+04
6.958300000000000000e+04
6.958400000000000000e+04
6.958500000000000000e+04
6.958600000000000000e+04
6.958700000000000000e+04
6.958800000000000000e+04
6.958900000000000000e+04
6.959000000000000000e+04
6.959100000000000000e+04
6.959200000000000000e+04
6.959300000000000000e+04
6.959400000000000000e+04
6.959500000000000000e+04
6.959600000000000000e+04
6.959700000000000000e+04
6.959800000000000000e+04
6.959900000000000000e+04
6.960000000000000000e+04
6.960100000000000000e+04
6.960200000000000000e+04
6.960300000000000000e+04
6.960400000000000000e+04
6.960500000000000000e+04
6.960600000000000000e+04
6.960700000000000000e+04
6.960800000000000000e+04
6.960900000000000000e+04
6.961000000000000000e+04
6.961100000000000000e+04
6.961200000000000000e+04
6.961300000000000000e+04
6.961400000000000000e+04
7.081900000000000000e+04
7.082000000000000000e+04
7.082100000000000000e+04
7.082200000000000000e+04
7.082300000000000000e+04
7.082400000000000000e+04
7.082500000000000000e+04
7.082600000000000000e+04
7.082700000000000000e+04
7.082800000000000000e+04
7.082900000000000000e+04
7.083000000000000000e+04
7.083100000000000000e+04
7.083200000000000000e+04
7.083300000000000000e+04
7.083400000000000000e+04
7.083500000000000000e+04
7.083600000000000000e+04
7.083700000000000000e+04
7.083800000000000000e+04
7.083900000000000000e+04
7.084000000000000000e+04
7.084100000000000000e+04
7.084200000000000000e+04
7.084300000000000000e+04
7.084400000000000000e+04
7.084500000000000000e+04
7.084600000000000000e+04
7.084700000000000000e+04
7.084800000000000000e+04
7.084900000000000000e+04
7.085000000000000000e+04
7.085100000000000000e+04
7.085200000000000000e+04
7.085300000000000000e+04
7.085400000000000000e+04
7.085500000000000000e+04
7.085600000000000000e+04
7.085700000000000000e+04
7.085800000000000000e+04
7.085900000000000000e+04
7.086000000000000000e+04
7.086100000000000000e+04
7.086200000000000000e+04
7.086300000000000000e+04
7.086400000000000000e+04
7.086500000000000000e+04
7.086600000000000000e+04
7.086700000000000000e+04
7.086800000000000000e+04
7.086900000000000000e+04
7.087000000000000000e+04
7.087100000000000000e+04
7.087200000000000000e+04
7.087300000000000000e+04
7.087400000000000000e+04
7.087500000000000000e+04
7.087600000000000000e+04
7.087700000000000000e+04
7.087800000000000000e+04
7.087900000000000000e+04
7.088000000000000000e+04
7.088100000000000000e+04
7.088200000000000000e+04
7.088300000000000000e+04
7.088400000000000000e+04
7.088500000000000000e+04
7.088600000000000000e+04
7.088700000000000000e+04
7.088800000000000000e+04
7.088900000000000000e+04
7.089000000000000000e+04
7.089100000000000000e+04
7.089200000000000000e+04
7.089300000000000000e+04
7.089400000000000000e+04
7.089500000000000000e+04
7.089600000000000000e+04
7.089700000000000000e+04
7.089800000000000000e+04
7.089900000000000000e+04
7.090000000000000000e+04
7.090100000000000000e+04
7.090200000000000000e+04
7.090300000000000000e+04
7.090400000000000000e+04
7.090500000000000000e+04
7.090600000000000000e+04
7.090700000000000000e+04
7.090800000000000000e+04
7.090900000000000000e+04
7.091000000000000000e+04
7.091100000000000000e+04
7.091200000000000000e+04
7.091300000000000000e+04
7.091400000000000000e+04
7.091500000000000000e+04
7.091600000000000000e+04
7.091700000000000000e+04
7.091800000000000000e+04
7.091900000000000000e+04
7.092000000000000000e+04
7.092100000000000000e+04
7.092200000000000000e+04
7.092300000000000000e+04
7.092400000000000000e+04
7.092500000000000000e+04
7.092600000000000000e+04
7.092700000000000000e+04
7.092800000000000000e+04
7.092900000000000000e+04
7.093000000000000000e+04
7.093100000000000000e+04
7.093200000000000000e+04
7.093300000000000000e+04
7.093400000000000000e+04
7.093500000000000000e+04
7.093600000000000000e+04
7.093700000000000000e+04
7.093800000000000000e+04
7.093900000000000000e+04
7.094000000000000000e+04
7.094100000000000000e+04
7.094200000000000000e+04
7.094300000000000000e+04
7.094400000000000000e+04
7.094500000000000000e+04
7.094600000000000000e+04
7.094700000000000000e+04
7.094800000000000000e+04
7.094900000000000000e+04
7.095000000000000000e+04
7.095100000000000000e+04
7.095200000000000000e+04
7.095300000000000000e+04
7.095400000000000000e+04
7.095500000000000000e+04
7.095600000000000000e+04
7.095700000000000000e+04
7.095800000000000000e+04
7.095900000000000000e+04
7.096000000000000000e+04
7.096100000000000000e+04
7.096200000000000000e+04
7.096300000000000000e+04
7.096400000000000000e+04
7.096500000000000000e+04
7.096600000000000000e+04
7.096700000000000000e+04
7.096800000000000000e+04
7.096900000000000000e+04
7.097000000000000000e+04
7.097100000000000000e+04
7.097200000000000000e+04
7.097300000000000000e+04
7.097400000000000000e+04
7.097500000000000000e+04
7.097600000000000000e+04
7.097700000000000000e+04
7.097800000000000000e+04
7.097900000000000000e+04
7.098000000000000000e+04
7.098100000000000000e+04
7.098200000000000000e+04
7.098300000000000000e+04
7.098400000000000000e+04
7.098500000000000000e+04
7.098600000000000000e+04
7.098700000000000000e+04
7.098800000000000000e+04
7.098900000000000000e+04
7.099000000000000000e+04
7.099100000000000000e+04
7.099200000000000000e+04
7.099300000000000000e+04
7.099400000000000000e+04
7.099500000000000000e+04
7.099600000000000000e+04
7.099700000000000000e+04
7.099800000000000000e+04
7.099900000000000000e+04
7.100000000000000000e+04
7.100100000000000000e+04
7.100200000000000000e+04
7.100300000000000000e+04
7.100400000000000000e+04
7.100500000000000000e+04
7.100600000000000000e+04
7.100700000000000000e+04
7.100800000000000000e+04
7.100900000000000000e+04
7.101000000000000000e+04
7.101100000000000000e+04
7.101200000000000000e+04
7.101300000000000000e+04
7.101400000000000000e+04
7.101500000000000000e+04
7.101600000000000000e+04
7.101700000000000000e+04
7.101800000000000000e+04
7.101900000000000000e+04
7.102000000000000000e+04
7.102100000000000000e+04
7.102200000000000000e+04
7.102300000000000000e+04
7.102400000000000000e+04
7.102500000000000000e+04
7.102600000000000000e+04
7.102700000000000000e+04
7.102800000000000000e+04
7.102900000000000000e+04
7.103000000000000000e+04
7.103100000000000000e+04
7.103200000000000000e+04
7.103300000000000000e+04
7.103400000000000000e+04
7.103500000000000000e+04
7.103600000000000000e+04
7.103700000000000000e+04
7.103800000000000000e+04
7.103900000000000000e+04
7.104000000000000000e+04
7.104100000000000000e+04
7.104200000000000000e+04
7.104300000000000000e+04
7.104400000000000000e+04
7.104500000000000000e+04
7.104600000000000000e+04
7.104700000000000000e+04
7.105000000000000000e+04
7.105100000000000000e+04
7.105400000000000000e+04
