6.273000000000000000e+03
6.275000000000000000e+03
6.277000000000000000e+03
6.278000000000000000e+03
6.279000000000000000e+03
6.280000000000000000e+03
6.281000000000000000e+03
6.282000000000000000e+03
6.283000000000000000e+03
6.284000000000000000e+03
6.285000000000000000e+03
6.286000000000000000e+03
6.287000000000000000e+03
6.288000000000000000e+03
6.289000000000000000e+03
6.290000000000000000e+03
6.291000000000000000e+03
6.292000000000000000e+03
6.293000000000000000e+03
6.294000000000000000e+03
6.295000000000000000e+03
6.296000000000000000e+03
6.297000000000000000e+03
6.298000000000000000e+03
6.299000000000000000e+03
6.300000000000000000e+03
6.301000000000000000e+03
6.302000000000000000e+03
6.303000000000000000e+03
6.304000000000000000e+03
6.305000000000000000e+03
6.306000000000000000e+03
6.307000000000000000e+03
6.308000000000000000e+03
6.309000000000000000e+03
6.310000000000000000e+03
6.312000000000000000e+03
6.314000000000000000e+03
6.316000000000000000e+03
6.317000000000000000e+03
6.318000000000000000e+03
6.319000000000000000e+03
6.320000000000000000e+03
6.321000000000000000e+03
6.322000000000000000e+03
6.323000000000000000e+03
6.324000000000000000e+03
6.325000000000000000e+03
6.326000000000000000e+03
6.327000000000000000e+03
6.328000000000000000e+03
6.329000000000000000e+03
6.330000000000000000e+03
6.331000000000000000e+03
7.257000000000000000e+03
7.388000000000000000e+03
7.390000000000000000e+03
7.753000000000000000e+03
7.754000000000000000e+03
7.755000000000000000e+03
7.757000000000000000e+03
7.758000000000000000e+03
7.759000000000000000e+03
7.760000000000000000e+03
7.761000000000000000e+03
7.762000000000000000e+03
7.763000000000000000e+03
7.764000000000000000e+03
7.765000000000000000e+03
7.766000000000000000e+03
7.767000000000000000e+03
7.768000000000000000e+03
7.769000000000000000e+03
7.770000000000000000e+03
7.806000000000000000e+03
7.807000000000000000e+03
7.808000000000000000e+03
7.809000000000000000e+03
7.810000000000000000e+03
7.811000000000000000e+03
7.812000000000000000e+03
7.814000000000000000e+03
7.816000000000000000e+03
7.817000000000000000e+03
7.818000000000000000e+03
7.819000000000000000e+03
7.820000000000000000e+03
8.787000000000000000e+03
8.788000000000000000e+03
8.790000000000000000e+03
8.791000000000000000e+03
8.792000000000000000e+03
8.793000000000000000e+03
8.794000000000000000e+03
8.795000000000000000e+03
8.796000000000000000e+03
