5.636000000000000000e+03
5.638000000000000000e+03
5.683000000000000000e+03
5.747000000000000000e+03
5.755000000000000000e+03
5.759000000000000000e+03
5.763000000000000000e+03
5.767000000000000000e+03
5.771000000000000000e+03
6.290000000000000000e+03
6.291000000000000000e+03
6.292000000000000000e+03
6.293000000000000000e+03
6.294000000000000000e+03
6.539000000000000000e+03
6.543000000000000000e+03
6.544000000000000000e+03
6.546000000000000000e+03
6.547000000000000000e+03
6.548000000000000000e+03
6.550000000000000000e+03
6.551000000000000000e+03
6.552000000000000000e+03
6.553000000000000000e+03
6.554000000000000000e+03
6.555000000000000000e+03
6.556000000000000000e+03
6.557000000000000000e+03
6.558000000000000000e+03
6.559000000000000000e+03
6.560000000000000000e+03
6.561000000000000000e+03
6.562000000000000000e+03
6.563000000000000000e+03
6.564000000000000000e+03
6.565000000000000000e+03
6.566000000000000000e+03
6.567000000000000000e+03
6.568000000000000000e+03
6.569000000000000000e+03
6.570000000000000000e+03
6.571000000000000000e+03
6.572000000000000000e+03
6.573000000000000000e+03
6.574000000000000000e+03
6.575000000000000000e+03
6.576000000000000000e+03
6.577000000000000000e+03
6.578000000000000000e+03
6.579000000000000000e+03
6.580000000000000000e+03
6.581000000000000000e+03
6.582000000000000000e+03
6.583000000000000000e+03
6.584000000000000000e+03
6.586000000000000000e+03
6.587000000000000000e+03
6.590000000000000000e+03
6.591000000000000000e+03
6.595000000000000000e+03
6.618000000000000000e+03
6.619000000000000000e+03
6.620000000000000000e+03
6.621000000000000000e+03
6.622000000000000000e+03
6.623000000000000000e+03
6.624000000000000000e+03
6.628000000000000000e+03
6.632000000000000000e+03
6.636000000000000000e+03
6.640000000000000000e+03
6.644000000000000000e+03
6.648000000000000000e+03
6.652000000000000000e+03
6.656000000000000000e+03
6.664000000000000000e+03
6.668000000000000000e+03
6.672000000000000000e+03
6.676000000000000000e+03
9.114000000000000000e+03
9.115000000000000000e+03
9.116000000000000000e+03
9.120000000000000000e+03
9.124000000000000000e+03
9.152000000000000000e+03
9.154000000000000000e+03
1.233500000000000000e+04
1.233700000000000000e+04
1.233800000000000000e+04
1.233900000000000000e+04
1.234100000000000000e+04
1.234200000000000000e+04
1.234300000000000000e+04
1.234400000000000000e+04
1.234500000000000000e+04
1.234600000000000000e+04
1.234700000000000000e+04
1.234800000000000000e+04
1.234900000000000000e+04
1.235000000000000000e+04
1.235100000000000000e+04
1.235200000000000000e+04
1.235300000000000000e+04
1.235400000000000000e+04
1.235500000000000000e+04
1.235600000000000000e+04
1.235700000000000000e+04
1.235800000000000000e+04
1.235900000000000000e+04
1.236000000000000000e+04
1.236100000000000000e+04
1.236200000000000000e+04
1.236300000000000000e+04
1.236400000000000000e+04
1.236500000000000000e+04
1.236600000000000000e+04
1.236700000000000000e+04
1.236800000000000000e+04
1.236900000000000000e+04
1.237000000000000000e+04
1.237100000000000000e+04
1.237200000000000000e+04
1.237300000000000000e+04
1.237400000000000000e+04
1.237500000000000000e+04
1.237600000000000000e+04
1.237700000000000000e+04
1.237800000000000000e+04
1.237900000000000000e+04
1.238000000000000000e+04
1.238100000000000000e+04
1.238200000000000000e+04
1.238300000000000000e+04
1.238400000000000000e+04
1.238500000000000000e+04
1.238600000000000000e+04
1.238700000000000000e+04
1.238800000000000000e+04
1.238900000000000000e+04
1.239000000000000000e+04
1.239100000000000000e+04
1.239200000000000000e+04
1.239300000000000000e+04
1.239400000000000000e+04
1.239500000000000000e+04
1.239600000000000000e+04
1.239700000000000000e+04
1.239800000000000000e+04
1.239900000000000000e+04
1.240000000000000000e+04
1.240100000000000000e+04
1.240200000000000000e+04
1.240300000000000000e+04
1.240400000000000000e+04
1.240500000000000000e+04
1.240600000000000000e+04
1.240700000000000000e+04
1.240800000000000000e+04
1.240900000000000000e+04
1.241000000000000000e+04
1.241100000000000000e+04
1.241200000000000000e+04
1.241300000000000000e+04
1.241400000000000000e+04
1.241500000000000000e+04
1.241600000000000000e+04
1.241700000000000000e+04
1.241800000000000000e+04
1.241900000000000000e+04
1.242000000000000000e+04
1.242100000000000000e+04
1.242200000000000000e+04
1.242300000000000000e+04
1.242400000000000000e+04
1.242500000000000000e+04
1.242600000000000000e+04
1.242700000000000000e+04
1.242800000000000000e+04
1.242900000000000000e+04
1.243000000000000000e+04
1.243100000000000000e+04
1.243200000000000000e+04
1.243300000000000000e+04
1.243400000000000000e+04
1.243500000000000000e+04
1.243600000000000000e+04
1.243700000000000000e+04
1.243800000000000000e+04
1.243900000000000000e+04
1.244000000000000000e+04
1.244100000000000000e+04
1.244200000000000000e+04
1.244300000000000000e+04
1.244400000000000000e+04
1.244500000000000000e+04
1.244600000000000000e+04
1.244700000000000000e+04
1.244800000000000000e+04
1.244900000000000000e+04
1.245000000000000000e+04
1.245100000000000000e+04
1.245200000000000000e+04
1.245300000000000000e+04
1.245400000000000000e+04
1.245500000000000000e+04
1.245600000000000000e+04
1.245700000000000000e+04
1.245800000000000000e+04
1.245900000000000000e+04
1.246000000000000000e+04
1.246100000000000000e+04
1.246200000000000000e+04
1.246300000000000000e+04
1.246400000000000000e+04
1.246500000000000000e+04
1.246600000000000000e+04
1.246700000000000000e+04
1.246800000000000000e+04
1.246900000000000000e+04
1.247000000000000000e+04
1.247100000000000000e+04
1.247200000000000000e+04
1.247300000000000000e+04
1.247400000000000000e+04
1.247500000000000000e+04
1.247600000000000000e+04
1.247700000000000000e+04
1.247800000000000000e+04
1.247900000000000000e+04
1.248000000000000000e+04
1.248100000000000000e+04
1.248200000000000000e+04
1.248300000000000000e+04
1.248400000000000000e+04
1.248500000000000000e+04
1.248600000000000000e+04
1.322600000000000000e+04
1.322700000000000000e+04
1.322800000000000000e+04
1.322900000000000000e+04
1.323000000000000000e+04
1.646500000000000000e+04
1.646900000000000000e+04
1.647300000000000000e+04
1.647700000000000000e+04
1.648100000000000000e+04
1.648400000000000000e+04
1.648500000000000000e+04
1.648800000000000000e+04
1.648900000000000000e+04
1.649200000000000000e+04
1.649300000000000000e+04
1.649600000000000000e+04
1.649700000000000000e+04
1.650000000000000000e+04
1.650100000000000000e+04
1.650400000000000000e+04
1.650500000000000000e+04
1.650700000000000000e+04
1.650800000000000000e+04
1.650900000000000000e+04
1.651200000000000000e+04
1.651300000000000000e+04
1.651600000000000000e+04
1.651700000000000000e+04
1.652000000000000000e+04
1.652100000000000000e+04
1.652300000000000000e+04
1.652400000000000000e+04
1.652500000000000000e+04
1.652600000000000000e+04
1.652700000000000000e+04
1.652800000000000000e+04
1.652900000000000000e+04
1.653000000000000000e+04
1.653100000000000000e+04
1.653200000000000000e+04
1.653300000000000000e+04
1.653400000000000000e+04
1.653500000000000000e+04
1.653600000000000000e+04
1.653700000000000000e+04
1.653800000000000000e+04
1.653900000000000000e+04
1.654000000000000000e+04
1.654100000000000000e+04
1.654200000000000000e+04
1.654300000000000000e+04
1.654400000000000000e+04
1.654500000000000000e+04
1.654600000000000000e+04
1.654700000000000000e+04
1.654800000000000000e+04
1.654900000000000000e+04
1.655000000000000000e+04
1.655100000000000000e+04
1.655200000000000000e+04
1.655300000000000000e+04
1.655400000000000000e+04
1.655500000000000000e+04
1.655600000000000000e+04
1.655700000000000000e+04
1.655800000000000000e+04
1.655900000000000000e+04
1.656000000000000000e+04
1.656100000000000000e+04
1.656200000000000000e+04
1.656300000000000000e+04
1.656400000000000000e+04
1.656500000000000000e+04
1.656600000000000000e+04
1.656700000000000000e+04
1.656800000000000000e+04
1.656900000000000000e+04
1.657000000000000000e+04
1.657100000000000000e+04
1.657200000000000000e+04
1.657300000000000000e+04
1.657400000000000000e+04
1.657500000000000000e+04
1.657600000000000000e+04
1.657700000000000000e+04
1.657800000000000000e+04
1.657900000000000000e+04
1.658000000000000000e+04
1.658100000000000000e+04
1.658200000000000000e+04
1.658300000000000000e+04
1.658400000000000000e+04
1.658500000000000000e+04
1.658700000000000000e+04
1.658900000000000000e+04
1.659100000000000000e+04
1.659300000000000000e+04
1.659500000000000000e+04
1.669200000000000000e+04
1.669300000000000000e+04
1.669400000000000000e+04
1.669500000000000000e+04
1.669600000000000000e+04
1.669700000000000000e+04
1.669800000000000000e+04
1.669900000000000000e+04
1.670000000000000000e+04
1.670100000000000000e+04
1.670200000000000000e+04
1.670300000000000000e+04
1.670400000000000000e+04
1.670500000000000000e+04
1.670600000000000000e+04
1.670700000000000000e+04
1.670800000000000000e+04
1.670900000000000000e+04
1.671000000000000000e+04
1.671100000000000000e+04
1.671200000000000000e+04
1.671300000000000000e+04
1.671400000000000000e+04
1.671500000000000000e+04
1.671600000000000000e+04
1.671700000000000000e+04
1.671800000000000000e+04
1.671900000000000000e+04
1.672000000000000000e+04
1.672100000000000000e+04
1.672200000000000000e+04
1.672300000000000000e+04
1.672400000000000000e+04
1.672500000000000000e+04
1.672600000000000000e+04
1.672700000000000000e+04
1.672800000000000000e+04
1.672900000000000000e+04
1.673000000000000000e+04
1.673100000000000000e+04
1.673200000000000000e+04
1.673300000000000000e+04
1.673400000000000000e+04
1.673500000000000000e+04
1.673600000000000000e+04
1.673700000000000000e+04
1.673800000000000000e+04
1.673900000000000000e+04
1.674000000000000000e+04
1.674100000000000000e+04
1.674200000000000000e+04
1.674300000000000000e+04
1.674400000000000000e+04
1.674500000000000000e+04
1.674600000000000000e+04
1.674700000000000000e+04
1.674800000000000000e+04
1.674900000000000000e+04
1.675000000000000000e+04
1.675100000000000000e+04
1.675200000000000000e+04
1.675300000000000000e+04
1.675400000000000000e+04
1.675500000000000000e+04
1.675600000000000000e+04
1.675700000000000000e+04
1.675800000000000000e+04
1.675900000000000000e+04
1.676000000000000000e+04
1.676100000000000000e+04
1.676200000000000000e+04
1.676300000000000000e+04
1.676400000000000000e+04
1.676500000000000000e+04
1.676600000000000000e+04
1.676700000000000000e+04
1.676800000000000000e+04
1.676900000000000000e+04
1.677000000000000000e+04
1.677100000000000000e+04
1.677200000000000000e+04
1.677300000000000000e+04
1.677400000000000000e+04
1.677500000000000000e+04
1.677600000000000000e+04
1.677700000000000000e+04
1.677800000000000000e+04
1.677900000000000000e+04
1.678000000000000000e+04
1.678100000000000000e+04
1.678200000000000000e+04
1.678300000000000000e+04
1.678400000000000000e+04
1.678500000000000000e+04
1.678600000000000000e+04
1.678700000000000000e+04
1.678800000000000000e+04
1.678900000000000000e+04
1.679000000000000000e+04
1.679100000000000000e+04
1.679200000000000000e+04
1.679300000000000000e+04
1.679400000000000000e+04
1.679500000000000000e+04
1.679600000000000000e+04
1.679700000000000000e+04
1.679800000000000000e+04
1.679900000000000000e+04
1.680000000000000000e+04
1.680100000000000000e+04
1.680200000000000000e+04
1.680300000000000000e+04
1.680400000000000000e+04
1.680500000000000000e+04
1.680600000000000000e+04
1.680700000000000000e+04
1.680800000000000000e+04
1.680900000000000000e+04
1.681000000000000000e+04
1.681100000000000000e+04
1.681200000000000000e+04
1.681300000000000000e+04
1.681400000000000000e+04
1.681500000000000000e+04
1.681600000000000000e+04
1.681700000000000000e+04
1.681800000000000000e+04
1.681900000000000000e+04
1.682000000000000000e+04
1.682100000000000000e+04
1.682200000000000000e+04
1.682300000000000000e+04
1.682400000000000000e+04
1.682500000000000000e+04
1.682600000000000000e+04
1.682700000000000000e+04
1.682800000000000000e+04
1.682900000000000000e+04
1.683000000000000000e+04
1.683100000000000000e+04
1.683200000000000000e+04
1.683300000000000000e+04
1.683400000000000000e+04
1.683500000000000000e+04
1.683600000000000000e+04
1.683700000000000000e+04
1.683800000000000000e+04
1.683900000000000000e+04
1.684000000000000000e+04
1.684100000000000000e+04
1.684200000000000000e+04
1.684300000000000000e+04
1.684400000000000000e+04
1.684500000000000000e+04
1.684600000000000000e+04
1.684700000000000000e+04
1.684800000000000000e+04
1.684900000000000000e+04
1.685000000000000000e+04
1.685100000000000000e+04
1.685200000000000000e+04
1.685300000000000000e+04
1.685400000000000000e+04
1.685500000000000000e+04
1.685600000000000000e+04
1.685700000000000000e+04
1.685800000000000000e+04
1.685900000000000000e+04
1.686000000000000000e+04
1.686100000000000000e+04
1.686200000000000000e+04
1.686300000000000000e+04
1.686400000000000000e+04
1.686500000000000000e+04
1.686600000000000000e+04
1.686700000000000000e+04
1.686800000000000000e+04
1.686900000000000000e+04
1.687000000000000000e+04
1.687100000000000000e+04
1.687200000000000000e+04
1.687400000000000000e+04
1.687500000000000000e+04
1.687600000000000000e+04
2.335300000000000000e+04
2.351600000000000000e+04
2.351700000000000000e+04
2.630600000000000000e+04
2.630700000000000000e+04
2.802500000000000000e+04
2.802800000000000000e+04
2.802900000000000000e+04
2.803000000000000000e+04
2.803100000000000000e+04
2.803200000000000000e+04
2.803300000000000000e+04
2.803400000000000000e+04
2.803500000000000000e+04
2.803600000000000000e+04
2.803700000000000000e+04
2.803800000000000000e+04
2.803900000000000000e+04
2.804000000000000000e+04
2.804100000000000000e+04
2.804200000000000000e+04
2.804300000000000000e+04
2.804400000000000000e+04
2.804500000000000000e+04
2.804600000000000000e+04
2.804700000000000000e+04
2.804800000000000000e+04
2.804900000000000000e+04
2.805000000000000000e+04
2.805100000000000000e+04
2.805200000000000000e+04
2.805300000000000000e+04
2.805400000000000000e+04
2.805500000000000000e+04
2.805600000000000000e+04
2.805700000000000000e+04
2.805800000000000000e+04
2.805900000000000000e+04
2.806000000000000000e+04
2.806100000000000000e+04
2.806200000000000000e+04
2.806300000000000000e+04
2.806400000000000000e+04
2.806500000000000000e+04
2.806600000000000000e+04
2.806700000000000000e+04
2.806800000000000000e+04
2.806900000000000000e+04
2.807000000000000000e+04
2.807100000000000000e+04
2.807200000000000000e+04
2.807300000000000000e+04
2.807400000000000000e+04
2.807500000000000000e+04
2.807600000000000000e+04
2.807700000000000000e+04
2.807800000000000000e+04
2.807900000000000000e+04
2.808000000000000000e+04
2.808100000000000000e+04
2.808200000000000000e+04
2.808300000000000000e+04
2.808400000000000000e+04
2.808500000000000000e+04
2.808600000000000000e+04
2.808700000000000000e+04
2.808800000000000000e+04
2.808900000000000000e+04
2.809000000000000000e+04
2.809100000000000000e+04
2.809200000000000000e+04
2.809300000000000000e+04
2.809400000000000000e+04
2.809500000000000000e+04
2.809600000000000000e+04
2.809700000000000000e+04
2.809800000000000000e+04
2.809900000000000000e+04
2.810000000000000000e+04
2.810100000000000000e+04
2.810200000000000000e+04
2.810300000000000000e+04
2.810400000000000000e+04
2.810500000000000000e+04
2.810600000000000000e+04
2.810700000000000000e+04
2.810800000000000000e+04
2.810900000000000000e+04
2.811000000000000000e+04
2.811100000000000000e+04
2.811200000000000000e+04
2.811300000000000000e+04
2.811400000000000000e+04
2.811500000000000000e+04
2.811600000000000000e+04
2.811700000000000000e+04
2.811800000000000000e+04
2.811900000000000000e+04
2.812000000000000000e+04
2.812100000000000000e+04
2.812200000000000000e+04
2.812300000000000000e+04
2.812400000000000000e+04
2.812500000000000000e+04
2.812600000000000000e+04
2.812700000000000000e+04
2.812800000000000000e+04
2.812900000000000000e+04
2.813000000000000000e+04
2.813100000000000000e+04
2.813200000000000000e+04
2.813300000000000000e+04
2.813400000000000000e+04
2.813500000000000000e+04
2.813600000000000000e+04
2.813700000000000000e+04
2.813800000000000000e+04
2.813900000000000000e+04
2.814000000000000000e+04
2.814100000000000000e+04
2.814200000000000000e+04
2.814300000000000000e+04
2.814400000000000000e+04
2.814500000000000000e+04
2.814600000000000000e+04
2.814700000000000000e+04
2.814800000000000000e+04
2.814900000000000000e+04
2.815000000000000000e+04
2.815100000000000000e+04
2.815200000000000000e+04
2.815300000000000000e+04
2.815400000000000000e+04
2.815500000000000000e+04
2.815600000000000000e+04
2.815700000000000000e+04
2.815800000000000000e+04
2.815900000000000000e+04
2.816000000000000000e+04
2.816100000000000000e+04
2.816200000000000000e+04
2.816300000000000000e+04
2.816400000000000000e+04
2.816500000000000000e+04
2.816600000000000000e+04
2.816700000000000000e+04
2.816800000000000000e+04
2.816900000000000000e+04
2.817000000000000000e+04
2.817100000000000000e+04
2.817200000000000000e+04
2.817300000000000000e+04
2.817400000000000000e+04
2.817500000000000000e+04
2.817600000000000000e+04
2.817700000000000000e+04
2.817800000000000000e+04
2.817900000000000000e+04
2.818000000000000000e+04
2.818100000000000000e+04
2.818200000000000000e+04
2.818500000000000000e+04
2.818600000000000000e+04
