5.170300000000000000e+04
5.170400000000000000e+04
5.170500000000000000e+04
5.170600000000000000e+04
5.170700000000000000e+04
5.170800000000000000e+04
5.170900000000000000e+04
5.171000000000000000e+04
5.171100000000000000e+04
5.171200000000000000e+04
5.171300000000000000e+04
5.171400000000000000e+04
5.171500000000000000e+04
5.171600000000000000e+04
5.171700000000000000e+04
5.171800000000000000e+04
5.171900000000000000e+04
5.172000000000000000e+04
5.172100000000000000e+04
5.172200000000000000e+04
5.172300000000000000e+04
5.172400000000000000e+04
5.172500000000000000e+04
5.172600000000000000e+04
5.172700000000000000e+04
5.172800000000000000e+04
5.172900000000000000e+04
5.173000000000000000e+04
5.173100000000000000e+04
5.173200000000000000e+04
5.173300000000000000e+04
5.173400000000000000e+04
5.173500000000000000e+04
5.173600000000000000e+04
5.173700000000000000e+04
5.173800000000000000e+04
5.173900000000000000e+04
5.174000000000000000e+04
5.174100000000000000e+04
5.174200000000000000e+04
5.174300000000000000e+04
5.174400000000000000e+04
5.174500000000000000e+04
5.174600000000000000e+04
5.174700000000000000e+04
5.174800000000000000e+04
5.174900000000000000e+04
5.175000000000000000e+04
5.175100000000000000e+04
5.175200000000000000e+04
5.175300000000000000e+04
5.175400000000000000e+04
5.175500000000000000e+04
5.175600000000000000e+04
5.175700000000000000e+04
5.175800000000000000e+04
5.175900000000000000e+04
5.176000000000000000e+04
5.176100000000000000e+04
5.176200000000000000e+04
5.176300000000000000e+04
5.176400000000000000e+04
5.176500000000000000e+04
5.176600000000000000e+04
5.176700000000000000e+04
5.176800000000000000e+04
5.176900000000000000e+04
5.177000000000000000e+04
5.177100000000000000e+04
5.177200000000000000e+04
5.177300000000000000e+04
5.177400000000000000e+04
5.177500000000000000e+04
5.177600000000000000e+04
5.177700000000000000e+04
5.177800000000000000e+04
5.177900000000000000e+04
5.178000000000000000e+04
5.178100000000000000e+04
5.178200000000000000e+04
5.178300000000000000e+04
5.178400000000000000e+04
5.178500000000000000e+04
5.178600000000000000e+04
5.178700000000000000e+04
5.178800000000000000e+04
5.178900000000000000e+04
5.179000000000000000e+04
5.179100000000000000e+04
5.179200000000000000e+04
5.179300000000000000e+04
5.179400000000000000e+04
5.179500000000000000e+04
5.179600000000000000e+04
5.179700000000000000e+04
5.179800000000000000e+04
5.179900000000000000e+04
5.180000000000000000e+04
5.180100000000000000e+04
5.180200000000000000e+04
5.180300000000000000e+04
5.180400000000000000e+04
5.180500000000000000e+04
5.180600000000000000e+04
5.180700000000000000e+04
5.180800000000000000e+04
5.180900000000000000e+04
5.181000000000000000e+04
5.181100000000000000e+04
5.181200000000000000e+04
5.181300000000000000e+04
5.181400000000000000e+04
5.181500000000000000e+04
5.181600000000000000e+04
5.181700000000000000e+04
5.181800000000000000e+04
5.181900000000000000e+04
5.182000000000000000e+04
5.182100000000000000e+04
5.182200000000000000e+04
5.182300000000000000e+04
5.182400000000000000e+04
5.182500000000000000e+04
5.182600000000000000e+04
5.182700000000000000e+04
5.182800000000000000e+04
5.182900000000000000e+04
5.183000000000000000e+04
5.183100000000000000e+04
5.183200000000000000e+04
5.183300000000000000e+04
5.183400000000000000e+04
5.183500000000000000e+04
5.183600000000000000e+04
5.183700000000000000e+04
5.183800000000000000e+04
5.183900000000000000e+04
5.184000000000000000e+04
5.184100000000000000e+04
5.184200000000000000e+04
5.184300000000000000e+04
5.184400000000000000e+04
5.184500000000000000e+04
5.184600000000000000e+04
5.184700000000000000e+04
5.184800000000000000e+04
5.184900000000000000e+04
5.185000000000000000e+04
5.185100000000000000e+04
5.185200000000000000e+04
5.185300000000000000e+04
5.185400000000000000e+04
5.185500000000000000e+04
5.185600000000000000e+04
5.185700000000000000e+04
5.185800000000000000e+04
5.185900000000000000e+04
5.186000000000000000e+04
5.186100000000000000e+04
5.186200000000000000e+04
5.186300000000000000e+04
5.186400000000000000e+04
5.186500000000000000e+04
5.186600000000000000e+04
5.186700000000000000e+04
5.186800000000000000e+04
5.186900000000000000e+04
5.187000000000000000e+04
5.187100000000000000e+04
5.187200000000000000e+04
5.187300000000000000e+04
5.187400000000000000e+04
5.187500000000000000e+04
5.187600000000000000e+04
5.187700000000000000e+04
5.187800000000000000e+04
5.187900000000000000e+04
5.188000000000000000e+04
5.188100000000000000e+04
5.188200000000000000e+04
5.188300000000000000e+04
5.188400000000000000e+04
5.188500000000000000e+04
5.188600000000000000e+04
5.188700000000000000e+04
5.188800000000000000e+04
5.188900000000000000e+04
5.189000000000000000e+04
5.189100000000000000e+04
5.189200000000000000e+04
5.189300000000000000e+04
5.189400000000000000e+04
5.189500000000000000e+04
5.189600000000000000e+04
5.189700000000000000e+04
5.189800000000000000e+04
5.189900000000000000e+04
5.190000000000000000e+04
5.190100000000000000e+04
5.190200000000000000e+04
5.190300000000000000e+04
5.190400000000000000e+04
5.190500000000000000e+04
5.190600000000000000e+04
5.190700000000000000e+04
5.190800000000000000e+04
5.190900000000000000e+04
5.191000000000000000e+04
5.191100000000000000e+04
5.191200000000000000e+04
5.191300000000000000e+04
5.191400000000000000e+04
5.191500000000000000e+04
5.191600000000000000e+04
5.191700000000000000e+04
5.191800000000000000e+04
5.191900000000000000e+04
5.192000000000000000e+04
5.192100000000000000e+04
5.192200000000000000e+04
5.192300000000000000e+04
5.192400000000000000e+04
5.192500000000000000e+04
5.192600000000000000e+04
5.192700000000000000e+04
5.192800000000000000e+04
5.192900000000000000e+04
5.193000000000000000e+04
5.193100000000000000e+04
5.193200000000000000e+04
5.193300000000000000e+04
5.193400000000000000e+04
5.193500000000000000e+04
5.193600000000000000e+04
5.193700000000000000e+04
5.193800000000000000e+04
5.193900000000000000e+04
5.194000000000000000e+04
5.194100000000000000e+04
5.194200000000000000e+04
5.194300000000000000e+04
5.194400000000000000e+04
5.194500000000000000e+04
5.194600000000000000e+04
5.194700000000000000e+04
5.194800000000000000e+04
5.194900000000000000e+04
5.195000000000000000e+04
5.195100000000000000e+04
5.195200000000000000e+04
5.195300000000000000e+04
5.195400000000000000e+04
5.195500000000000000e+04
5.195600000000000000e+04
5.195700000000000000e+04
5.195800000000000000e+04
5.195900000000000000e+04
5.196000000000000000e+04
5.196100000000000000e+04
5.196200000000000000e+04
5.196300000000000000e+04
5.196400000000000000e+04
5.196500000000000000e+04
5.196600000000000000e+04
5.196700000000000000e+04
5.196800000000000000e+04
5.196900000000000000e+04
5.197000000000000000e+04
5.197100000000000000e+04
5.197200000000000000e+04
5.197300000000000000e+04
5.197400000000000000e+04
5.197500000000000000e+04
5.197600000000000000e+04
5.197700000000000000e+04
5.197800000000000000e+04
5.197900000000000000e+04
5.198000000000000000e+04
5.198100000000000000e+04
5.198200000000000000e+04
5.198300000000000000e+04
5.198400000000000000e+04
5.198500000000000000e+04
5.198600000000000000e+04
5.198700000000000000e+04
5.198800000000000000e+04
5.198900000000000000e+04
5.199000000000000000e+04
5.199100000000000000e+04
5.199200000000000000e+04
5.199300000000000000e+04
5.199400000000000000e+04
5.199500000000000000e+04
5.199600000000000000e+04
5.199700000000000000e+04
5.199800000000000000e+04
5.199900000000000000e+04
5.200000000000000000e+04
5.200100000000000000e+04
5.200200000000000000e+04
5.200300000000000000e+04
5.200400000000000000e+04
5.200500000000000000e+04
5.200600000000000000e+04
5.200700000000000000e+04
5.200800000000000000e+04
5.200900000000000000e+04
5.201000000000000000e+04
5.201100000000000000e+04
5.201200000000000000e+04
5.201300000000000000e+04
5.201400000000000000e+04
5.201500000000000000e+04
5.201600000000000000e+04
5.201700000000000000e+04
5.201800000000000000e+04
5.201900000000000000e+04
5.202000000000000000e+04
5.202100000000000000e+04
5.202200000000000000e+04
5.202300000000000000e+04
5.202400000000000000e+04
5.202500000000000000e+04
5.202600000000000000e+04
5.202700000000000000e+04
5.202800000000000000e+04
5.202900000000000000e+04
5.203000000000000000e+04
5.203100000000000000e+04
5.203200000000000000e+04
5.203300000000000000e+04
5.203400000000000000e+04
5.203500000000000000e+04
5.203600000000000000e+04
5.203700000000000000e+04
5.203800000000000000e+04
5.203900000000000000e+04
5.204000000000000000e+04
5.204100000000000000e+04
5.204200000000000000e+04
5.204300000000000000e+04
5.204400000000000000e+04
5.204500000000000000e+04
5.204600000000000000e+04
5.204700000000000000e+04
5.204800000000000000e+04
5.204900000000000000e+04
5.205000000000000000e+04
5.205100000000000000e+04
5.205200000000000000e+04
5.205300000000000000e+04
5.205400000000000000e+04
5.205500000000000000e+04
5.205600000000000000e+04
5.205700000000000000e+04
5.205800000000000000e+04
6.653400000000000000e+04
6.653500000000000000e+04
6.653600000000000000e+04
6.653700000000000000e+04
6.653800000000000000e+04
6.653900000000000000e+04
6.654000000000000000e+04
6.654100000000000000e+04
6.654200000000000000e+04
6.654300000000000000e+04
6.654400000000000000e+04
6.654500000000000000e+04
6.654600000000000000e+04
6.654700000000000000e+04
6.654800000000000000e+04
6.654900000000000000e+04
6.655000000000000000e+04
6.655100000000000000e+04
6.655200000000000000e+04
6.655300000000000000e+04
6.655400000000000000e+04
6.655500000000000000e+04
6.655600000000000000e+04
6.655700000000000000e+04
6.655800000000000000e+04
6.655900000000000000e+04
6.656000000000000000e+04
6.656100000000000000e+04
6.656200000000000000e+04
6.656300000000000000e+04
6.656400000000000000e+04
6.656500000000000000e+04
6.656600000000000000e+04
6.656700000000000000e+04
6.656800000000000000e+04
6.656900000000000000e+04
6.657000000000000000e+04
6.657100000000000000e+04
6.657200000000000000e+04
6.657300000000000000e+04
6.657400000000000000e+04
6.657500000000000000e+04
6.657600000000000000e+04
6.657700000000000000e+04
6.657800000000000000e+04
6.657900000000000000e+04
6.658000000000000000e+04
6.658100000000000000e+04
6.658200000000000000e+04
6.658300000000000000e+04
6.658400000000000000e+04
6.658500000000000000e+04
6.658600000000000000e+04
6.658700000000000000e+04
6.658800000000000000e+04
6.658900000000000000e+04
6.659000000000000000e+04
6.659100000000000000e+04
6.659200000000000000e+04
6.659300000000000000e+04
6.659400000000000000e+04
6.659500000000000000e+04
6.659600000000000000e+04
6.659700000000000000e+04
6.659800000000000000e+04
6.659900000000000000e+04
6.660000000000000000e+04
6.660100000000000000e+04
6.660200000000000000e+04
6.660300000000000000e+04
6.660400000000000000e+04
6.660500000000000000e+04
6.660600000000000000e+04
6.660700000000000000e+04
6.660800000000000000e+04
6.660900000000000000e+04
6.661000000000000000e+04
6.661100000000000000e+04
6.661200000000000000e+04
6.661300000000000000e+04
6.661400000000000000e+04
6.661500000000000000e+04
6.661600000000000000e+04
6.661700000000000000e+04
6.661800000000000000e+04
6.661900000000000000e+04
6.662000000000000000e+04
6.662100000000000000e+04
6.662200000000000000e+04
6.662300000000000000e+04
6.662400000000000000e+04
6.662500000000000000e+04
6.662600000000000000e+04
6.662700000000000000e+04
6.662800000000000000e+04
6.662900000000000000e+04
6.663000000000000000e+04
6.663100000000000000e+04
6.663200000000000000e+04
6.663300000000000000e+04
6.663400000000000000e+04
6.663500000000000000e+04
6.663600000000000000e+04
6.663700000000000000e+04
6.663800000000000000e+04
6.663900000000000000e+04
6.664000000000000000e+04
6.664100000000000000e+04
6.664200000000000000e+04
6.664300000000000000e+04
6.664400000000000000e+04
6.664500000000000000e+04
6.664600000000000000e+04
6.664700000000000000e+04
6.664800000000000000e+04
6.664900000000000000e+04
6.665000000000000000e+04
6.665100000000000000e+04
6.665200000000000000e+04
6.665300000000000000e+04
6.665400000000000000e+04
6.665500000000000000e+04
6.665600000000000000e+04
6.665700000000000000e+04
6.665800000000000000e+04
6.665900000000000000e+04
6.666000000000000000e+04
6.666100000000000000e+04
6.666200000000000000e+04
6.666300000000000000e+04
6.666400000000000000e+04
6.666500000000000000e+04
6.666600000000000000e+04
6.666700000000000000e+04
6.666800000000000000e+04
6.666900000000000000e+04
6.667000000000000000e+04
6.667100000000000000e+04
6.667200000000000000e+04
6.667300000000000000e+04
6.667400000000000000e+04
6.667500000000000000e+04
6.667600000000000000e+04
6.915300000000000000e+04
6.915400000000000000e+04
6.915700000000000000e+04
6.915800000000000000e+04
6.916000000000000000e+04
6.916100000000000000e+04
6.916200000000000000e+04
6.916300000000000000e+04
6.916400000000000000e+04
6.916500000000000000e+04
6.916600000000000000e+04
6.916700000000000000e+04
6.916800000000000000e+04
6.916900000000000000e+04
6.917000000000000000e+04
6.917100000000000000e+04
6.917200000000000000e+04
6.917300000000000000e+04
6.917400000000000000e+04
6.917500000000000000e+04
6.917600000000000000e+04
6.917700000000000000e+04
6.917800000000000000e+04
6.917900000000000000e+04
6.918000000000000000e+04
6.918100000000000000e+04
6.918200000000000000e+04
6.918300000000000000e+04
6.918400000000000000e+04
6.918500000000000000e+04
6.918600000000000000e+04
6.918700000000000000e+04
6.918800000000000000e+04
6.918900000000000000e+04
6.919000000000000000e+04
6.919100000000000000e+04
6.919200000000000000e+04
6.919300000000000000e+04
6.919400000000000000e+04
6.919500000000000000e+04
6.919600000000000000e+04
6.919700000000000000e+04
6.919800000000000000e+04
6.919900000000000000e+04
6.920000000000000000e+04
6.920100000000000000e+04
6.920200000000000000e+04
6.920300000000000000e+04
6.920400000000000000e+04
6.920500000000000000e+04
6.920600000000000000e+04
6.920700000000000000e+04
6.920800000000000000e+04
6.920900000000000000e+04
6.921000000000000000e+04
6.921100000000000000e+04
6.921200000000000000e+04
6.921300000000000000e+04
6.921400000000000000e+04
6.921500000000000000e+04
6.921600000000000000e+04
6.921700000000000000e+04
6.921800000000000000e+04
6.921900000000000000e+04
6.922000000000000000e+04
6.922100000000000000e+04
6.922200000000000000e+04
6.922300000000000000e+04
6.922400000000000000e+04
6.922500000000000000e+04
6.922600000000000000e+04
6.922700000000000000e+04
6.922800000000000000e+04
6.922900000000000000e+04
6.923000000000000000e+04
6.923100000000000000e+04
6.923200000000000000e+04
6.923300000000000000e+04
6.923400000000000000e+04
6.923500000000000000e+04
6.923600000000000000e+04
6.923700000000000000e+04
6.923800000000000000e+04
6.923900000000000000e+04
6.924000000000000000e+04
6.924100000000000000e+04
6.924200000000000000e+04
6.924300000000000000e+04
6.924400000000000000e+04
6.924500000000000000e+04
6.924600000000000000e+04
6.924700000000000000e+04
6.924800000000000000e+04
6.924900000000000000e+04
6.925000000000000000e+04
6.925100000000000000e+04
6.925200000000000000e+04
6.925300000000000000e+04
6.925400000000000000e+04
6.925500000000000000e+04
6.925600000000000000e+04
6.925700000000000000e+04
6.925800000000000000e+04
6.925900000000000000e+04
6.926000000000000000e+04
6.926100000000000000e+04
6.926200000000000000e+04
6.926300000000000000e+04
6.926400000000000000e+04
6.926500000000000000e+04
6.926600000000000000e+04
6.926700000000000000e+04
6.926800000000000000e+04
6.926900000000000000e+04
6.927000000000000000e+04
6.927100000000000000e+04
6.927200000000000000e+04
6.927300000000000000e+04
6.927400000000000000e+04
6.927500000000000000e+04
6.927600000000000000e+04
6.927700000000000000e+04
6.927800000000000000e+04
6.927900000000000000e+04
6.928000000000000000e+04
6.928100000000000000e+04
6.928200000000000000e+04
6.928300000000000000e+04
6.928400000000000000e+04
6.928500000000000000e+04
6.928600000000000000e+04
6.928700000000000000e+04
6.928800000000000000e+04
6.928900000000000000e+04
6.929000000000000000e+04
6.929100000000000000e+04
6.929200000000000000e+04
6.929300000000000000e+04
6.929400000000000000e+04
6.929500000000000000e+04
6.929600000000000000e+04
6.929700000000000000e+04
6.929800000000000000e+04
6.929900000000000000e+04
6.930000000000000000e+04
6.930100000000000000e+04
6.930200000000000000e+04
6.930300000000000000e+04
6.930400000000000000e+04
6.930500000000000000e+04
6.930600000000000000e+04
6.930700000000000000e+04
6.930800000000000000e+04
6.930900000000000000e+04
6.931000000000000000e+04
6.931100000000000000e+04
6.931200000000000000e+04
6.931300000000000000e+04
6.931400000000000000e+04
6.931500000000000000e+04
6.931600000000000000e+04
6.931700000000000000e+04
6.931800000000000000e+04
6.931900000000000000e+04
6.932000000000000000e+04
6.932100000000000000e+04
6.932200000000000000e+04
6.932300000000000000e+04
6.932400000000000000e+04
6.932500000000000000e+04
6.932600000000000000e+04
6.932700000000000000e+04
6.932800000000000000e+04
6.932900000000000000e+04
6.933000000000000000e+04
6.933100000000000000e+04
6.933200000000000000e+04
6.933300000000000000e+04
6.933400000000000000e+04
6.933500000000000000e+04
6.933600000000000000e+04
6.933700000000000000e+04
6.933800000000000000e+04
6.933900000000000000e+04
6.934000000000000000e+04
6.934100000000000000e+04
6.934200000000000000e+04
6.934300000000000000e+04
6.934400000000000000e+04
6.934500000000000000e+04
6.934600000000000000e+04
6.934700000000000000e+04
6.935000000000000000e+04
7.040000000000000000e+04
7.040300000000000000e+04
7.040400000000000000e+04
7.040500000000000000e+04
7.040600000000000000e+04
7.040700000000000000e+04
7.040800000000000000e+04
7.040900000000000000e+04
7.041000000000000000e+04
7.041100000000000000e+04
7.041200000000000000e+04
7.041300000000000000e+04
7.041400000000000000e+04
7.041500000000000000e+04
7.041600000000000000e+04
7.041700000000000000e+04
7.041800000000000000e+04
7.041900000000000000e+04
7.042000000000000000e+04
7.042100000000000000e+04
7.042200000000000000e+04
7.042300000000000000e+04
7.042400000000000000e+04
7.042500000000000000e+04
7.042600000000000000e+04
7.042700000000000000e+04
7.042800000000000000e+04
7.042900000000000000e+04
7.043000000000000000e+04
7.043100000000000000e+04
7.043200000000000000e+04
7.043300000000000000e+04
7.043400000000000000e+04
7.043500000000000000e+04
7.043600000000000000e+04
7.043700000000000000e+04
7.043800000000000000e+04
7.043900000000000000e+04
7.044000000000000000e+04
7.044100000000000000e+04
7.044200000000000000e+04
7.044300000000000000e+04
7.044400000000000000e+04
7.044500000000000000e+04
7.044600000000000000e+04
7.044700000000000000e+04
7.044800000000000000e+04
7.044900000000000000e+04
7.045000000000000000e+04
7.045100000000000000e+04
7.045200000000000000e+04
7.045300000000000000e+04
7.045400000000000000e+04
7.045500000000000000e+04
7.045600000000000000e+04
7.045700000000000000e+04
7.045800000000000000e+04
7.045900000000000000e+04
7.046000000000000000e+04
7.046100000000000000e+04
7.046200000000000000e+04
7.046300000000000000e+04
7.046400000000000000e+04
7.046500000000000000e+04
7.046600000000000000e+04
7.046700000000000000e+04
7.046800000000000000e+04
7.046900000000000000e+04
7.047000000000000000e+04
7.047100000000000000e+04
7.047200000000000000e+04
7.047300000000000000e+04
7.047400000000000000e+04
7.047500000000000000e+04
7.047600000000000000e+04
7.047700000000000000e+04
7.047800000000000000e+04
7.047900000000000000e+04
7.048000000000000000e+04
7.048100000000000000e+04
7.048200000000000000e+04
7.048300000000000000e+04
7.048400000000000000e+04
7.048500000000000000e+04
7.048600000000000000e+04
7.048700000000000000e+04
7.048800000000000000e+04
7.048900000000000000e+04
7.049000000000000000e+04
7.049100000000000000e+04
7.049200000000000000e+04
7.049300000000000000e+04
7.049400000000000000e+04
7.049500000000000000e+04
7.049600000000000000e+04
7.049700000000000000e+04
7.049800000000000000e+04
7.049900000000000000e+04
7.050000000000000000e+04
7.050100000000000000e+04
7.050200000000000000e+04
7.050300000000000000e+04
7.050400000000000000e+04
7.050500000000000000e+04
7.050600000000000000e+04
7.050700000000000000e+04
7.050800000000000000e+04
7.050900000000000000e+04
7.051000000000000000e+04
7.051100000000000000e+04
7.051200000000000000e+04
7.051300000000000000e+04
7.051400000000000000e+04
7.051500000000000000e+04
7.051600000000000000e+04
7.051700000000000000e+04
7.051800000000000000e+04
7.051900000000000000e+04
7.052000000000000000e+04
7.052100000000000000e+04
7.052200000000000000e+04
7.052300000000000000e+04
7.052400000000000000e+04
7.052500000000000000e+04
7.052600000000000000e+04
7.052700000000000000e+04
7.052800000000000000e+04
7.052900000000000000e+04
7.053000000000000000e+04
7.053100000000000000e+04
7.053200000000000000e+04
7.053300000000000000e+04
7.053400000000000000e+04
7.053500000000000000e+04
7.053600000000000000e+04
7.053700000000000000e+04
7.053800000000000000e+04
7.053900000000000000e+04
7.054000000000000000e+04
7.054100000000000000e+04
7.054200000000000000e+04
7.054300000000000000e+04
7.054400000000000000e+04
7.054500000000000000e+04
7.054600000000000000e+04
7.054700000000000000e+04
7.054800000000000000e+04
7.054900000000000000e+04
7.055000000000000000e+04
7.055100000000000000e+04
7.055200000000000000e+04
7.055300000000000000e+04
7.055400000000000000e+04
7.055500000000000000e+04
7.055600000000000000e+04
7.055700000000000000e+04
7.055800000000000000e+04
7.055900000000000000e+04
7.056000000000000000e+04
7.056100000000000000e+04
7.056200000000000000e+04
7.056300000000000000e+04
7.056400000000000000e+04
7.056500000000000000e+04
7.056600000000000000e+04
7.056700000000000000e+04
7.056800000000000000e+04
7.056900000000000000e+04
7.057000000000000000e+04
7.057100000000000000e+04
7.057200000000000000e+04
7.057300000000000000e+04
7.057400000000000000e+04
7.057500000000000000e+04
7.057600000000000000e+04
7.057700000000000000e+04
7.057800000000000000e+04
7.057900000000000000e+04
7.058000000000000000e+04
7.058100000000000000e+04
7.058200000000000000e+04
7.058300000000000000e+04
7.058400000000000000e+04
7.058500000000000000e+04
7.058600000000000000e+04
7.058700000000000000e+04
7.058800000000000000e+04
7.058900000000000000e+04
7.059000000000000000e+04
7.059100000000000000e+04
7.059200000000000000e+04
7.059300000000000000e+04
7.059400000000000000e+04
7.059500000000000000e+04
7.059600000000000000e+04
7.059700000000000000e+04
7.059800000000000000e+04
7.059900000000000000e+04
7.060000000000000000e+04
7.060100000000000000e+04
7.060200000000000000e+04
7.060300000000000000e+04
7.060400000000000000e+04
7.060500000000000000e+04
7.060600000000000000e+04
7.060700000000000000e+04
7.060800000000000000e+04
7.060900000000000000e+04
7.061000000000000000e+04
7.061100000000000000e+04
7.061200000000000000e+04
7.061300000000000000e+04
7.061400000000000000e+04
7.061500000000000000e+04
7.061600000000000000e+04
7.061700000000000000e+04
7.061800000000000000e+04
7.061900000000000000e+04
7.062000000000000000e+04
7.062100000000000000e+04
7.062200000000000000e+04
7.062300000000000000e+04
7.062400000000000000e+04
7.062500000000000000e+04
7.062600000000000000e+04
7.062700000000000000e+04
7.062800000000000000e+04
7.062900000000000000e+04
7.063000000000000000e+04
7.063100000000000000e+04
7.063200000000000000e+04
7.063300000000000000e+04
7.063400000000000000e+04
7.063500000000000000e+04
7.063600000000000000e+04
7.063700000000000000e+04
7.063800000000000000e+04
7.063900000000000000e+04
7.064000000000000000e+04
7.064100000000000000e+04
7.064200000000000000e+04
7.064300000000000000e+04
7.064400000000000000e+04
7.064500000000000000e+04
7.064600000000000000e+04
7.064700000000000000e+04
7.064800000000000000e+04
7.064900000000000000e+04
7.065000000000000000e+04
7.065100000000000000e+04
7.065200000000000000e+04
7.065300000000000000e+04
7.065400000000000000e+04
7.065500000000000000e+04
7.065600000000000000e+04
7.065700000000000000e+04
7.065800000000000000e+04
7.065900000000000000e+04
7.066000000000000000e+04
7.066100000000000000e+04
7.066200000000000000e+04
7.066300000000000000e+04
7.066400000000000000e+04
7.066500000000000000e+04
7.066600000000000000e+04
7.066700000000000000e+04
7.066800000000000000e+04
7.066900000000000000e+04
7.067000000000000000e+04
7.067100000000000000e+04
7.067200000000000000e+04
7.067300000000000000e+04
7.067400000000000000e+04
7.067500000000000000e+04
7.067600000000000000e+04
7.067700000000000000e+04
7.067800000000000000e+04
7.067900000000000000e+04
7.068000000000000000e+04
7.068100000000000000e+04
7.068200000000000000e+04
7.068300000000000000e+04
7.068400000000000000e+04
7.068500000000000000e+04
7.068600000000000000e+04
7.068700000000000000e+04
7.068800000000000000e+04
7.068900000000000000e+04
7.069000000000000000e+04
7.069100000000000000e+04
7.069200000000000000e+04
7.069300000000000000e+04
7.069400000000000000e+04
7.069500000000000000e+04
7.069600000000000000e+04
7.069700000000000000e+04
7.069800000000000000e+04
7.069900000000000000e+04
7.070000000000000000e+04
7.070100000000000000e+04
7.070200000000000000e+04
7.070300000000000000e+04
7.070400000000000000e+04
7.070500000000000000e+04
7.070600000000000000e+04
7.070700000000000000e+04
7.070800000000000000e+04
7.070900000000000000e+04
7.071000000000000000e+04
7.071100000000000000e+04
7.071200000000000000e+04
7.071300000000000000e+04
7.071400000000000000e+04
7.071500000000000000e+04
7.071600000000000000e+04
7.071700000000000000e+04
7.071800000000000000e+04
7.071900000000000000e+04
7.072000000000000000e+04
7.072100000000000000e+04
7.072200000000000000e+04
7.072300000000000000e+04
7.072400000000000000e+04
7.072500000000000000e+04
7.072600000000000000e+04
7.072700000000000000e+04
7.072800000000000000e+04
7.072900000000000000e+04
7.073000000000000000e+04
7.073100000000000000e+04
7.073200000000000000e+04
7.073300000000000000e+04
7.073400000000000000e+04
7.073500000000000000e+04
7.073600000000000000e+04
7.073700000000000000e+04
7.073800000000000000e+04
7.073900000000000000e+04
7.074000000000000000e+04
7.074100000000000000e+04
7.074200000000000000e+04
7.074300000000000000e+04
7.074400000000000000e+04
7.074500000000000000e+04
7.074600000000000000e+04
7.074700000000000000e+04
7.074800000000000000e+04
7.074900000000000000e+04
7.075000000000000000e+04
7.075100000000000000e+04
7.075200000000000000e+04
7.075300000000000000e+04
7.075400000000000000e+04
7.075500000000000000e+04
7.075600000000000000e+04
7.075700000000000000e+04
7.075800000000000000e+04
7.075900000000000000e+04
7.076000000000000000e+04
7.076100000000000000e+04
7.076200000000000000e+04
7.076300000000000000e+04
7.076400000000000000e+04
7.076500000000000000e+04
7.076600000000000000e+04
7.076700000000000000e+04
7.076800000000000000e+04
7.076900000000000000e+04
7.077000000000000000e+04
7.077100000000000000e+04
7.077200000000000000e+04
7.077300000000000000e+04
7.077400000000000000e+04
7.077500000000000000e+04
7.077600000000000000e+04
7.077700000000000000e+04
7.077800000000000000e+04
7.077900000000000000e+04
7.078000000000000000e+04
7.078100000000000000e+04
7.078200000000000000e+04
7.078300000000000000e+04
7.078400000000000000e+04
7.078500000000000000e+04
7.078600000000000000e+04
7.078700000000000000e+04
7.078800000000000000e+04
7.078900000000000000e+04
7.079000000000000000e+04
7.079100000000000000e+04
7.079200000000000000e+04
7.079300000000000000e+04
7.079400000000000000e+04
7.079500000000000000e+04
7.079600000000000000e+04
7.079700000000000000e+04
7.079800000000000000e+04
7.079900000000000000e+04
7.080000000000000000e+04
7.080100000000000000e+04
7.080200000000000000e+04
7.080300000000000000e+04
7.080400000000000000e+04
7.080500000000000000e+04
7.080600000000000000e+04
7.080700000000000000e+04
7.080800000000000000e+04
7.080900000000000000e+04
7.081000000000000000e+04
7.081100000000000000e+04
7.081200000000000000e+04
7.081300000000000000e+04
7.081400000000000000e+04
7.081500000000000000e+04
7.081600000000000000e+04
7.081700000000000000e+04
7.081800000000000000e+04
7.081900000000000000e+04
7.082000000000000000e+04
7.082100000000000000e+04
7.082200000000000000e+04
7.082300000000000000e+04
7.082400000000000000e+04
7.082500000000000000e+04
7.082600000000000000e+04
7.082700000000000000e+04
7.082800000000000000e+04
7.082900000000000000e+04
7.083000000000000000e+04
7.083100000000000000e+04
7.083200000000000000e+04
7.083300000000000000e+04
7.083400000000000000e+04
7.083500000000000000e+04
7.083600000000000000e+04
7.083700000000000000e+04
7.083800000000000000e+04
7.083900000000000000e+04
7.084000000000000000e+04
7.084100000000000000e+04
7.084200000000000000e+04
7.084300000000000000e+04
7.084400000000000000e+04
7.084500000000000000e+04
7.084600000000000000e+04
7.084700000000000000e+04
7.084800000000000000e+04
7.084900000000000000e+04
7.085000000000000000e+04
7.085100000000000000e+04
7.085200000000000000e+04
7.085300000000000000e+04
7.085400000000000000e+04
7.085500000000000000e+04
7.085600000000000000e+04
7.085700000000000000e+04
7.085800000000000000e+04
7.085900000000000000e+04
7.086000000000000000e+04
7.086100000000000000e+04
7.086200000000000000e+04
7.086300000000000000e+04
7.086400000000000000e+04
7.086500000000000000e+04
7.086600000000000000e+04
7.086700000000000000e+04
7.086800000000000000e+04
7.086900000000000000e+04
7.087000000000000000e+04
7.087100000000000000e+04
7.087200000000000000e+04
7.087300000000000000e+04
7.087400000000000000e+04
7.087500000000000000e+04
7.087600000000000000e+04
7.087700000000000000e+04
7.087800000000000000e+04
7.087900000000000000e+04
7.088000000000000000e+04
7.088100000000000000e+04
7.088200000000000000e+04
7.088300000000000000e+04
7.088400000000000000e+04
7.088500000000000000e+04
7.088600000000000000e+04
7.088700000000000000e+04
7.088800000000000000e+04
7.088900000000000000e+04
7.089000000000000000e+04
7.089100000000000000e+04
7.089200000000000000e+04
7.089300000000000000e+04
7.089400000000000000e+04
7.089500000000000000e+04
7.089600000000000000e+04
7.089700000000000000e+04
7.089800000000000000e+04
7.089900000000000000e+04
7.090000000000000000e+04
7.090100000000000000e+04
7.090200000000000000e+04
7.090300000000000000e+04
7.090400000000000000e+04
7.090500000000000000e+04
7.090600000000000000e+04
7.090700000000000000e+04
7.090800000000000000e+04
7.090900000000000000e+04
7.091000000000000000e+04
7.091100000000000000e+04
7.091200000000000000e+04
7.091300000000000000e+04
7.091500000000000000e+04
7.091700000000000000e+04
