2.539000000000000000e+03
2.540000000000000000e+03
2.541000000000000000e+03
2.542000000000000000e+03
2.543000000000000000e+03
2.544000000000000000e+03
2.545000000000000000e+03
2.546000000000000000e+03
2.547000000000000000e+03
2.548000000000000000e+03
2.549000000000000000e+03
2.550000000000000000e+03
2.551000000000000000e+03
2.552000000000000000e+03
2.553000000000000000e+03
2.554000000000000000e+03
2.555000000000000000e+03
2.556000000000000000e+03
2.557000000000000000e+03
2.558000000000000000e+03
2.559000000000000000e+03
2.560000000000000000e+03
2.561000000000000000e+03
2.562000000000000000e+03
2.563000000000000000e+03
2.564000000000000000e+03
2.565000000000000000e+03
2.566000000000000000e+03
2.567000000000000000e+03
2.568000000000000000e+03
2.569000000000000000e+03
2.570000000000000000e+03
2.571000000000000000e+03
2.572000000000000000e+03
2.573000000000000000e+03
2.574000000000000000e+03
2.575000000000000000e+03
2.576000000000000000e+03
2.577000000000000000e+03
2.578000000000000000e+03
2.579000000000000000e+03
2.580000000000000000e+03
2.581000000000000000e+03
2.582000000000000000e+03
2.583000000000000000e+03
2.584000000000000000e+03
2.585000000000000000e+03
2.586000000000000000e+03
2.587000000000000000e+03
2.588000000000000000e+03
2.589000000000000000e+03
2.590000000000000000e+03
2.591000000000000000e+03
2.592000000000000000e+03
2.593000000000000000e+03
2.594000000000000000e+03
2.595000000000000000e+03
2.596000000000000000e+03
2.597000000000000000e+03
2.598000000000000000e+03
2.599000000000000000e+03
2.600000000000000000e+03
2.601000000000000000e+03
2.602000000000000000e+03
2.603000000000000000e+03
2.604000000000000000e+03
2.605000000000000000e+03
2.606000000000000000e+03
2.607000000000000000e+03
2.608000000000000000e+03
2.609000000000000000e+03
2.610000000000000000e+03
2.611000000000000000e+03
2.612000000000000000e+03
2.613000000000000000e+03
2.614000000000000000e+03
2.615000000000000000e+03
2.616000000000000000e+03
2.617000000000000000e+03
2.618000000000000000e+03
2.619000000000000000e+03
2.620000000000000000e+03
2.621000000000000000e+03
2.622000000000000000e+03
2.623000000000000000e+03
2.624000000000000000e+03
2.625000000000000000e+03
2.626000000000000000e+03
2.627000000000000000e+03
2.628000000000000000e+03
2.629000000000000000e+03
2.630000000000000000e+03
2.631000000000000000e+03
2.632000000000000000e+03
2.633000000000000000e+03
2.634000000000000000e+03
2.635000000000000000e+03
2.636000000000000000e+03
2.637000000000000000e+03
2.638000000000000000e+03
2.639000000000000000e+03
2.640000000000000000e+03
2.641000000000000000e+03
2.643000000000000000e+03
2.644000000000000000e+03
2.645000000000000000e+03
2.647000000000000000e+03
2.648000000000000000e+03
2.649000000000000000e+03
2.651000000000000000e+03
2.652000000000000000e+03
2.653000000000000000e+03
2.654000000000000000e+03
2.655000000000000000e+03
2.656000000000000000e+03
2.657000000000000000e+03
2.658000000000000000e+03
2.659000000000000000e+03
2.660000000000000000e+03
2.661000000000000000e+03
2.663000000000000000e+03
2.664000000000000000e+03
2.665000000000000000e+03
2.667000000000000000e+03
3.157000000000000000e+03
3.159000000000000000e+03
3.277000000000000000e+03
3.341000000000000000e+03
3.343000000000000000e+03
3.344000000000000000e+03
3.345000000000000000e+03
7.056000000000000000e+03
7.982000000000000000e+03
7.984000000000000000e+03
7.985000000000000000e+03
7.986000000000000000e+03
2.109600000000000000e+04
2.109700000000000000e+04
2.109800000000000000e+04
2.109900000000000000e+04
2.110000000000000000e+04
2.110100000000000000e+04
2.110200000000000000e+04
2.110300000000000000e+04
2.110400000000000000e+04
2.186600000000000000e+04
2.186700000000000000e+04
2.186800000000000000e+04
2.187000000000000000e+04
2.187400000000000000e+04
2.187500000000000000e+04
2.187600000000000000e+04
2.187800000000000000e+04
2.187900000000000000e+04
2.188000000000000000e+04
2.188200000000000000e+04
2.188300000000000000e+04
2.188400000000000000e+04
2.188500000000000000e+04
2.188600000000000000e+04
2.188700000000000000e+04
2.188800000000000000e+04
2.188900000000000000e+04
2.189000000000000000e+04
2.189100000000000000e+04
2.189200000000000000e+04
2.189300000000000000e+04
2.189400000000000000e+04
2.189500000000000000e+04
2.189600000000000000e+04
2.189700000000000000e+04
2.189800000000000000e+04
2.189900000000000000e+04
2.190000000000000000e+04
2.190100000000000000e+04
2.190200000000000000e+04
2.190300000000000000e+04
2.190400000000000000e+04
2.190500000000000000e+04
2.190600000000000000e+04
2.190700000000000000e+04
2.190800000000000000e+04
2.190900000000000000e+04
2.191000000000000000e+04
2.191100000000000000e+04
2.191200000000000000e+04
2.191300000000000000e+04
2.191400000000000000e+04
2.191500000000000000e+04
2.191600000000000000e+04
2.191700000000000000e+04
2.191800000000000000e+04
2.191900000000000000e+04
2.192000000000000000e+04
2.192100000000000000e+04
2.192200000000000000e+04
2.192300000000000000e+04
2.192400000000000000e+04
2.192500000000000000e+04
2.192600000000000000e+04
2.192700000000000000e+04
2.192800000000000000e+04
2.192900000000000000e+04
2.193000000000000000e+04
2.193100000000000000e+04
2.193200000000000000e+04
2.193300000000000000e+04
2.193400000000000000e+04
2.193500000000000000e+04
2.193600000000000000e+04
2.193700000000000000e+04
2.193800000000000000e+04
2.193900000000000000e+04
2.194000000000000000e+04
2.194100000000000000e+04
2.194200000000000000e+04
2.194300000000000000e+04
2.194400000000000000e+04
2.194500000000000000e+04
2.194600000000000000e+04
2.194700000000000000e+04
2.194800000000000000e+04
2.194900000000000000e+04
2.195000000000000000e+04
2.195100000000000000e+04
2.195200000000000000e+04
2.195300000000000000e+04
2.195400000000000000e+04
2.195500000000000000e+04
2.195600000000000000e+04
2.195700000000000000e+04
2.195800000000000000e+04
2.195900000000000000e+04
2.196000000000000000e+04
2.196100000000000000e+04
2.196200000000000000e+04
2.196300000000000000e+04
2.196400000000000000e+04
2.196500000000000000e+04
2.196600000000000000e+04
2.196700000000000000e+04
2.196800000000000000e+04
2.196900000000000000e+04
2.197000000000000000e+04
2.197100000000000000e+04
2.197200000000000000e+04
2.197300000000000000e+04
2.197400000000000000e+04
2.197500000000000000e+04
2.197600000000000000e+04
2.197700000000000000e+04
2.197800000000000000e+04
2.197900000000000000e+04
2.198000000000000000e+04
2.198100000000000000e+04
2.198200000000000000e+04
2.198300000000000000e+04
2.198400000000000000e+04
2.198500000000000000e+04
2.198600000000000000e+04
2.198700000000000000e+04
2.198800000000000000e+04
2.198900000000000000e+04
2.199000000000000000e+04
2.199100000000000000e+04
2.199200000000000000e+04
2.199300000000000000e+04
2.199400000000000000e+04
2.199500000000000000e+04
2.199600000000000000e+04
2.199700000000000000e+04
2.199800000000000000e+04
2.199900000000000000e+04
2.200200000000000000e+04
2.200400000000000000e+04
2.200600000000000000e+04
2.200800000000000000e+04
2.201000000000000000e+04
2.201100000000000000e+04
2.201200000000000000e+04
2.201400000000000000e+04
2.201500000000000000e+04
2.201600000000000000e+04
2.201800000000000000e+04
2.201900000000000000e+04
2.202000000000000000e+04
2.202200000000000000e+04
2.357500000000000000e+04
2.378700000000000000e+04
2.702600000000000000e+04
2.702700000000000000e+04
2.702800000000000000e+04
2.703400000000000000e+04
2.703600000000000000e+04
2.703800000000000000e+04
2.703900000000000000e+04
2.704000000000000000e+04
2.704100000000000000e+04
2.704200000000000000e+04
2.704300000000000000e+04
2.704400000000000000e+04
2.704500000000000000e+04
2.704600000000000000e+04
2.704700000000000000e+04
2.704800000000000000e+04
2.704900000000000000e+04
2.705000000000000000e+04
2.705100000000000000e+04
2.705200000000000000e+04
2.705300000000000000e+04
2.705400000000000000e+04
2.705500000000000000e+04
2.705600000000000000e+04
2.705700000000000000e+04
2.705800000000000000e+04
2.705900000000000000e+04
2.706000000000000000e+04
2.706100000000000000e+04
2.706200000000000000e+04
2.706300000000000000e+04
2.706400000000000000e+04
2.706500000000000000e+04
2.706600000000000000e+04
2.706700000000000000e+04
2.706800000000000000e+04
2.706900000000000000e+04
2.707000000000000000e+04
2.707100000000000000e+04
2.707200000000000000e+04
2.707300000000000000e+04
2.707400000000000000e+04
2.707500000000000000e+04
2.707600000000000000e+04
2.707700000000000000e+04
2.707800000000000000e+04
2.707900000000000000e+04
2.708000000000000000e+04
2.708100000000000000e+04
2.708200000000000000e+04
2.708300000000000000e+04
2.708400000000000000e+04
2.708500000000000000e+04
2.708600000000000000e+04
2.708700000000000000e+04
2.708800000000000000e+04
2.708900000000000000e+04
2.709000000000000000e+04
2.709100000000000000e+04
2.709200000000000000e+04
2.709300000000000000e+04
2.709400000000000000e+04
2.709500000000000000e+04
2.709600000000000000e+04
2.709700000000000000e+04
2.709800000000000000e+04
2.709900000000000000e+04
2.710000000000000000e+04
2.710100000000000000e+04
2.710200000000000000e+04
2.710300000000000000e+04
2.710400000000000000e+04
2.710500000000000000e+04
2.710600000000000000e+04
2.710700000000000000e+04
2.710800000000000000e+04
2.710900000000000000e+04
2.711000000000000000e+04
2.711100000000000000e+04
2.711200000000000000e+04
2.711300000000000000e+04
2.711400000000000000e+04
2.711500000000000000e+04
2.711600000000000000e+04
2.711700000000000000e+04
2.711800000000000000e+04
2.711900000000000000e+04
2.712000000000000000e+04
2.712100000000000000e+04
2.712200000000000000e+04
2.712300000000000000e+04
2.712400000000000000e+04
2.712500000000000000e+04
2.712600000000000000e+04
2.712700000000000000e+04
2.712800000000000000e+04
2.712900000000000000e+04
2.713000000000000000e+04
2.713100000000000000e+04
2.713200000000000000e+04
2.713300000000000000e+04
2.713400000000000000e+04
2.713500000000000000e+04
2.713600000000000000e+04
2.713700000000000000e+04
2.713800000000000000e+04
2.713900000000000000e+04
2.714000000000000000e+04
2.714100000000000000e+04
2.714200000000000000e+04
2.714300000000000000e+04
2.714400000000000000e+04
2.714500000000000000e+04
2.714600000000000000e+04
2.714700000000000000e+04
2.714800000000000000e+04
2.714900000000000000e+04
2.715000000000000000e+04
2.715100000000000000e+04
2.715200000000000000e+04
2.715300000000000000e+04
2.715400000000000000e+04
2.715500000000000000e+04
2.715600000000000000e+04
2.715700000000000000e+04
2.715800000000000000e+04
2.715900000000000000e+04
2.716000000000000000e+04
2.716100000000000000e+04
2.716200000000000000e+04
2.716300000000000000e+04
2.716400000000000000e+04
2.716500000000000000e+04
2.716600000000000000e+04
2.716700000000000000e+04
2.716800000000000000e+04
2.716900000000000000e+04
2.717000000000000000e+04
2.717100000000000000e+04
2.717200000000000000e+04
2.717300000000000000e+04
2.717400000000000000e+04
2.717500000000000000e+04
2.717600000000000000e+04
2.717700000000000000e+04
2.717800000000000000e+04
2.717900000000000000e+04
2.718000000000000000e+04
2.718100000000000000e+04
2.718200000000000000e+04
2.718300000000000000e+04
2.718400000000000000e+04
2.718500000000000000e+04
2.718600000000000000e+04
2.718700000000000000e+04
2.718800000000000000e+04
2.718900000000000000e+04
2.719000000000000000e+04
2.719100000000000000e+04
2.719200000000000000e+04
2.719300000000000000e+04
2.719400000000000000e+04
2.719500000000000000e+04
2.719600000000000000e+04
2.719700000000000000e+04
2.719800000000000000e+04
2.719900000000000000e+04
2.720000000000000000e+04
2.720100000000000000e+04
2.720200000000000000e+04
2.720300000000000000e+04
2.720400000000000000e+04
2.720500000000000000e+04
2.720600000000000000e+04
2.720700000000000000e+04
2.720800000000000000e+04
2.720900000000000000e+04
2.721000000000000000e+04
2.721100000000000000e+04
2.721200000000000000e+04
2.721300000000000000e+04
2.721400000000000000e+04
2.721500000000000000e+04
2.721600000000000000e+04
2.721700000000000000e+04
2.721800000000000000e+04
2.721900000000000000e+04
2.722000000000000000e+04
2.722100000000000000e+04
2.722200000000000000e+04
2.722300000000000000e+04
2.722400000000000000e+04
2.722500000000000000e+04
2.722600000000000000e+04
2.722700000000000000e+04
2.722800000000000000e+04
2.722900000000000000e+04
2.723000000000000000e+04
2.723100000000000000e+04
2.723200000000000000e+04
2.723300000000000000e+04
2.723400000000000000e+04
2.723500000000000000e+04
2.723600000000000000e+04
2.723700000000000000e+04
2.723800000000000000e+04
2.723900000000000000e+04
2.724000000000000000e+04
2.724100000000000000e+04
2.724200000000000000e+04
2.724300000000000000e+04
2.724400000000000000e+04
2.724500000000000000e+04
2.724600000000000000e+04
2.724700000000000000e+04
2.724800000000000000e+04
2.724900000000000000e+04
2.725000000000000000e+04
2.725100000000000000e+04
2.725200000000000000e+04
2.725300000000000000e+04
2.725400000000000000e+04
2.725500000000000000e+04
2.725600000000000000e+04
2.725700000000000000e+04
2.725800000000000000e+04
2.725900000000000000e+04
2.726000000000000000e+04
2.726100000000000000e+04
2.726200000000000000e+04
2.726300000000000000e+04
2.726400000000000000e+04
2.726500000000000000e+04
2.726600000000000000e+04
2.726700000000000000e+04
2.726800000000000000e+04
2.726900000000000000e+04
2.727000000000000000e+04
2.727100000000000000e+04
2.727200000000000000e+04
2.727300000000000000e+04
2.727400000000000000e+04
2.727500000000000000e+04
2.727600000000000000e+04
2.727700000000000000e+04
2.727800000000000000e+04
2.727900000000000000e+04
2.728000000000000000e+04
2.728100000000000000e+04
2.728200000000000000e+04
2.728300000000000000e+04
2.728400000000000000e+04
2.728500000000000000e+04
2.728600000000000000e+04
2.728700000000000000e+04
2.728800000000000000e+04
2.728900000000000000e+04
2.729000000000000000e+04
2.729100000000000000e+04
2.729200000000000000e+04
2.729300000000000000e+04
2.729400000000000000e+04
2.729500000000000000e+04
2.729600000000000000e+04
2.729700000000000000e+04
2.729800000000000000e+04
2.729900000000000000e+04
2.730000000000000000e+04
2.730100000000000000e+04
2.730200000000000000e+04
2.730300000000000000e+04
2.730400000000000000e+04
2.730500000000000000e+04
2.730600000000000000e+04
2.730700000000000000e+04
2.730800000000000000e+04
2.730900000000000000e+04
2.731000000000000000e+04
2.731100000000000000e+04
2.731200000000000000e+04
2.731300000000000000e+04
2.731400000000000000e+04
2.731500000000000000e+04
2.731600000000000000e+04
2.731700000000000000e+04
2.731800000000000000e+04
2.731900000000000000e+04
2.732000000000000000e+04
2.732100000000000000e+04
2.732200000000000000e+04
2.732300000000000000e+04
2.732400000000000000e+04
2.732500000000000000e+04
2.732600000000000000e+04
2.732700000000000000e+04
2.732800000000000000e+04
2.732900000000000000e+04
2.733000000000000000e+04
2.733100000000000000e+04
2.733200000000000000e+04
2.733300000000000000e+04
2.733400000000000000e+04
2.733500000000000000e+04
2.733600000000000000e+04
2.733700000000000000e+04
2.733800000000000000e+04
2.733900000000000000e+04
2.734000000000000000e+04
2.734100000000000000e+04
2.734200000000000000e+04
2.734300000000000000e+04
2.734400000000000000e+04
2.734500000000000000e+04
2.734600000000000000e+04
2.734700000000000000e+04
2.734800000000000000e+04
2.734900000000000000e+04
2.735000000000000000e+04
2.735100000000000000e+04
2.735200000000000000e+04
2.735300000000000000e+04
2.735400000000000000e+04
2.735500000000000000e+04
2.735600000000000000e+04
2.735700000000000000e+04
2.735800000000000000e+04
2.735900000000000000e+04
2.736000000000000000e+04
2.736100000000000000e+04
2.736200000000000000e+04
2.736300000000000000e+04
2.736400000000000000e+04
2.736500000000000000e+04
2.736600000000000000e+04
2.736700000000000000e+04
2.736800000000000000e+04
2.736900000000000000e+04
2.737000000000000000e+04
2.737100000000000000e+04
2.737200000000000000e+04
2.737300000000000000e+04
2.737400000000000000e+04
2.737500000000000000e+04
2.737600000000000000e+04
2.737700000000000000e+04
2.737800000000000000e+04
2.737900000000000000e+04
2.738000000000000000e+04
2.738100000000000000e+04
2.738200000000000000e+04
2.738300000000000000e+04
2.738400000000000000e+04
2.738500000000000000e+04
2.738600000000000000e+04
2.738700000000000000e+04
2.738800000000000000e+04
2.738900000000000000e+04
2.739000000000000000e+04
2.739100000000000000e+04
2.739200000000000000e+04
2.739300000000000000e+04
2.739400000000000000e+04
2.739500000000000000e+04
2.739600000000000000e+04
2.739700000000000000e+04
2.739800000000000000e+04
2.739900000000000000e+04
2.740000000000000000e+04
2.740100000000000000e+04
2.740200000000000000e+04
2.740300000000000000e+04
2.740400000000000000e+04
2.740500000000000000e+04
2.740600000000000000e+04
2.740700000000000000e+04
2.740800000000000000e+04
2.740900000000000000e+04
2.741000000000000000e+04
2.741100000000000000e+04
2.741200000000000000e+04
2.741300000000000000e+04
2.741400000000000000e+04
2.741500000000000000e+04
2.741600000000000000e+04
2.741700000000000000e+04
2.741800000000000000e+04
2.741900000000000000e+04
2.742000000000000000e+04
2.742100000000000000e+04
2.742200000000000000e+04
2.742300000000000000e+04
2.742400000000000000e+04
2.742500000000000000e+04
2.742600000000000000e+04
2.742700000000000000e+04
2.742800000000000000e+04
2.742900000000000000e+04
2.743000000000000000e+04
2.743100000000000000e+04
2.743200000000000000e+04
2.743300000000000000e+04
2.743400000000000000e+04
2.743500000000000000e+04
2.743600000000000000e+04
2.743700000000000000e+04
2.743800000000000000e+04
2.743900000000000000e+04
2.744000000000000000e+04
2.744100000000000000e+04
2.744200000000000000e+04
2.744300000000000000e+04
2.744400000000000000e+04
2.744500000000000000e+04
2.744600000000000000e+04
2.744700000000000000e+04
2.744800000000000000e+04
2.744900000000000000e+04
2.745000000000000000e+04
2.745100000000000000e+04
2.745200000000000000e+04
2.745300000000000000e+04
2.745400000000000000e+04
2.745500000000000000e+04
2.745600000000000000e+04
2.745700000000000000e+04
2.745800000000000000e+04
2.745900000000000000e+04
2.746000000000000000e+04
2.746100000000000000e+04
2.746200000000000000e+04
2.746300000000000000e+04
2.746400000000000000e+04
2.746500000000000000e+04
2.746600000000000000e+04
2.746700000000000000e+04
2.746800000000000000e+04
2.746900000000000000e+04
2.747000000000000000e+04
2.747100000000000000e+04
2.747200000000000000e+04
2.747300000000000000e+04
2.747400000000000000e+04
2.747500000000000000e+04
2.747600000000000000e+04
2.747700000000000000e+04
2.747800000000000000e+04
2.747900000000000000e+04
2.748000000000000000e+04
2.748100000000000000e+04
2.748200000000000000e+04
2.748300000000000000e+04
2.748400000000000000e+04
2.748500000000000000e+04
2.748600000000000000e+04
2.748700000000000000e+04
2.748800000000000000e+04
2.748900000000000000e+04
2.749000000000000000e+04
2.749100000000000000e+04
2.749200000000000000e+04
2.749300000000000000e+04
2.749400000000000000e+04
2.749500000000000000e+04
2.749600000000000000e+04
2.749700000000000000e+04
2.749800000000000000e+04
2.749900000000000000e+04
2.750000000000000000e+04
2.750100000000000000e+04
2.750200000000000000e+04
2.750300000000000000e+04
2.750400000000000000e+04
2.750500000000000000e+04
2.750600000000000000e+04
2.750700000000000000e+04
2.750800000000000000e+04
2.750900000000000000e+04
2.751000000000000000e+04
2.751100000000000000e+04
2.751200000000000000e+04
2.751300000000000000e+04
2.751400000000000000e+04
2.751500000000000000e+04
2.751600000000000000e+04
2.751700000000000000e+04
2.751800000000000000e+04
2.751900000000000000e+04
2.752000000000000000e+04
2.752100000000000000e+04
2.752200000000000000e+04
2.752300000000000000e+04
2.752400000000000000e+04
2.752500000000000000e+04
2.752600000000000000e+04
2.752700000000000000e+04
2.752800000000000000e+04
2.752900000000000000e+04
2.753000000000000000e+04
2.753100000000000000e+04
2.753200000000000000e+04
2.753300000000000000e+04
2.753400000000000000e+04
2.753500000000000000e+04
2.753600000000000000e+04
2.753700000000000000e+04
2.753800000000000000e+04
2.753900000000000000e+04
2.754000000000000000e+04
2.754100000000000000e+04
2.754200000000000000e+04
2.754300000000000000e+04
2.754400000000000000e+04
2.754500000000000000e+04
2.754600000000000000e+04
2.754700000000000000e+04
2.754800000000000000e+04
2.754900000000000000e+04
2.755000000000000000e+04
2.755100000000000000e+04
2.755200000000000000e+04
2.755300000000000000e+04
2.755400000000000000e+04
2.755500000000000000e+04
2.755600000000000000e+04
2.755700000000000000e+04
2.755800000000000000e+04
2.755900000000000000e+04
2.756000000000000000e+04
2.756100000000000000e+04
2.756200000000000000e+04
2.756300000000000000e+04
2.756400000000000000e+04
2.756500000000000000e+04
2.756600000000000000e+04
2.756700000000000000e+04
2.756800000000000000e+04
2.756900000000000000e+04
2.757000000000000000e+04
2.757100000000000000e+04
2.757200000000000000e+04
2.757300000000000000e+04
2.757400000000000000e+04
2.757500000000000000e+04
2.757600000000000000e+04
2.757700000000000000e+04
2.757800000000000000e+04
2.757900000000000000e+04
2.758000000000000000e+04
2.758100000000000000e+04
2.758200000000000000e+04
2.758300000000000000e+04
2.758400000000000000e+04
2.758500000000000000e+04
2.758600000000000000e+04
2.758700000000000000e+04
2.758800000000000000e+04
2.758900000000000000e+04
2.759000000000000000e+04
2.759100000000000000e+04
2.759200000000000000e+04
2.759300000000000000e+04
2.759400000000000000e+04
2.759500000000000000e+04
2.759600000000000000e+04
2.759700000000000000e+04
2.759800000000000000e+04
2.759900000000000000e+04
2.760000000000000000e+04
2.760100000000000000e+04
2.760200000000000000e+04
2.760300000000000000e+04
2.760400000000000000e+04
2.760500000000000000e+04
2.760600000000000000e+04
2.760700000000000000e+04
2.760800000000000000e+04
2.760900000000000000e+04
2.761000000000000000e+04
2.761100000000000000e+04
2.761200000000000000e+04
2.761300000000000000e+04
2.761400000000000000e+04
2.761500000000000000e+04
2.761600000000000000e+04
2.761700000000000000e+04
2.761800000000000000e+04
2.761900000000000000e+04
2.762000000000000000e+04
2.762100000000000000e+04
2.762200000000000000e+04
2.762300000000000000e+04
2.762400000000000000e+04
2.762500000000000000e+04
2.762600000000000000e+04
2.762700000000000000e+04
2.762800000000000000e+04
2.762900000000000000e+04
2.763000000000000000e+04
2.763100000000000000e+04
2.763200000000000000e+04
2.763300000000000000e+04
2.763400000000000000e+04
2.763500000000000000e+04
2.763600000000000000e+04
2.763700000000000000e+04
2.763800000000000000e+04
2.763900000000000000e+04
2.764000000000000000e+04
2.764100000000000000e+04
2.764200000000000000e+04
2.764300000000000000e+04
2.764400000000000000e+04
2.764500000000000000e+04
2.764600000000000000e+04
2.764700000000000000e+04
2.764800000000000000e+04
2.764900000000000000e+04
2.765000000000000000e+04
2.765100000000000000e+04
2.765200000000000000e+04
2.765300000000000000e+04
2.765400000000000000e+04
2.765500000000000000e+04
2.765600000000000000e+04
2.765700000000000000e+04
2.765800000000000000e+04
2.765900000000000000e+04
2.766000000000000000e+04
2.766100000000000000e+04
2.766200000000000000e+04
2.766300000000000000e+04
2.766400000000000000e+04
2.766500000000000000e+04
2.766600000000000000e+04
2.766700000000000000e+04
2.766800000000000000e+04
2.766900000000000000e+04
2.767000000000000000e+04
2.767100000000000000e+04
2.767200000000000000e+04
2.767300000000000000e+04
2.767400000000000000e+04
2.767500000000000000e+04
2.767600000000000000e+04
2.767700000000000000e+04
2.767800000000000000e+04
2.767900000000000000e+04
2.768000000000000000e+04
2.768100000000000000e+04
2.768200000000000000e+04
2.768300000000000000e+04
2.768400000000000000e+04
2.768500000000000000e+04
2.768600000000000000e+04
2.768700000000000000e+04
2.768800000000000000e+04
2.768900000000000000e+04
2.769000000000000000e+04
2.769100000000000000e+04
2.769200000000000000e+04
2.769300000000000000e+04
2.769400000000000000e+04
2.769500000000000000e+04
2.769600000000000000e+04
2.769700000000000000e+04
2.769800000000000000e+04
2.769900000000000000e+04
2.770000000000000000e+04
2.770100000000000000e+04
2.770200000000000000e+04
2.770300000000000000e+04
2.770400000000000000e+04
2.770500000000000000e+04
2.770600000000000000e+04
2.770700000000000000e+04
2.770800000000000000e+04
2.770900000000000000e+04
2.771000000000000000e+04
2.771100000000000000e+04
2.771200000000000000e+04
2.771300000000000000e+04
2.771400000000000000e+04
2.771500000000000000e+04
2.771600000000000000e+04
2.771700000000000000e+04
2.771800000000000000e+04
2.771900000000000000e+04
2.772000000000000000e+04
2.772100000000000000e+04
2.772200000000000000e+04
2.772300000000000000e+04
2.772400000000000000e+04
2.772500000000000000e+04
2.772600000000000000e+04
2.772700000000000000e+04
2.772800000000000000e+04
2.772900000000000000e+04
2.773000000000000000e+04
2.773100000000000000e+04
2.773200000000000000e+04
2.773300000000000000e+04
2.773400000000000000e+04
2.773500000000000000e+04
2.773600000000000000e+04
2.773700000000000000e+04
2.773800000000000000e+04
2.773900000000000000e+04
2.774000000000000000e+04
2.774100000000000000e+04
2.774200000000000000e+04
2.774300000000000000e+04
2.774400000000000000e+04
2.774500000000000000e+04
2.774600000000000000e+04
2.774700000000000000e+04
2.774800000000000000e+04
2.774900000000000000e+04
2.775000000000000000e+04
2.775100000000000000e+04
2.775200000000000000e+04
2.775300000000000000e+04
2.775400000000000000e+04
2.775500000000000000e+04
2.775600000000000000e+04
2.775700000000000000e+04
2.775800000000000000e+04
2.775900000000000000e+04
2.776000000000000000e+04
2.776100000000000000e+04
2.776200000000000000e+04
2.776300000000000000e+04
2.776400000000000000e+04
2.776500000000000000e+04
2.776600000000000000e+04
2.776700000000000000e+04
2.776800000000000000e+04
2.776900000000000000e+04
2.777000000000000000e+04
2.777100000000000000e+04
2.777200000000000000e+04
2.777300000000000000e+04
2.777400000000000000e+04
2.777500000000000000e+04
2.777600000000000000e+04
2.777700000000000000e+04
2.777800000000000000e+04
2.777900000000000000e+04
2.778000000000000000e+04
2.778100000000000000e+04
2.778200000000000000e+04
2.778300000000000000e+04
2.778400000000000000e+04
2.778500000000000000e+04
2.778600000000000000e+04
2.778700000000000000e+04
2.778800000000000000e+04
2.778900000000000000e+04
2.779000000000000000e+04
2.779100000000000000e+04
2.779200000000000000e+04
2.779300000000000000e+04
2.779400000000000000e+04
2.779500000000000000e+04
2.779600000000000000e+04
2.779700000000000000e+04
2.779800000000000000e+04
2.779900000000000000e+04
2.780000000000000000e+04
2.780100000000000000e+04
2.780200000000000000e+04
2.780300000000000000e+04
2.780400000000000000e+04
2.780500000000000000e+04
2.780600000000000000e+04
2.780700000000000000e+04
2.780800000000000000e+04
2.780900000000000000e+04
2.781000000000000000e+04
2.781100000000000000e+04
2.781200000000000000e+04
2.781300000000000000e+04
2.781400000000000000e+04
2.781500000000000000e+04
2.781600000000000000e+04
2.781700000000000000e+04
2.781800000000000000e+04
2.781900000000000000e+04
2.782000000000000000e+04
2.782100000000000000e+04
2.782200000000000000e+04
2.782300000000000000e+04
2.782400000000000000e+04
2.782500000000000000e+04
2.782600000000000000e+04
2.782700000000000000e+04
2.782800000000000000e+04
2.782900000000000000e+04
2.783000000000000000e+04
2.783100000000000000e+04
2.783200000000000000e+04
2.783300000000000000e+04
2.783400000000000000e+04
2.783500000000000000e+04
2.783600000000000000e+04
2.783700000000000000e+04
2.783800000000000000e+04
2.783900000000000000e+04
2.784000000000000000e+04
2.784100000000000000e+04
2.784200000000000000e+04
2.784300000000000000e+04
2.784400000000000000e+04
2.784500000000000000e+04
2.784600000000000000e+04
2.784700000000000000e+04
2.784800000000000000e+04
2.784900000000000000e+04
2.785000000000000000e+04
2.785100000000000000e+04
2.785200000000000000e+04
2.785300000000000000e+04
2.785400000000000000e+04
2.785500000000000000e+04
2.785600000000000000e+04
2.785700000000000000e+04
2.785800000000000000e+04
2.785900000000000000e+04
2.786000000000000000e+04
2.786100000000000000e+04
2.786200000000000000e+04
2.786300000000000000e+04
2.786400000000000000e+04
2.786500000000000000e+04
2.786600000000000000e+04
2.786700000000000000e+04
2.786800000000000000e+04
2.787000000000000000e+04
2.787200000000000000e+04
2.787300000000000000e+04
2.787400000000000000e+04
2.787500000000000000e+04
2.787600000000000000e+04
2.787700000000000000e+04
2.787800000000000000e+04
2.787900000000000000e+04
2.788000000000000000e+04
2.788100000000000000e+04
2.788200000000000000e+04
2.788300000000000000e+04
2.788400000000000000e+04
2.788500000000000000e+04
2.788600000000000000e+04
2.788700000000000000e+04
2.788800000000000000e+04
2.788900000000000000e+04
2.789000000000000000e+04
2.798400000000000000e+04
2.798500000000000000e+04
2.798600000000000000e+04
2.798700000000000000e+04
2.798800000000000000e+04
2.798900000000000000e+04
2.799000000000000000e+04
2.799100000000000000e+04
2.799200000000000000e+04
2.799300000000000000e+04
2.799400000000000000e+04
2.799500000000000000e+04
2.799600000000000000e+04
2.799700000000000000e+04
2.799800000000000000e+04
2.799900000000000000e+04
2.800000000000000000e+04
2.800100000000000000e+04
2.800200000000000000e+04
2.800300000000000000e+04
2.800400000000000000e+04
2.800500000000000000e+04
2.800600000000000000e+04
2.800700000000000000e+04
2.800800000000000000e+04
2.800900000000000000e+04
2.801000000000000000e+04
2.801100000000000000e+04
2.801200000000000000e+04
2.801300000000000000e+04
2.801400000000000000e+04
2.801500000000000000e+04
2.801600000000000000e+04
2.801700000000000000e+04
2.801800000000000000e+04
2.801900000000000000e+04
2.802000000000000000e+04
2.802100000000000000e+04
2.802200000000000000e+04
2.802300000000000000e+04
2.802400000000000000e+04
2.802500000000000000e+04
2.802600000000000000e+04
2.802700000000000000e+04
2.802800000000000000e+04
2.802900000000000000e+04
2.803000000000000000e+04
2.803100000000000000e+04
2.803200000000000000e+04
2.803300000000000000e+04
2.803400000000000000e+04
2.803500000000000000e+04
2.803600000000000000e+04
2.803700000000000000e+04
2.803800000000000000e+04
2.803900000000000000e+04
2.804000000000000000e+04
2.804100000000000000e+04
2.804200000000000000e+04
2.804300000000000000e+04
2.804400000000000000e+04
2.804500000000000000e+04
2.804600000000000000e+04
2.804700000000000000e+04
2.804800000000000000e+04
2.804900000000000000e+04
2.805000000000000000e+04
2.805100000000000000e+04
2.805200000000000000e+04
2.805300000000000000e+04
2.805400000000000000e+04
2.805500000000000000e+04
2.805600000000000000e+04
2.805700000000000000e+04
2.805800000000000000e+04
2.805900000000000000e+04
2.806000000000000000e+04
2.806100000000000000e+04
2.806200000000000000e+04
2.806300000000000000e+04
2.806400000000000000e+04
2.806500000000000000e+04
2.806600000000000000e+04
2.806700000000000000e+04
2.806800000000000000e+04
2.806900000000000000e+04
2.807000000000000000e+04
2.807100000000000000e+04
2.807200000000000000e+04
2.807300000000000000e+04
2.807400000000000000e+04
2.807500000000000000e+04
2.807600000000000000e+04
2.807700000000000000e+04
2.807800000000000000e+04
2.807900000000000000e+04
2.808000000000000000e+04
2.808100000000000000e+04
2.808200000000000000e+04
2.808300000000000000e+04
2.808400000000000000e+04
2.808500000000000000e+04
2.808600000000000000e+04
2.808700000000000000e+04
2.808800000000000000e+04
2.808900000000000000e+04
2.809000000000000000e+04
2.809100000000000000e+04
2.809200000000000000e+04
2.809300000000000000e+04
2.809400000000000000e+04
2.809500000000000000e+04
2.809600000000000000e+04
2.809700000000000000e+04
2.809800000000000000e+04
2.809900000000000000e+04
2.810000000000000000e+04
2.810100000000000000e+04
2.810200000000000000e+04
2.810300000000000000e+04
2.810400000000000000e+04
2.810500000000000000e+04
2.810600000000000000e+04
2.810700000000000000e+04
2.810800000000000000e+04
2.810900000000000000e+04
2.811000000000000000e+04
2.811100000000000000e+04
2.811200000000000000e+04
2.811300000000000000e+04
2.811400000000000000e+04
2.811500000000000000e+04
2.811600000000000000e+04
2.811700000000000000e+04
2.811800000000000000e+04
2.811900000000000000e+04
2.812000000000000000e+04
2.812100000000000000e+04
2.812200000000000000e+04
2.812300000000000000e+04
2.812400000000000000e+04
2.812500000000000000e+04
2.812600000000000000e+04
2.812700000000000000e+04
2.812800000000000000e+04
2.812900000000000000e+04
2.813000000000000000e+04
2.813100000000000000e+04
2.813200000000000000e+04
2.813300000000000000e+04
2.813400000000000000e+04
2.813500000000000000e+04
2.813600000000000000e+04
2.813700000000000000e+04
2.813800000000000000e+04
2.813900000000000000e+04
2.814000000000000000e+04
2.814100000000000000e+04
2.814200000000000000e+04
2.814300000000000000e+04
2.814400000000000000e+04
2.814500000000000000e+04
2.814600000000000000e+04
2.814700000000000000e+04
2.814800000000000000e+04
2.814900000000000000e+04
2.815000000000000000e+04
2.815100000000000000e+04
2.815200000000000000e+04
2.815300000000000000e+04
2.815400000000000000e+04
2.815500000000000000e+04
2.815600000000000000e+04
2.815700000000000000e+04
2.815800000000000000e+04
2.815900000000000000e+04
2.816000000000000000e+04
2.816100000000000000e+04
2.816200000000000000e+04
2.816300000000000000e+04
2.816400000000000000e+04
2.816500000000000000e+04
2.816600000000000000e+04
2.816700000000000000e+04
2.816800000000000000e+04
2.816900000000000000e+04
2.817000000000000000e+04
2.817100000000000000e+04
2.817200000000000000e+04
2.817300000000000000e+04
2.817400000000000000e+04
2.817500000000000000e+04
2.817600000000000000e+04
2.817700000000000000e+04
2.817800000000000000e+04
2.817900000000000000e+04
2.818000000000000000e+04
2.818100000000000000e+04
2.818200000000000000e+04
2.818300000000000000e+04
2.818400000000000000e+04
2.818500000000000000e+04
2.818600000000000000e+04
2.818700000000000000e+04
2.818800000000000000e+04
2.818900000000000000e+04
2.819000000000000000e+04
2.819100000000000000e+04
2.819200000000000000e+04
2.819300000000000000e+04
2.819400000000000000e+04
2.819500000000000000e+04
2.819600000000000000e+04
2.819700000000000000e+04
2.819800000000000000e+04
2.819900000000000000e+04
2.820000000000000000e+04
2.820100000000000000e+04
2.820200000000000000e+04
2.820300000000000000e+04
2.820400000000000000e+04
2.820500000000000000e+04
2.820600000000000000e+04
2.820700000000000000e+04
2.820800000000000000e+04
2.820900000000000000e+04
2.821000000000000000e+04
2.821100000000000000e+04
2.821200000000000000e+04
2.821300000000000000e+04
2.821400000000000000e+04
2.821500000000000000e+04
2.821600000000000000e+04
2.821700000000000000e+04
2.821800000000000000e+04
2.821900000000000000e+04
2.822000000000000000e+04
2.822100000000000000e+04
2.822200000000000000e+04
2.822300000000000000e+04
2.822400000000000000e+04
2.822500000000000000e+04
2.822600000000000000e+04
2.822700000000000000e+04
2.822800000000000000e+04
2.822900000000000000e+04
2.823000000000000000e+04
2.823100000000000000e+04
2.823200000000000000e+04
2.823300000000000000e+04
2.823400000000000000e+04
2.823500000000000000e+04
2.823600000000000000e+04
2.823700000000000000e+04
2.823800000000000000e+04
2.823900000000000000e+04
2.824000000000000000e+04
2.824100000000000000e+04
2.824200000000000000e+04
2.824300000000000000e+04
2.824400000000000000e+04
2.824500000000000000e+04
2.824600000000000000e+04
2.824700000000000000e+04
2.824800000000000000e+04
2.824900000000000000e+04
2.825000000000000000e+04
2.825100000000000000e+04
2.825200000000000000e+04
2.825300000000000000e+04
2.825400000000000000e+04
2.825500000000000000e+04
2.825600000000000000e+04
2.825700000000000000e+04
2.825800000000000000e+04
2.825900000000000000e+04
2.826000000000000000e+04
2.826100000000000000e+04
2.826200000000000000e+04
2.826300000000000000e+04
2.826400000000000000e+04
2.826500000000000000e+04
2.826600000000000000e+04
2.826700000000000000e+04
2.826800000000000000e+04
2.826900000000000000e+04
2.827000000000000000e+04
2.827100000000000000e+04
2.827200000000000000e+04
2.827300000000000000e+04
2.827400000000000000e+04
2.827500000000000000e+04
2.827600000000000000e+04
2.827700000000000000e+04
2.827800000000000000e+04
2.827900000000000000e+04
2.828000000000000000e+04
2.828100000000000000e+04
2.828200000000000000e+04
2.828300000000000000e+04
2.828400000000000000e+04
2.828500000000000000e+04
2.828600000000000000e+04
2.828700000000000000e+04
2.828800000000000000e+04
2.828900000000000000e+04
2.829000000000000000e+04
2.829100000000000000e+04
2.829200000000000000e+04
2.829300000000000000e+04
2.829400000000000000e+04
2.829500000000000000e+04
2.829600000000000000e+04
2.829700000000000000e+04
2.829800000000000000e+04
2.829900000000000000e+04
2.830000000000000000e+04
2.830100000000000000e+04
2.830200000000000000e+04
2.830300000000000000e+04
2.830400000000000000e+04
2.830500000000000000e+04
2.830600000000000000e+04
2.830700000000000000e+04
2.830800000000000000e+04
2.830900000000000000e+04
2.831000000000000000e+04
2.831100000000000000e+04
2.831200000000000000e+04
2.831300000000000000e+04
2.831400000000000000e+04
2.831500000000000000e+04
2.831600000000000000e+04
2.831700000000000000e+04
2.831800000000000000e+04
2.831900000000000000e+04
2.832000000000000000e+04
2.832100000000000000e+04
2.832200000000000000e+04
2.832300000000000000e+04
2.832400000000000000e+04
2.832500000000000000e+04
2.832600000000000000e+04
2.832700000000000000e+04
2.832800000000000000e+04
2.832900000000000000e+04
2.833000000000000000e+04
2.833100000000000000e+04
2.833200000000000000e+04
2.833300000000000000e+04
2.833400000000000000e+04
2.833500000000000000e+04
2.833600000000000000e+04
2.833700000000000000e+04
2.833800000000000000e+04
2.833900000000000000e+04
2.834000000000000000e+04
2.834100000000000000e+04
2.834200000000000000e+04
2.834300000000000000e+04
2.834400000000000000e+04
2.834500000000000000e+04
2.834600000000000000e+04
2.834700000000000000e+04
2.834800000000000000e+04
2.834900000000000000e+04
2.835000000000000000e+04
2.835100000000000000e+04
2.835200000000000000e+04
2.835300000000000000e+04
2.835400000000000000e+04
2.835500000000000000e+04
2.835600000000000000e+04
2.835700000000000000e+04
2.835800000000000000e+04
2.835900000000000000e+04
2.836000000000000000e+04
2.836100000000000000e+04
2.836200000000000000e+04
2.836300000000000000e+04
2.836400000000000000e+04
2.836500000000000000e+04
2.836600000000000000e+04
2.836700000000000000e+04
2.836800000000000000e+04
2.836900000000000000e+04
2.837000000000000000e+04
2.837100000000000000e+04
2.837200000000000000e+04
2.837300000000000000e+04
2.837400000000000000e+04
2.837500000000000000e+04
2.837600000000000000e+04
2.837700000000000000e+04
2.837800000000000000e+04
2.837900000000000000e+04
2.838000000000000000e+04
2.838100000000000000e+04
2.838200000000000000e+04
2.838300000000000000e+04
2.838400000000000000e+04
2.838500000000000000e+04
2.838600000000000000e+04
2.838700000000000000e+04
2.838800000000000000e+04
2.838900000000000000e+04
2.839000000000000000e+04
2.839100000000000000e+04
2.839200000000000000e+04
2.839300000000000000e+04
2.839400000000000000e+04
2.839500000000000000e+04
2.839600000000000000e+04
2.839700000000000000e+04
2.839800000000000000e+04
2.839900000000000000e+04
2.840000000000000000e+04
2.840100000000000000e+04
2.840200000000000000e+04
2.840300000000000000e+04
2.840400000000000000e+04
2.840500000000000000e+04
2.840600000000000000e+04
2.840700000000000000e+04
2.840800000000000000e+04
2.840900000000000000e+04
2.841000000000000000e+04
2.841100000000000000e+04
2.841200000000000000e+04
2.841300000000000000e+04
2.841400000000000000e+04
2.841500000000000000e+04
2.841600000000000000e+04
2.841700000000000000e+04
2.841800000000000000e+04
2.841900000000000000e+04
2.842000000000000000e+04
2.842100000000000000e+04
2.842200000000000000e+04
2.842300000000000000e+04
2.842400000000000000e+04
2.842500000000000000e+04
2.842600000000000000e+04
2.842700000000000000e+04
2.842800000000000000e+04
2.842900000000000000e+04
2.843000000000000000e+04
2.843100000000000000e+04
2.843200000000000000e+04
2.843300000000000000e+04
2.843400000000000000e+04
2.843500000000000000e+04
2.843600000000000000e+04
2.843700000000000000e+04
2.843800000000000000e+04
2.843900000000000000e+04
2.844000000000000000e+04
2.844100000000000000e+04
2.844200000000000000e+04
2.844300000000000000e+04
2.844400000000000000e+04
2.844500000000000000e+04
2.844600000000000000e+04
2.844700000000000000e+04
2.844800000000000000e+04
2.844900000000000000e+04
2.845000000000000000e+04
2.845100000000000000e+04
2.845200000000000000e+04
2.845300000000000000e+04
2.845400000000000000e+04
2.845500000000000000e+04
2.845600000000000000e+04
2.845700000000000000e+04
2.845800000000000000e+04
2.845900000000000000e+04
2.846000000000000000e+04
2.846100000000000000e+04
2.846200000000000000e+04
2.846300000000000000e+04
2.846400000000000000e+04
2.846500000000000000e+04
2.846600000000000000e+04
2.846700000000000000e+04
2.846800000000000000e+04
2.846900000000000000e+04
2.847000000000000000e+04
2.847100000000000000e+04
2.847200000000000000e+04
2.847300000000000000e+04
2.847400000000000000e+04
2.847500000000000000e+04
2.847600000000000000e+04
2.847700000000000000e+04
2.847800000000000000e+04
2.847900000000000000e+04
2.848000000000000000e+04
2.848100000000000000e+04
2.848200000000000000e+04
2.848300000000000000e+04
2.848400000000000000e+04
2.848500000000000000e+04
2.848600000000000000e+04
2.848700000000000000e+04
2.848800000000000000e+04
2.848900000000000000e+04
2.849000000000000000e+04
2.849100000000000000e+04
2.849200000000000000e+04
2.849300000000000000e+04
2.849400000000000000e+04
2.849500000000000000e+04
2.849600000000000000e+04
2.849700000000000000e+04
2.849800000000000000e+04
2.849900000000000000e+04
2.850000000000000000e+04
2.850100000000000000e+04
2.850200000000000000e+04
2.850300000000000000e+04
2.850400000000000000e+04
2.850500000000000000e+04
2.850600000000000000e+04
2.850700000000000000e+04
2.850800000000000000e+04
2.850900000000000000e+04
2.851000000000000000e+04
2.851100000000000000e+04
2.851200000000000000e+04
2.851300000000000000e+04
2.851400000000000000e+04
2.851500000000000000e+04
2.851600000000000000e+04
2.851700000000000000e+04
2.851800000000000000e+04
2.851900000000000000e+04
2.852000000000000000e+04
2.852100000000000000e+04
2.852200000000000000e+04
2.852300000000000000e+04
2.852400000000000000e+04
2.852500000000000000e+04
2.852600000000000000e+04
2.852700000000000000e+04
2.852800000000000000e+04
2.852900000000000000e+04
2.853000000000000000e+04
2.853100000000000000e+04
2.853200000000000000e+04
2.853300000000000000e+04
2.853400000000000000e+04
2.853500000000000000e+04
2.853600000000000000e+04
2.853700000000000000e+04
2.853800000000000000e+04
2.853900000000000000e+04
2.854000000000000000e+04
2.854100000000000000e+04
2.854200000000000000e+04
2.854300000000000000e+04
2.854400000000000000e+04
2.854500000000000000e+04
2.854600000000000000e+04
2.854700000000000000e+04
2.854800000000000000e+04
2.854900000000000000e+04
2.855000000000000000e+04
2.855100000000000000e+04
2.855200000000000000e+04
2.855300000000000000e+04
2.855400000000000000e+04
2.855500000000000000e+04
2.855600000000000000e+04
2.855700000000000000e+04
2.855800000000000000e+04
2.855900000000000000e+04
2.856000000000000000e+04
2.856100000000000000e+04
2.856200000000000000e+04
2.856300000000000000e+04
2.856400000000000000e+04
2.856500000000000000e+04
2.856600000000000000e+04
2.856700000000000000e+04
2.856800000000000000e+04
2.856900000000000000e+04
2.857000000000000000e+04
2.857100000000000000e+04
2.857200000000000000e+04
2.857300000000000000e+04
2.857400000000000000e+04
2.857500000000000000e+04
2.857600000000000000e+04
2.857700000000000000e+04
2.857800000000000000e+04
2.857900000000000000e+04
2.858000000000000000e+04
2.858100000000000000e+04
2.858200000000000000e+04
2.858300000000000000e+04
2.858400000000000000e+04
2.858500000000000000e+04
2.858600000000000000e+04
2.858700000000000000e+04
2.858800000000000000e+04
2.858900000000000000e+04
2.859000000000000000e+04
2.859100000000000000e+04
2.859200000000000000e+04
2.859300000000000000e+04
2.859400000000000000e+04
2.859500000000000000e+04
2.859600000000000000e+04
2.859700000000000000e+04
2.859800000000000000e+04
2.859900000000000000e+04
2.860000000000000000e+04
2.860100000000000000e+04
2.860200000000000000e+04
2.860300000000000000e+04
2.860400000000000000e+04
2.860500000000000000e+04
2.860600000000000000e+04
2.860700000000000000e+04
2.860800000000000000e+04
2.860900000000000000e+04
2.861000000000000000e+04
2.861100000000000000e+04
2.861200000000000000e+04
2.861300000000000000e+04
2.861400000000000000e+04
2.861500000000000000e+04
2.861600000000000000e+04
2.861700000000000000e+04
2.861800000000000000e+04
2.861900000000000000e+04
2.862000000000000000e+04
2.862100000000000000e+04
2.862200000000000000e+04
2.862300000000000000e+04
2.862400000000000000e+04
2.862500000000000000e+04
2.862600000000000000e+04
2.862700000000000000e+04
2.862800000000000000e+04
2.862900000000000000e+04
2.863000000000000000e+04
2.863100000000000000e+04
2.863200000000000000e+04
2.863300000000000000e+04
2.863400000000000000e+04
2.863500000000000000e+04
2.863600000000000000e+04
2.863700000000000000e+04
2.863800000000000000e+04
2.863900000000000000e+04
