4.638000000000000000e+03
6.277000000000000000e+03
6.278000000000000000e+03
6.279000000000000000e+03
6.280000000000000000e+03
6.281000000000000000e+03
6.282000000000000000e+03
6.283000000000000000e+03
6.284000000000000000e+03
6.285000000000000000e+03
6.286000000000000000e+03
6.287000000000000000e+03
6.288000000000000000e+03
6.289000000000000000e+03
6.290000000000000000e+03
6.291000000000000000e+03
6.293000000000000000e+03
6.295000000000000000e+03
6.304000000000000000e+03
6.307000000000000000e+03
6.977000000000000000e+03
6.981000000000000000e+03
7.258000000000000000e+03
7.387000000000000000e+03
7.766000000000000000e+03
8.788000000000000000e+03
8.792000000000000000e+03
8.810000000000000000e+03
