5.968000000000000000e+03
5.969000000000000000e+03
5.970000000000000000e+03
6.131000000000000000e+03
6.133000000000000000e+03
6.134000000000000000e+03
6.292000000000000000e+03
6.293000000000000000e+03
1.027800000000000000e+04
1.094100000000000000e+04
1.094200000000000000e+04
1.094300000000000000e+04
1.094400000000000000e+04
1.159100000000000000e+04
1.159300000000000000e+04
1.159400000000000000e+04
1.159500000000000000e+04
1.159600000000000000e+04
1.159700000000000000e+04
1.159800000000000000e+04
1.159900000000000000e+04
1.160000000000000000e+04
1.160100000000000000e+04
1.160200000000000000e+04
1.206800000000000000e+04
1.208000000000000000e+04
1.208200000000000000e+04
1.208300000000000000e+04
1.208400000000000000e+04
1.208500000000000000e+04
1.208600000000000000e+04
1.208700000000000000e+04
1.208800000000000000e+04
1.208900000000000000e+04
1.209000000000000000e+04
1.209100000000000000e+04
1.209200000000000000e+04
1.209400000000000000e+04
1.209500000000000000e+04
1.209600000000000000e+04
1.209700000000000000e+04
1.209800000000000000e+04
1.209900000000000000e+04
1.210000000000000000e+04
1.210100000000000000e+04
1.210200000000000000e+04
1.210300000000000000e+04
1.210400000000000000e+04
1.210500000000000000e+04
1.210600000000000000e+04
1.210700000000000000e+04
1.210800000000000000e+04
1.210900000000000000e+04
1.211000000000000000e+04
1.211100000000000000e+04
1.211200000000000000e+04
1.211300000000000000e+04
1.211400000000000000e+04
1.211500000000000000e+04
1.211600000000000000e+04
1.211700000000000000e+04
1.211800000000000000e+04
1.211900000000000000e+04
1.212000000000000000e+04
1.212100000000000000e+04
1.212200000000000000e+04
1.212300000000000000e+04
1.212400000000000000e+04
1.212500000000000000e+04
1.212600000000000000e+04
1.212700000000000000e+04
1.212800000000000000e+04
1.212900000000000000e+04
1.213000000000000000e+04
1.213100000000000000e+04
1.213200000000000000e+04
1.213300000000000000e+04
1.213400000000000000e+04
1.213500000000000000e+04
1.213600000000000000e+04
1.213800000000000000e+04
1.224900000000000000e+04
1.225100000000000000e+04
1.290400000000000000e+04
1.290500000000000000e+04
1.290600000000000000e+04
1.388300000000000000e+04
1.388600000000000000e+04
1.388700000000000000e+04
1.388800000000000000e+04
1.388900000000000000e+04
1.392000000000000000e+04
1.392200000000000000e+04
1.392300000000000000e+04
1.392400000000000000e+04
1.392600000000000000e+04
1.392700000000000000e+04
1.392800000000000000e+04
1.392900000000000000e+04
1.393000000000000000e+04
1.393100000000000000e+04
1.393200000000000000e+04
1.393500000000000000e+04
1.393600000000000000e+04
1.405200000000000000e+04
1.405300000000000000e+04
1.437400000000000000e+04
1.437900000000000000e+04
1.438000000000000000e+04
1.438100000000000000e+04
1.438200000000000000e+04
1.438300000000000000e+04
1.438400000000000000e+04
1.669100000000000000e+04
1.669200000000000000e+04
1.669300000000000000e+04
1.669400000000000000e+04
1.669500000000000000e+04
1.669600000000000000e+04
1.669700000000000000e+04
1.669800000000000000e+04
1.670100000000000000e+04
1.670200000000000000e+04
1.736600000000000000e+04
1.736700000000000000e+04
1.736800000000000000e+04
1.920300000000000000e+04
1.920700000000000000e+04
1.921100000000000000e+04
1.923900000000000000e+04
1.924300000000000000e+04
1.924700000000000000e+04
1.925100000000000000e+04
1.925500000000000000e+04
1.925900000000000000e+04
1.926300000000000000e+04
1.926700000000000000e+04
1.927100000000000000e+04
1.927500000000000000e+04
1.927900000000000000e+04
1.928300000000000000e+04
1.987500000000000000e+04
2.054000000000000000e+04
2.121100000000000000e+04
2.170500000000000000e+04
2.170600000000000000e+04
2.174100000000000000e+04
2.174500000000000000e+04
2.174600000000000000e+04
2.174900000000000000e+04
2.175000000000000000e+04
2.175300000000000000e+04
2.177700000000000000e+04
2.280300000000000000e+04
2.280700000000000000e+04
2.280900000000000000e+04
2.281000000000000000e+04
2.281100000000000000e+04
2.281300000000000000e+04
2.281400000000000000e+04
2.281500000000000000e+04
2.281700000000000000e+04
2.281800000000000000e+04
2.281900000000000000e+04
2.282000000000000000e+04
2.282100000000000000e+04
2.282200000000000000e+04
2.282300000000000000e+04
2.282400000000000000e+04
2.282500000000000000e+04
2.282600000000000000e+04
2.282700000000000000e+04
2.282800000000000000e+04
2.282900000000000000e+04
2.283000000000000000e+04
2.283100000000000000e+04
2.283200000000000000e+04
2.283300000000000000e+04
2.283400000000000000e+04
2.283500000000000000e+04
2.283600000000000000e+04
2.283700000000000000e+04
2.283800000000000000e+04
2.283900000000000000e+04
2.284000000000000000e+04
2.284100000000000000e+04
2.284200000000000000e+04
2.284300000000000000e+04
2.284400000000000000e+04
2.284500000000000000e+04
2.284600000000000000e+04
2.284700000000000000e+04
2.284800000000000000e+04
2.284900000000000000e+04
2.285000000000000000e+04
2.285100000000000000e+04
2.285200000000000000e+04
2.285300000000000000e+04
2.285400000000000000e+04
2.285500000000000000e+04
2.285600000000000000e+04
2.285700000000000000e+04
2.285800000000000000e+04
2.285900000000000000e+04
2.286000000000000000e+04
2.286100000000000000e+04
2.286200000000000000e+04
2.286300000000000000e+04
2.286400000000000000e+04
2.286500000000000000e+04
2.286600000000000000e+04
2.286700000000000000e+04
2.286800000000000000e+04
2.286900000000000000e+04
2.287000000000000000e+04
2.287100000000000000e+04
2.287200000000000000e+04
2.287300000000000000e+04
2.287400000000000000e+04
2.287500000000000000e+04
2.287600000000000000e+04
2.287700000000000000e+04
2.287800000000000000e+04
2.287900000000000000e+04
2.288000000000000000e+04
2.288100000000000000e+04
2.288200000000000000e+04
2.288300000000000000e+04
2.288400000000000000e+04
2.288500000000000000e+04
2.288600000000000000e+04
2.288700000000000000e+04
2.288800000000000000e+04
2.288900000000000000e+04
2.289000000000000000e+04
2.289100000000000000e+04
2.289200000000000000e+04
2.289300000000000000e+04
2.289400000000000000e+04
2.289500000000000000e+04
2.289600000000000000e+04
2.289700000000000000e+04
2.289800000000000000e+04
2.289900000000000000e+04
2.290000000000000000e+04
2.290100000000000000e+04
2.290200000000000000e+04
2.290300000000000000e+04
2.290400000000000000e+04
2.290500000000000000e+04
2.290600000000000000e+04
2.290700000000000000e+04
2.290800000000000000e+04
2.290900000000000000e+04
2.291000000000000000e+04
2.291100000000000000e+04
2.291200000000000000e+04
2.291300000000000000e+04
2.291400000000000000e+04
2.291500000000000000e+04
2.291600000000000000e+04
2.291700000000000000e+04
2.291800000000000000e+04
2.291900000000000000e+04
2.292000000000000000e+04
2.292100000000000000e+04
2.292200000000000000e+04
2.292300000000000000e+04
2.292400000000000000e+04
2.292500000000000000e+04
2.292600000000000000e+04
2.292700000000000000e+04
2.292800000000000000e+04
2.292900000000000000e+04
2.293000000000000000e+04
2.293100000000000000e+04
2.293200000000000000e+04
2.293300000000000000e+04
2.293400000000000000e+04
2.293500000000000000e+04
2.293600000000000000e+04
2.293700000000000000e+04
2.293800000000000000e+04
2.293900000000000000e+04
2.294000000000000000e+04
2.294100000000000000e+04
2.294200000000000000e+04
2.294300000000000000e+04
2.294600000000000000e+04
2.294700000000000000e+04
2.295000000000000000e+04
2.295400000000000000e+04
2.614100000000000000e+04
2.614400000000000000e+04
2.614500000000000000e+04
2.614600000000000000e+04
