2.744400000000000000e+04
2.744600000000000000e+04
2.744800000000000000e+04
2.745000000000000000e+04
2.745200000000000000e+04
2.745400000000000000e+04
2.745600000000000000e+04
3.568400000000000000e+04
3.568500000000000000e+04
3.568700000000000000e+04
3.568800000000000000e+04
3.568900000000000000e+04
3.569000000000000000e+04
3.569100000000000000e+04
3.569200000000000000e+04
3.569300000000000000e+04
3.569400000000000000e+04
3.569500000000000000e+04
3.569600000000000000e+04
3.569700000000000000e+04
3.569800000000000000e+04
3.569900000000000000e+04
3.570000000000000000e+04
3.570100000000000000e+04
3.570200000000000000e+04
3.570300000000000000e+04
3.570400000000000000e+04
3.570500000000000000e+04
3.570600000000000000e+04
3.570700000000000000e+04
3.570800000000000000e+04
3.570900000000000000e+04
3.571000000000000000e+04
3.571100000000000000e+04
3.571200000000000000e+04
3.571300000000000000e+04
3.571400000000000000e+04
3.571500000000000000e+04
3.571600000000000000e+04
3.571700000000000000e+04
3.571800000000000000e+04
3.571900000000000000e+04
3.572000000000000000e+04
3.572100000000000000e+04
3.572200000000000000e+04
3.572300000000000000e+04
3.572400000000000000e+04
3.572500000000000000e+04
3.572600000000000000e+04
3.572700000000000000e+04
3.572800000000000000e+04
3.572900000000000000e+04
3.573000000000000000e+04
3.573100000000000000e+04
3.573200000000000000e+04
3.573300000000000000e+04
3.573400000000000000e+04
3.573500000000000000e+04
3.573600000000000000e+04
3.573700000000000000e+04
3.573800000000000000e+04
3.573900000000000000e+04
3.574000000000000000e+04
3.574100000000000000e+04
3.574200000000000000e+04
3.574300000000000000e+04
3.574500000000000000e+04
3.574700000000000000e+04
3.574800000000000000e+04
3.574900000000000000e+04
3.575000000000000000e+04
3.575100000000000000e+04
3.575300000000000000e+04
3.575400000000000000e+04
3.575500000000000000e+04
3.575600000000000000e+04
3.575700000000000000e+04
3.575800000000000000e+04
3.575900000000000000e+04
3.576000000000000000e+04
3.576100000000000000e+04
3.576200000000000000e+04
3.576300000000000000e+04
3.576400000000000000e+04
3.576500000000000000e+04
3.576600000000000000e+04
3.576700000000000000e+04
3.576800000000000000e+04
3.576900000000000000e+04
3.577100000000000000e+04
3.577200000000000000e+04
3.577300000000000000e+04
3.577400000000000000e+04
3.577500000000000000e+04
3.577600000000000000e+04
3.577700000000000000e+04
3.577900000000000000e+04
3.578100000000000000e+04
3.578500000000000000e+04
3.756500000000000000e+04
3.756700000000000000e+04
3.756900000000000000e+04
4.767600000000000000e+04
4.767800000000000000e+04
4.768000000000000000e+04
4.768100000000000000e+04
4.768200000000000000e+04
4.768300000000000000e+04
4.768400000000000000e+04
4.768500000000000000e+04
4.768600000000000000e+04
4.768700000000000000e+04
4.768800000000000000e+04
4.768900000000000000e+04
4.769000000000000000e+04
4.769100000000000000e+04
4.769200000000000000e+04
4.769300000000000000e+04
4.769400000000000000e+04
4.769500000000000000e+04
4.769600000000000000e+04
4.769700000000000000e+04
4.769800000000000000e+04
4.769900000000000000e+04
4.770000000000000000e+04
4.770100000000000000e+04
4.770200000000000000e+04
4.770300000000000000e+04
4.770400000000000000e+04
4.770500000000000000e+04
4.770600000000000000e+04
4.770700000000000000e+04
4.770800000000000000e+04
4.770900000000000000e+04
4.771000000000000000e+04
4.771100000000000000e+04
4.771200000000000000e+04
4.771300000000000000e+04
4.771400000000000000e+04
4.771500000000000000e+04
4.771600000000000000e+04
4.771700000000000000e+04
4.771800000000000000e+04
4.771900000000000000e+04
4.772000000000000000e+04
4.772100000000000000e+04
4.772200000000000000e+04
4.772300000000000000e+04
4.772400000000000000e+04
4.772500000000000000e+04
4.772600000000000000e+04
4.773200000000000000e+04
4.773300000000000000e+04
4.773400000000000000e+04
4.773500000000000000e+04
4.773600000000000000e+04
4.773700000000000000e+04
4.773800000000000000e+04
4.773900000000000000e+04
4.774000000000000000e+04
4.774100000000000000e+04
4.774200000000000000e+04
4.774300000000000000e+04
4.774400000000000000e+04
4.774500000000000000e+04
4.774600000000000000e+04
4.774700000000000000e+04
4.774800000000000000e+04
4.774900000000000000e+04
4.775000000000000000e+04
4.775100000000000000e+04
4.775200000000000000e+04
4.775300000000000000e+04
4.775400000000000000e+04
4.775500000000000000e+04
4.775600000000000000e+04
4.775700000000000000e+04
4.775800000000000000e+04
4.775900000000000000e+04
4.776000000000000000e+04
4.776100000000000000e+04
4.877100000000000000e+04
4.877200000000000000e+04
4.877300000000000000e+04
4.877400000000000000e+04
4.877500000000000000e+04
4.877600000000000000e+04
4.877700000000000000e+04
4.877800000000000000e+04
4.877900000000000000e+04
4.878000000000000000e+04
4.878100000000000000e+04
4.878200000000000000e+04
4.878300000000000000e+04
4.878400000000000000e+04
4.878500000000000000e+04
4.878600000000000000e+04
4.878700000000000000e+04
4.878800000000000000e+04
4.878900000000000000e+04
4.879000000000000000e+04
4.879100000000000000e+04
4.879200000000000000e+04
4.879300000000000000e+04
4.879400000000000000e+04
4.879500000000000000e+04
4.879600000000000000e+04
4.879700000000000000e+04
4.879800000000000000e+04
4.879900000000000000e+04
4.880000000000000000e+04
4.880100000000000000e+04
4.880200000000000000e+04
4.880300000000000000e+04
4.880400000000000000e+04
4.880500000000000000e+04
4.880600000000000000e+04
4.880700000000000000e+04
4.880800000000000000e+04
4.880900000000000000e+04
4.881000000000000000e+04
4.881100000000000000e+04
4.881200000000000000e+04
4.881300000000000000e+04
4.881400000000000000e+04
4.881500000000000000e+04
4.881600000000000000e+04
4.881700000000000000e+04
4.881800000000000000e+04
4.881900000000000000e+04
4.882000000000000000e+04
4.882100000000000000e+04
4.882200000000000000e+04
4.882300000000000000e+04
4.882400000000000000e+04
4.882500000000000000e+04
4.882600000000000000e+04
4.882700000000000000e+04
4.882800000000000000e+04
4.882900000000000000e+04
4.883000000000000000e+04
4.883100000000000000e+04
4.883200000000000000e+04
4.883300000000000000e+04
4.883400000000000000e+04
4.883500000000000000e+04
4.883600000000000000e+04
4.883700000000000000e+04
4.883800000000000000e+04
4.883900000000000000e+04
4.884000000000000000e+04
4.884100000000000000e+04
4.884200000000000000e+04
4.884300000000000000e+04
4.884400000000000000e+04
4.884500000000000000e+04
4.884700000000000000e+04
4.884800000000000000e+04
4.884900000000000000e+04
5.308200000000000000e+04
5.308400000000000000e+04
5.308500000000000000e+04
5.308600000000000000e+04
5.308700000000000000e+04
5.308800000000000000e+04
5.308900000000000000e+04
5.309000000000000000e+04
5.309200000000000000e+04
5.309400000000000000e+04
5.309500000000000000e+04
5.309600000000000000e+04
5.309700000000000000e+04
5.309800000000000000e+04
5.309900000000000000e+04
5.310000000000000000e+04
5.310100000000000000e+04
5.310200000000000000e+04
5.310300000000000000e+04
5.310400000000000000e+04
5.310500000000000000e+04
5.310600000000000000e+04
5.310700000000000000e+04
5.310800000000000000e+04
5.310900000000000000e+04
5.311000000000000000e+04
5.311100000000000000e+04
5.311200000000000000e+04
5.311300000000000000e+04
5.311400000000000000e+04
5.311500000000000000e+04
5.311600000000000000e+04
5.311700000000000000e+04
5.311800000000000000e+04
5.311900000000000000e+04
5.312000000000000000e+04
5.312100000000000000e+04
5.312200000000000000e+04
5.312300000000000000e+04
5.312400000000000000e+04
5.312500000000000000e+04
5.312600000000000000e+04
5.312700000000000000e+04
5.312800000000000000e+04
5.312900000000000000e+04
5.313000000000000000e+04
5.313100000000000000e+04
5.313200000000000000e+04
5.313300000000000000e+04
5.313400000000000000e+04
5.313500000000000000e+04
5.313600000000000000e+04
5.313700000000000000e+04
5.313800000000000000e+04
5.313900000000000000e+04
5.314000000000000000e+04
5.314200000000000000e+04
5.314400000000000000e+04
5.314800000000000000e+04
5.642600000000000000e+04
5.645200000000000000e+04
5.645300000000000000e+04
5.645400000000000000e+04
5.645600000000000000e+04
5.645700000000000000e+04
5.645800000000000000e+04
5.646000000000000000e+04
5.646100000000000000e+04
5.646200000000000000e+04
5.647300000000000000e+04
5.647700000000000000e+04
5.647800000000000000e+04
5.647900000000000000e+04
5.648100000000000000e+04
5.648200000000000000e+04
5.648300000000000000e+04
5.648400000000000000e+04
5.648500000000000000e+04
5.648600000000000000e+04
5.648700000000000000e+04
5.648800000000000000e+04
5.648900000000000000e+04
5.649000000000000000e+04
5.649100000000000000e+04
5.649200000000000000e+04
5.649300000000000000e+04
5.649400000000000000e+04
5.649500000000000000e+04
5.649600000000000000e+04
5.649700000000000000e+04
5.649800000000000000e+04
5.649900000000000000e+04
5.650000000000000000e+04
5.650100000000000000e+04
5.650200000000000000e+04
5.650300000000000000e+04
5.650400000000000000e+04
5.650500000000000000e+04
5.650600000000000000e+04
5.650700000000000000e+04
5.650800000000000000e+04
5.650900000000000000e+04
5.651000000000000000e+04
5.651200000000000000e+04
5.651400000000000000e+04
5.651600000000000000e+04
5.651800000000000000e+04
5.652200000000000000e+04
5.652600000000000000e+04
5.653000000000000000e+04
5.653400000000000000e+04
5.653800000000000000e+04
