3.000400000000000000e+04
5.217200000000000000e+04
5.217300000000000000e+04
5.217400000000000000e+04
5.217500000000000000e+04
5.217600000000000000e+04
5.217700000000000000e+04
5.217800000000000000e+04
5.217900000000000000e+04
5.218000000000000000e+04
5.218100000000000000e+04
5.218200000000000000e+04
5.218300000000000000e+04
5.218400000000000000e+04
5.218500000000000000e+04
5.218600000000000000e+04
5.218700000000000000e+04
5.218800000000000000e+04
5.218900000000000000e+04
5.219000000000000000e+04
5.219100000000000000e+04
5.219200000000000000e+04
5.219300000000000000e+04
5.219400000000000000e+04
5.219500000000000000e+04
5.219600000000000000e+04
5.219700000000000000e+04
5.219800000000000000e+04
5.219900000000000000e+04
5.220000000000000000e+04
5.220100000000000000e+04
5.220200000000000000e+04
5.220300000000000000e+04
5.220400000000000000e+04
5.220500000000000000e+04
5.220600000000000000e+04
5.220700000000000000e+04
5.220800000000000000e+04
5.220900000000000000e+04
5.221000000000000000e+04
5.221100000000000000e+04
5.221200000000000000e+04
5.221300000000000000e+04
5.221400000000000000e+04
5.221500000000000000e+04
5.221600000000000000e+04
5.221700000000000000e+04
5.221800000000000000e+04
5.221900000000000000e+04
5.222000000000000000e+04
5.222100000000000000e+04
5.222200000000000000e+04
5.222300000000000000e+04
5.222400000000000000e+04
5.222500000000000000e+04
5.222600000000000000e+04
5.222700000000000000e+04
5.222800000000000000e+04
5.222900000000000000e+04
5.223000000000000000e+04
5.223100000000000000e+04
5.223200000000000000e+04
5.223300000000000000e+04
5.223400000000000000e+04
5.223500000000000000e+04
5.223600000000000000e+04
5.223700000000000000e+04
5.223800000000000000e+04
5.223900000000000000e+04
5.224000000000000000e+04
5.224100000000000000e+04
5.224200000000000000e+04
5.224300000000000000e+04
5.224400000000000000e+04
5.224500000000000000e+04
5.224600000000000000e+04
5.224700000000000000e+04
5.224800000000000000e+04
5.224900000000000000e+04
5.225000000000000000e+04
5.225100000000000000e+04
5.225200000000000000e+04
5.225300000000000000e+04
5.225400000000000000e+04
5.225500000000000000e+04
5.225600000000000000e+04
5.225700000000000000e+04
5.225800000000000000e+04
5.225900000000000000e+04
5.226000000000000000e+04
5.226100000000000000e+04
5.226200000000000000e+04
5.226300000000000000e+04
5.226400000000000000e+04
5.226500000000000000e+04
5.226600000000000000e+04
5.226700000000000000e+04
5.226800000000000000e+04
5.226900000000000000e+04
5.227000000000000000e+04
5.227100000000000000e+04
5.227200000000000000e+04
5.227300000000000000e+04
5.227400000000000000e+04
5.227500000000000000e+04
5.227600000000000000e+04
5.227700000000000000e+04
5.227800000000000000e+04
5.227900000000000000e+04
5.228000000000000000e+04
5.228100000000000000e+04
5.228200000000000000e+04
5.228300000000000000e+04
5.228400000000000000e+04
5.228500000000000000e+04
5.228600000000000000e+04
5.228700000000000000e+04
5.228800000000000000e+04
5.228900000000000000e+04
5.229000000000000000e+04
5.229100000000000000e+04
5.229200000000000000e+04
5.229300000000000000e+04
5.229400000000000000e+04
5.229500000000000000e+04
5.229600000000000000e+04
5.229700000000000000e+04
5.229800000000000000e+04
5.229900000000000000e+04
5.230000000000000000e+04
5.230100000000000000e+04
5.230200000000000000e+04
5.230300000000000000e+04
5.230400000000000000e+04
5.230500000000000000e+04
5.230600000000000000e+04
5.230700000000000000e+04
5.230800000000000000e+04
5.230900000000000000e+04
5.231000000000000000e+04
5.231100000000000000e+04
5.231200000000000000e+04
5.231300000000000000e+04
5.231400000000000000e+04
5.231500000000000000e+04
5.231600000000000000e+04
5.231700000000000000e+04
5.231800000000000000e+04
5.231900000000000000e+04
5.232000000000000000e+04
5.232100000000000000e+04
5.232200000000000000e+04
5.232300000000000000e+04
5.232400000000000000e+04
5.232500000000000000e+04
5.232600000000000000e+04
5.232700000000000000e+04
5.232800000000000000e+04
5.232900000000000000e+04
5.233000000000000000e+04
5.233100000000000000e+04
5.233200000000000000e+04
5.233300000000000000e+04
5.233400000000000000e+04
5.233500000000000000e+04
5.233600000000000000e+04
5.233700000000000000e+04
5.233800000000000000e+04
5.233900000000000000e+04
5.234000000000000000e+04
5.234100000000000000e+04
5.234200000000000000e+04
5.234300000000000000e+04
5.234400000000000000e+04
5.234500000000000000e+04
5.234600000000000000e+04
5.234700000000000000e+04
5.234800000000000000e+04
5.234900000000000000e+04
5.235000000000000000e+04
5.235100000000000000e+04
5.235200000000000000e+04
5.235300000000000000e+04
5.235400000000000000e+04
5.235500000000000000e+04
5.235600000000000000e+04
5.235700000000000000e+04
5.235800000000000000e+04
5.235900000000000000e+04
5.236000000000000000e+04
5.236100000000000000e+04
5.236200000000000000e+04
5.236300000000000000e+04
5.236400000000000000e+04
5.236500000000000000e+04
5.236600000000000000e+04
5.236700000000000000e+04
5.236800000000000000e+04
5.236900000000000000e+04
5.237000000000000000e+04
5.237100000000000000e+04
5.237200000000000000e+04
5.237300000000000000e+04
5.237400000000000000e+04
5.237500000000000000e+04
5.237600000000000000e+04
5.237700000000000000e+04
5.237800000000000000e+04
5.237900000000000000e+04
5.238000000000000000e+04
5.238100000000000000e+04
5.238200000000000000e+04
5.238300000000000000e+04
5.238400000000000000e+04
5.238500000000000000e+04
5.238600000000000000e+04
5.238700000000000000e+04
5.238800000000000000e+04
5.238900000000000000e+04
5.239000000000000000e+04
5.239100000000000000e+04
5.239200000000000000e+04
5.239300000000000000e+04
5.239400000000000000e+04
5.239500000000000000e+04
5.239600000000000000e+04
5.239700000000000000e+04
5.239800000000000000e+04
5.239900000000000000e+04
5.240000000000000000e+04
5.240100000000000000e+04
5.240200000000000000e+04
5.240300000000000000e+04
5.240400000000000000e+04
5.240500000000000000e+04
5.240600000000000000e+04
5.240700000000000000e+04
5.240800000000000000e+04
5.240900000000000000e+04
5.241000000000000000e+04
5.241100000000000000e+04
5.241200000000000000e+04
5.241300000000000000e+04
5.241400000000000000e+04
5.241500000000000000e+04
5.241600000000000000e+04
5.241700000000000000e+04
5.241800000000000000e+04
5.241900000000000000e+04
5.242000000000000000e+04
5.242100000000000000e+04
5.242200000000000000e+04
5.242300000000000000e+04
5.242400000000000000e+04
5.242500000000000000e+04
5.242600000000000000e+04
5.242700000000000000e+04
5.242800000000000000e+04
5.242900000000000000e+04
5.243000000000000000e+04
5.243100000000000000e+04
5.243200000000000000e+04
5.243300000000000000e+04
5.243400000000000000e+04
5.243500000000000000e+04
5.243600000000000000e+04
5.243700000000000000e+04
5.243800000000000000e+04
5.243900000000000000e+04
5.244000000000000000e+04
5.244100000000000000e+04
5.244200000000000000e+04
5.244300000000000000e+04
5.244400000000000000e+04
5.244500000000000000e+04
5.244600000000000000e+04
5.244700000000000000e+04
5.244800000000000000e+04
5.244900000000000000e+04
5.245000000000000000e+04
5.245100000000000000e+04
5.245200000000000000e+04
5.245300000000000000e+04
5.245400000000000000e+04
5.245500000000000000e+04
5.245600000000000000e+04
5.245700000000000000e+04
5.245800000000000000e+04
5.245900000000000000e+04
5.246000000000000000e+04
5.246100000000000000e+04
5.246200000000000000e+04
5.312300000000000000e+04
5.312400000000000000e+04
5.312500000000000000e+04
5.312600000000000000e+04
5.312700000000000000e+04
5.312800000000000000e+04
5.312900000000000000e+04
5.313000000000000000e+04
5.313100000000000000e+04
5.313200000000000000e+04
5.313300000000000000e+04
5.313400000000000000e+04
5.313500000000000000e+04
5.313600000000000000e+04
5.313700000000000000e+04
5.313800000000000000e+04
5.313900000000000000e+04
5.314000000000000000e+04
5.314100000000000000e+04
5.314200000000000000e+04
5.314300000000000000e+04
5.314400000000000000e+04
5.314500000000000000e+04
5.332900000000000000e+04
5.333000000000000000e+04
5.333100000000000000e+04
5.333200000000000000e+04
5.333300000000000000e+04
5.333400000000000000e+04
5.333500000000000000e+04
5.333600000000000000e+04
5.333700000000000000e+04
5.333800000000000000e+04
5.333900000000000000e+04
5.334000000000000000e+04
5.334100000000000000e+04
5.334200000000000000e+04
5.334300000000000000e+04
5.334400000000000000e+04
5.334500000000000000e+04
5.334600000000000000e+04
5.334700000000000000e+04
