5.044000000000000000e+03
5.045000000000000000e+03
5.072000000000000000e+03
7.396000000000000000e+03
1.644900000000000000e+04
1.645000000000000000e+04
1.715400000000000000e+04
1.715500000000000000e+04
1.715600000000000000e+04
1.715700000000000000e+04
1.715800000000000000e+04
1.715900000000000000e+04
1.716000000000000000e+04
1.716100000000000000e+04
1.716200000000000000e+04
1.716300000000000000e+04
1.716400000000000000e+04
1.716500000000000000e+04
1.716600000000000000e+04
1.716700000000000000e+04
1.716800000000000000e+04
1.716900000000000000e+04
1.717000000000000000e+04
1.717100000000000000e+04
1.717200000000000000e+04
1.717300000000000000e+04
1.717400000000000000e+04
1.717500000000000000e+04
1.717600000000000000e+04
1.717700000000000000e+04
1.717800000000000000e+04
1.717900000000000000e+04
1.718000000000000000e+04
1.718100000000000000e+04
1.718200000000000000e+04
1.718300000000000000e+04
1.718400000000000000e+04
1.718500000000000000e+04
1.718600000000000000e+04
1.718700000000000000e+04
1.718800000000000000e+04
1.718900000000000000e+04
1.719000000000000000e+04
1.719100000000000000e+04
1.719200000000000000e+04
1.719300000000000000e+04
1.719400000000000000e+04
1.719500000000000000e+04
1.719600000000000000e+04
1.719700000000000000e+04
1.719800000000000000e+04
1.719900000000000000e+04
1.720000000000000000e+04
1.720100000000000000e+04
1.720200000000000000e+04
1.720300000000000000e+04
1.720400000000000000e+04
1.720500000000000000e+04
1.720600000000000000e+04
1.720700000000000000e+04
1.720800000000000000e+04
1.720900000000000000e+04
1.721000000000000000e+04
1.721100000000000000e+04
1.850900000000000000e+04
1.851100000000000000e+04
1.851200000000000000e+04
1.851300000000000000e+04
2.017600000000000000e+04
2.023600000000000000e+04
2.056600000000000000e+04
2.056700000000000000e+04
2.056800000000000000e+04
2.056900000000000000e+04
2.057000000000000000e+04
2.057100000000000000e+04
2.072600000000000000e+04
2.085500000000000000e+04
2.143100000000000000e+04
2.146100000000000000e+04
2.146200000000000000e+04
2.146300000000000000e+04
2.146500000000000000e+04
2.371400000000000000e+04
2.438400000000000000e+04
2.438800000000000000e+04
2.439200000000000000e+04
2.439500000000000000e+04
2.439600000000000000e+04
