5.072000000000000000e+03
1.632300000000000000e+04
1.632400000000000000e+04
1.632500000000000000e+04
1.632600000000000000e+04
1.632700000000000000e+04
1.632800000000000000e+04
1.632900000000000000e+04
1.633000000000000000e+04
1.633100000000000000e+04
1.633200000000000000e+04
1.633300000000000000e+04
1.633400000000000000e+04
1.633500000000000000e+04
1.633600000000000000e+04
1.633700000000000000e+04
1.633800000000000000e+04
1.633900000000000000e+04
1.634000000000000000e+04
1.634100000000000000e+04
1.634200000000000000e+04
1.634300000000000000e+04
1.634400000000000000e+04
1.634500000000000000e+04
1.634600000000000000e+04
1.634700000000000000e+04
1.634800000000000000e+04
1.634900000000000000e+04
1.635000000000000000e+04
1.635100000000000000e+04
1.635200000000000000e+04
1.635300000000000000e+04
1.635400000000000000e+04
1.635500000000000000e+04
1.635600000000000000e+04
1.635700000000000000e+04
1.635800000000000000e+04
1.635900000000000000e+04
1.636000000000000000e+04
1.636100000000000000e+04
1.636200000000000000e+04
1.636300000000000000e+04
1.636400000000000000e+04
1.636500000000000000e+04
1.636600000000000000e+04
1.636700000000000000e+04
1.636800000000000000e+04
1.636900000000000000e+04
1.637000000000000000e+04
1.637100000000000000e+04
1.637200000000000000e+04
1.637300000000000000e+04
1.637400000000000000e+04
1.637500000000000000e+04
1.637600000000000000e+04
1.637700000000000000e+04
1.637800000000000000e+04
1.637900000000000000e+04
1.638000000000000000e+04
1.638100000000000000e+04
1.846000000000000000e+04
1.846200000000000000e+04
2.051700000000000000e+04
2.119100000000000000e+04
2.141000000000000000e+04
2.141100000000000000e+04
2.141200000000000000e+04
2.141300000000000000e+04
2.163200000000000000e+04
