4.743000000000000000e+04
4.743300000000000000e+04
4.743400000000000000e+04
4.743800000000000000e+04
5.023800000000000000e+04
5.023900000000000000e+04
5.024000000000000000e+04
5.024100000000000000e+04
5.024200000000000000e+04
5.024300000000000000e+04
5.024400000000000000e+04
5.024500000000000000e+04
5.024600000000000000e+04
5.024700000000000000e+04
5.024800000000000000e+04
5.025000000000000000e+04
5.025100000000000000e+04
5.025200000000000000e+04
5.025300000000000000e+04
5.025400000000000000e+04
5.025500000000000000e+04
5.025600000000000000e+04
5.025700000000000000e+04
5.025800000000000000e+04
5.025900000000000000e+04
5.026000000000000000e+04
5.026100000000000000e+04
5.026200000000000000e+04
5.026300000000000000e+04
5.026400000000000000e+04
5.026500000000000000e+04
5.026600000000000000e+04
5.026700000000000000e+04
5.026800000000000000e+04
5.055700000000000000e+04
5.055800000000000000e+04
5.055900000000000000e+04
5.056000000000000000e+04
5.056100000000000000e+04
5.056200000000000000e+04
5.056300000000000000e+04
5.056400000000000000e+04
5.056500000000000000e+04
5.056600000000000000e+04
5.056700000000000000e+04
5.056800000000000000e+04
5.056900000000000000e+04
5.057000000000000000e+04
5.057100000000000000e+04
5.057200000000000000e+04
5.057300000000000000e+04
5.057400000000000000e+04
5.057500000000000000e+04
5.057600000000000000e+04
5.057700000000000000e+04
5.057800000000000000e+04
5.057900000000000000e+04
5.058000000000000000e+04
5.058100000000000000e+04
5.058200000000000000e+04
5.058300000000000000e+04
5.058400000000000000e+04
5.058500000000000000e+04
5.058600000000000000e+04
5.058700000000000000e+04
5.058800000000000000e+04
5.058900000000000000e+04
5.059000000000000000e+04
5.059100000000000000e+04
5.059200000000000000e+04
5.059300000000000000e+04
5.059400000000000000e+04
5.059500000000000000e+04
5.059600000000000000e+04
5.059700000000000000e+04
5.059800000000000000e+04
5.059900000000000000e+04
5.060000000000000000e+04
5.060100000000000000e+04
5.060200000000000000e+04
5.060300000000000000e+04
5.060400000000000000e+04
5.060500000000000000e+04
5.060600000000000000e+04
5.060700000000000000e+04
5.060800000000000000e+04
5.060900000000000000e+04
5.061000000000000000e+04
5.061100000000000000e+04
5.061200000000000000e+04
5.061300000000000000e+04
5.061400000000000000e+04
5.061500000000000000e+04
5.061600000000000000e+04
5.061700000000000000e+04
5.061800000000000000e+04
5.061900000000000000e+04
5.062000000000000000e+04
5.062100000000000000e+04
5.062200000000000000e+04
5.062300000000000000e+04
5.062400000000000000e+04
5.062500000000000000e+04
5.062600000000000000e+04
5.062700000000000000e+04
5.062800000000000000e+04
5.062900000000000000e+04
5.063000000000000000e+04
5.063100000000000000e+04
5.063200000000000000e+04
5.063300000000000000e+04
5.063400000000000000e+04
5.063500000000000000e+04
5.063600000000000000e+04
5.063700000000000000e+04
5.063800000000000000e+04
5.063900000000000000e+04
5.064000000000000000e+04
5.064100000000000000e+04
5.064200000000000000e+04
5.064300000000000000e+04
5.064400000000000000e+04
5.064500000000000000e+04
5.064600000000000000e+04
5.064700000000000000e+04
5.064800000000000000e+04
5.064900000000000000e+04
5.065000000000000000e+04
5.065100000000000000e+04
5.065200000000000000e+04
5.065300000000000000e+04
5.065400000000000000e+04
5.065500000000000000e+04
5.065600000000000000e+04
5.065700000000000000e+04
5.065800000000000000e+04
5.065900000000000000e+04
5.066000000000000000e+04
5.066100000000000000e+04
5.066200000000000000e+04
5.066300000000000000e+04
5.066400000000000000e+04
5.066500000000000000e+04
5.066600000000000000e+04
5.066700000000000000e+04
6.276800000000000000e+04
6.277100000000000000e+04
6.277200000000000000e+04
6.277300000000000000e+04
6.277400000000000000e+04
6.277500000000000000e+04
6.277600000000000000e+04
6.277700000000000000e+04
6.277800000000000000e+04
6.277900000000000000e+04
6.278000000000000000e+04
6.278100000000000000e+04
6.278200000000000000e+04
6.278300000000000000e+04
6.278400000000000000e+04
6.278500000000000000e+04
6.278600000000000000e+04
6.278700000000000000e+04
6.278800000000000000e+04
6.278900000000000000e+04
6.279000000000000000e+04
6.279100000000000000e+04
6.279200000000000000e+04
6.279300000000000000e+04
6.279400000000000000e+04
6.279500000000000000e+04
6.279600000000000000e+04
6.279700000000000000e+04
6.279800000000000000e+04
6.279900000000000000e+04
6.280000000000000000e+04
6.280100000000000000e+04
6.280200000000000000e+04
6.280300000000000000e+04
6.280400000000000000e+04
6.280500000000000000e+04
6.280600000000000000e+04
6.280700000000000000e+04
6.280800000000000000e+04
6.280900000000000000e+04
6.281000000000000000e+04
6.281100000000000000e+04
6.281200000000000000e+04
6.281300000000000000e+04
6.281400000000000000e+04
6.281500000000000000e+04
6.281600000000000000e+04
6.281700000000000000e+04
6.281800000000000000e+04
6.281900000000000000e+04
6.282000000000000000e+04
6.282100000000000000e+04
6.282200000000000000e+04
6.282300000000000000e+04
6.282400000000000000e+04
6.282500000000000000e+04
6.282600000000000000e+04
6.282700000000000000e+04
6.282800000000000000e+04
6.282900000000000000e+04
6.283000000000000000e+04
6.283100000000000000e+04
6.283200000000000000e+04
6.283300000000000000e+04
6.283400000000000000e+04
6.283500000000000000e+04
6.283600000000000000e+04
6.283700000000000000e+04
6.283800000000000000e+04
6.283900000000000000e+04
6.284000000000000000e+04
6.284100000000000000e+04
6.284200000000000000e+04
6.284300000000000000e+04
6.284400000000000000e+04
6.284500000000000000e+04
6.284600000000000000e+04
6.284700000000000000e+04
6.284800000000000000e+04
6.284900000000000000e+04
6.285000000000000000e+04
6.285100000000000000e+04
6.285200000000000000e+04
6.285300000000000000e+04
6.285400000000000000e+04
6.285500000000000000e+04
6.285600000000000000e+04
6.285700000000000000e+04
6.285800000000000000e+04
6.285900000000000000e+04
6.286000000000000000e+04
6.286100000000000000e+04
6.286200000000000000e+04
6.286300000000000000e+04
6.286400000000000000e+04
6.286500000000000000e+04
6.286600000000000000e+04
6.286700000000000000e+04
6.286800000000000000e+04
6.286900000000000000e+04
6.287000000000000000e+04
6.287100000000000000e+04
6.287200000000000000e+04
6.287300000000000000e+04
6.287400000000000000e+04
6.287500000000000000e+04
6.287600000000000000e+04
6.287700000000000000e+04
6.287800000000000000e+04
6.287900000000000000e+04
6.288000000000000000e+04
6.288100000000000000e+04
6.288200000000000000e+04
8.168100000000000000e+04
8.168200000000000000e+04
8.168300000000000000e+04
8.168400000000000000e+04
8.168500000000000000e+04
8.168600000000000000e+04
8.168700000000000000e+04
8.168800000000000000e+04
8.168900000000000000e+04
8.169000000000000000e+04
8.169100000000000000e+04
8.169200000000000000e+04
8.169300000000000000e+04
8.169400000000000000e+04
8.169500000000000000e+04
8.169600000000000000e+04
8.169700000000000000e+04
8.169800000000000000e+04
8.169900000000000000e+04
8.170000000000000000e+04
8.170100000000000000e+04
8.170200000000000000e+04
8.170300000000000000e+04
8.170400000000000000e+04
8.170500000000000000e+04
8.170600000000000000e+04
8.170700000000000000e+04
8.170800000000000000e+04
8.170900000000000000e+04
8.171000000000000000e+04
8.171100000000000000e+04
8.171200000000000000e+04
8.171300000000000000e+04
8.171400000000000000e+04
8.171500000000000000e+04
8.171600000000000000e+04
8.171700000000000000e+04
8.171800000000000000e+04
8.171900000000000000e+04
8.172000000000000000e+04
8.172100000000000000e+04
8.172200000000000000e+04
8.172300000000000000e+04
8.172400000000000000e+04
8.186600000000000000e+04
8.186700000000000000e+04
8.186800000000000000e+04
8.186900000000000000e+04
8.187000000000000000e+04
8.187100000000000000e+04
8.187200000000000000e+04
8.187300000000000000e+04
8.187400000000000000e+04
8.187500000000000000e+04
8.187600000000000000e+04
8.187700000000000000e+04
8.187800000000000000e+04
8.187900000000000000e+04
8.188000000000000000e+04
8.188100000000000000e+04
8.188200000000000000e+04
8.188300000000000000e+04
8.188400000000000000e+04
8.188500000000000000e+04
8.188600000000000000e+04
8.188700000000000000e+04
8.188800000000000000e+04
8.188900000000000000e+04
8.189000000000000000e+04
8.189100000000000000e+04
8.189200000000000000e+04
8.189300000000000000e+04
8.189400000000000000e+04
8.189500000000000000e+04
8.189600000000000000e+04
8.189700000000000000e+04
8.189800000000000000e+04
