6.264000000000000000e+03
6.265000000000000000e+03
6.266000000000000000e+03
6.268000000000000000e+03
6.269000000000000000e+03
6.270000000000000000e+03
6.272000000000000000e+03
6.273000000000000000e+03
6.274000000000000000e+03
6.275000000000000000e+03
6.276000000000000000e+03
6.277000000000000000e+03
6.278000000000000000e+03
6.279000000000000000e+03
6.280000000000000000e+03
6.281000000000000000e+03
6.282000000000000000e+03
6.283000000000000000e+03
6.284000000000000000e+03
6.285000000000000000e+03
6.286000000000000000e+03
6.287000000000000000e+03
6.288000000000000000e+03
6.289000000000000000e+03
6.290000000000000000e+03
6.291000000000000000e+03
6.292000000000000000e+03
6.293000000000000000e+03
6.294000000000000000e+03
6.295000000000000000e+03
6.296000000000000000e+03
6.297000000000000000e+03
6.298000000000000000e+03
6.299000000000000000e+03
6.300000000000000000e+03
6.301000000000000000e+03
6.302000000000000000e+03
6.303000000000000000e+03
6.304000000000000000e+03
6.305000000000000000e+03
6.306000000000000000e+03
6.307000000000000000e+03
6.308000000000000000e+03
6.310000000000000000e+03
6.311000000000000000e+03
6.312000000000000000e+03
6.316000000000000000e+03
6.327000000000000000e+03
6.329000000000000000e+03
6.978000000000000000e+03
6.982000000000000000e+03
6.986000000000000000e+03
6.990000000000000000e+03
6.994000000000000000e+03
7.753000000000000000e+03
7.764000000000000000e+03
7.765000000000000000e+03
7.766000000000000000e+03
7.767000000000000000e+03
7.769000000000000000e+03
7.770000000000000000e+03
8.789000000000000000e+03
8.793000000000000000e+03
8.796000000000000000e+03
