5.040000000000000000e+03
5.041000000000000000e+03
5.042000000000000000e+03
5.044000000000000000e+03
5.045000000000000000e+03
5.052000000000000000e+03
5.056000000000000000e+03
5.060000000000000000e+03
5.064000000000000000e+03
5.072000000000000000e+03
5.073000000000000000e+03
7.401000000000000000e+03
8.140000000000000000e+03
1.644600000000000000e+04
1.644800000000000000e+04
1.645000000000000000e+04
1.845800000000000000e+04
1.845900000000000000e+04
1.846000000000000000e+04
1.846100000000000000e+04
1.846200000000000000e+04
1.846400000000000000e+04
1.952200000000000000e+04
1.952800000000000000e+04
1.953200000000000000e+04
2.012300000000000000e+04
2.018400000000000000e+04
2.080300000000000000e+04
2.080500000000000000e+04
2.139200000000000000e+04
2.139600000000000000e+04
2.140800000000000000e+04
2.140900000000000000e+04
2.141000000000000000e+04
2.141100000000000000e+04
2.141200000000000000e+04
2.141300000000000000e+04
2.434400000000000000e+04
2.434500000000000000e+04
2.435600000000000000e+04
2.435700000000000000e+04
2.587400000000000000e+04
2.788700000000000000e+04
