2.820000000000000000e+03
2.821000000000000000e+03
2.822000000000000000e+03
3.903000000000000000e+03
4.983000000000000000e+03
4.984000000000000000e+03
4.985000000000000000e+03
5.306000000000000000e+03
5.307000000000000000e+03
5.309000000000000000e+03
5.310000000000000000e+03
5.311000000000000000e+03
5.312000000000000000e+03
5.313000000000000000e+03
5.314000000000000000e+03
5.315000000000000000e+03
5.316000000000000000e+03
5.317000000000000000e+03
5.318000000000000000e+03
5.319000000000000000e+03
5.320000000000000000e+03
5.321000000000000000e+03
5.322000000000000000e+03
5.323000000000000000e+03
5.324000000000000000e+03
5.325000000000000000e+03
5.326000000000000000e+03
5.327000000000000000e+03
5.328000000000000000e+03
5.329000000000000000e+03
5.330000000000000000e+03
5.331000000000000000e+03
5.332000000000000000e+03
5.333000000000000000e+03
5.334000000000000000e+03
5.335000000000000000e+03
5.336000000000000000e+03
5.337000000000000000e+03
5.338000000000000000e+03
5.339000000000000000e+03
5.340000000000000000e+03
5.341000000000000000e+03
5.342000000000000000e+03
5.343000000000000000e+03
5.344000000000000000e+03
5.345000000000000000e+03
5.346000000000000000e+03
5.347000000000000000e+03
5.348000000000000000e+03
5.349000000000000000e+03
5.350000000000000000e+03
5.351000000000000000e+03
5.352000000000000000e+03
5.353000000000000000e+03
5.354000000000000000e+03
5.355000000000000000e+03
5.356000000000000000e+03
5.357000000000000000e+03
5.358000000000000000e+03
5.359000000000000000e+03
5.360000000000000000e+03
5.361000000000000000e+03
5.362000000000000000e+03
5.363000000000000000e+03
5.364000000000000000e+03
5.365000000000000000e+03
5.366000000000000000e+03
5.367000000000000000e+03
5.368000000000000000e+03
5.369000000000000000e+03
5.370000000000000000e+03
5.371000000000000000e+03
5.372000000000000000e+03
5.373000000000000000e+03
5.374000000000000000e+03
5.375000000000000000e+03
5.376000000000000000e+03
5.377000000000000000e+03
5.378000000000000000e+03
5.379000000000000000e+03
5.380000000000000000e+03
5.381000000000000000e+03
5.382000000000000000e+03
5.383000000000000000e+03
5.384000000000000000e+03
5.385000000000000000e+03
5.386000000000000000e+03
5.387000000000000000e+03
5.388000000000000000e+03
5.389000000000000000e+03
5.390000000000000000e+03
5.391000000000000000e+03
5.392000000000000000e+03
5.393000000000000000e+03
5.394000000000000000e+03
5.395000000000000000e+03
5.396000000000000000e+03
5.397000000000000000e+03
5.398000000000000000e+03
5.399000000000000000e+03
5.400000000000000000e+03
5.401000000000000000e+03
5.402000000000000000e+03
5.403000000000000000e+03
5.404000000000000000e+03
5.405000000000000000e+03
5.406000000000000000e+03
5.407000000000000000e+03
5.408000000000000000e+03
5.409000000000000000e+03
5.410000000000000000e+03
5.411000000000000000e+03
5.412000000000000000e+03
5.413000000000000000e+03
5.414000000000000000e+03
5.415000000000000000e+03
5.416000000000000000e+03
5.417000000000000000e+03
5.418000000000000000e+03
5.419000000000000000e+03
5.420000000000000000e+03
5.421000000000000000e+03
5.422000000000000000e+03
5.423000000000000000e+03
5.424000000000000000e+03
5.425000000000000000e+03
5.426000000000000000e+03
5.427000000000000000e+03
5.428000000000000000e+03
5.429000000000000000e+03
5.430000000000000000e+03
5.431000000000000000e+03
5.432000000000000000e+03
5.433000000000000000e+03
5.434000000000000000e+03
5.435000000000000000e+03
5.436000000000000000e+03
5.437000000000000000e+03
5.438000000000000000e+03
5.439000000000000000e+03
5.440000000000000000e+03
5.441000000000000000e+03
5.442000000000000000e+03
5.443000000000000000e+03
5.444000000000000000e+03
5.445000000000000000e+03
5.446000000000000000e+03
5.447000000000000000e+03
5.448000000000000000e+03
5.449000000000000000e+03
5.450000000000000000e+03
5.451000000000000000e+03
5.452000000000000000e+03
5.453000000000000000e+03
5.454000000000000000e+03
5.455000000000000000e+03
5.456000000000000000e+03
5.457000000000000000e+03
5.458000000000000000e+03
5.459000000000000000e+03
5.460000000000000000e+03
5.461000000000000000e+03
5.462000000000000000e+03
5.464000000000000000e+03
6.064000000000000000e+03
7.129000000000000000e+03
7.140000000000000000e+03
7.141000000000000000e+03
7.142000000000000000e+03
