8.772100000000000000e+04
8.772200000000000000e+04
8.772300000000000000e+04
8.772500000000000000e+04
8.772600000000000000e+04
8.772700000000000000e+04
8.772900000000000000e+04
9.079500000000000000e+04
9.079800000000000000e+04
9.079900000000000000e+04
9.080200000000000000e+04
1.063320000000000000e+05
1.063330000000000000e+05
1.063340000000000000e+05
1.063350000000000000e+05
1.063360000000000000e+05
1.063370000000000000e+05
1.063380000000000000e+05
1.063390000000000000e+05
1.063400000000000000e+05
1.063410000000000000e+05
1.065530000000000000e+05
1.065540000000000000e+05
1.065550000000000000e+05
1.065560000000000000e+05
1.065570000000000000e+05
1.065580000000000000e+05
1.065590000000000000e+05
1.065600000000000000e+05
1.065610000000000000e+05
1.065620000000000000e+05
1.065630000000000000e+05
1.065640000000000000e+05
1.065650000000000000e+05
1.065660000000000000e+05
1.065670000000000000e+05
1.065680000000000000e+05
1.065690000000000000e+05
1.065700000000000000e+05
1.065710000000000000e+05
1.065720000000000000e+05
1.065730000000000000e+05
1.065740000000000000e+05
1.065750000000000000e+05
1.065760000000000000e+05
1.065770000000000000e+05
1.065780000000000000e+05
1.065790000000000000e+05
1.065800000000000000e+05
1.065810000000000000e+05
1.065820000000000000e+05
1.065830000000000000e+05
1.065840000000000000e+05
1.065850000000000000e+05
1.065860000000000000e+05
1.065870000000000000e+05
1.065880000000000000e+05
1.065890000000000000e+05
1.065900000000000000e+05
1.065910000000000000e+05
1.065920000000000000e+05
1.065930000000000000e+05
1.065940000000000000e+05
1.065950000000000000e+05
1.065960000000000000e+05
1.065970000000000000e+05
1.065990000000000000e+05
1.066010000000000000e+05
1.068000000000000000e+05
1.068010000000000000e+05
1.068020000000000000e+05
1.068030000000000000e+05
1.068040000000000000e+05
1.068050000000000000e+05
1.068060000000000000e+05
1.068070000000000000e+05
1.068080000000000000e+05
1.068090000000000000e+05
1.068100000000000000e+05
1.068110000000000000e+05
1.068120000000000000e+05
1.068130000000000000e+05
1.068140000000000000e+05
1.068150000000000000e+05
1.068160000000000000e+05
1.068170000000000000e+05
1.068180000000000000e+05
1.068190000000000000e+05
1.068200000000000000e+05
1.068210000000000000e+05
1.068220000000000000e+05
1.068230000000000000e+05
1.068240000000000000e+05
1.068250000000000000e+05
1.068260000000000000e+05
1.068270000000000000e+05
1.068280000000000000e+05
1.068290000000000000e+05
1.068300000000000000e+05
1.068310000000000000e+05
1.068320000000000000e+05
1.068330000000000000e+05
1.068340000000000000e+05
1.068350000000000000e+05
1.068360000000000000e+05
1.068370000000000000e+05
1.068380000000000000e+05
1.068390000000000000e+05
1.068400000000000000e+05
1.068410000000000000e+05
1.068420000000000000e+05
1.068430000000000000e+05
1.068440000000000000e+05
1.068450000000000000e+05
1.068460000000000000e+05
1.068470000000000000e+05
1.068480000000000000e+05
1.068490000000000000e+05
1.068500000000000000e+05
1.068510000000000000e+05
1.068520000000000000e+05
1.068530000000000000e+05
